0.000000000000000000e+00 0.000000000000000000e+00
1.000000000000000021e-02 2.816976013891953623e-01
2.000000000000000042e-02 5.567076981371208433e-01
2.999999999999999889e-02 8.252168693962255164e-01
4.000000000000000083e-02 1.087404846755286147e+00
5.000000000000000278e-02 1.343444841007814583e+00
5.999999999999999778e-02 1.593503850060264293e+00
7.000000000000000666e-02 1.837742949222254785e+00
8.000000000000000167e-02 2.076317565029756285e+00
8.999999999999999667e-02 2.309377733667999255e+00
1.000000000000000056e-01 2.537068344983968604e+00
1.100000000000000006e-01 2.759529373007186592e+00
1.199999999999999956e-01 2.976896093832343215e+00
1.300000000000000044e-01 3.189299291657222479e+00
1.400000000000000133e-01 3.396865453713851846e+00
1.499999999999999944e-01 3.599716954779757838e+00
1.600000000000000033e-01 3.797972231909080065e+00
1.700000000000000122e-01 3.991745949979474517e+00
1.799999999999999933e-01 4.181149158610697469e+00
1.900000000000000022e-01 4.366289440973240232e+00
2.000000000000000111e-01 4.547271054970977389e+00
2.099999999999999922e-01 4.724195067249715052e+00
2.200000000000000011e-01 4.897159480453911584e+00
2.300000000000000100e-01 5.066259354126264824e+00
2.399999999999999911e-01 5.231586919619354958e+00
2.500000000000000000e-01 5.393231689364751169e+00
2.600000000000000089e-01 5.551280560822910104e+00
2.700000000000000178e-01 5.705817915416745656e+00
2.800000000000000266e-01 5.856925712732546252e+00
2.899999999999999800e-01 6.004683580254223330e+00
2.999999999999999889e-01 6.149168898880205347e+00
3.099999999999999978e-01 6.290456884456940401e+00
3.200000000000000067e-01 6.428620665548528734e+00
3.300000000000000155e-01 6.563731357648523002e+00
3.400000000000000244e-01 6.695858134027427688e+00
3.500000000000000333e-01 6.825068293397765551e+00
3.599999999999999867e-01 6.951427324567454491e+00
3.699999999999999956e-01 7.074998968242217856e+00
3.800000000000000044e-01 7.195845276127999846e+00
3.900000000000000133e-01 7.314026667475543420e+00
4.000000000000000222e-01 7.429601983200709192e+00
4.100000000000000311e-01 7.542628537706591807e+00
4.199999999999999845e-01 7.653162168525711628e+00
4.299999999999999933e-01 7.761257283894093639e+00
4.400000000000000022e-01 7.866966908362252653e+00
4.500000000000000111e-01 7.970342726542277489e+00
4.600000000000000200e-01 8.071435125084430950e+00
4.700000000000000289e-01 8.170293232971339137e+00
4.799999999999999822e-01 8.266964960212906277e+00
4.899999999999999911e-01 8.361497035020397206e+00
5.000000000000000000e-01 8.453935039533632789e+00
5.100000000000000089e-01 8.544323444171217474e+00
5.200000000000000178e-01 8.632705640669827929e+00
5.300000000000000266e-01 8.719123973874808087e+00
5.400000000000000355e-01 8.803619772340999461e+00
5.500000000000000444e-01 8.886233377799587885e+00
5.600000000000000533e-01 8.967004173543450918e+00
5.700000000000000622e-01 9.045970611780861148e+00
5.799999999999999600e-01 9.123170240004700560e+00
5.899999999999999689e-01 9.198639726421653506e+00
5.999999999999999778e-01 9.272414884483684006e+00
6.099999999999999867e-01 9.344530696561587746e+00
6.199999999999999956e-01 9.415021336798698570e+00
6.300000000000000044e-01 9.483920193180358282e+00
6.400000000000000133e-01 9.551259888853373070e+00
6.500000000000000222e-01 9.617072302727457611e+00
6.600000000000000311e-01 9.681388589389406718e+00
6.700000000000000400e-01 9.744239198358913612e+00
6.800000000000000488e-01 9.805653892713555919e+00
6.900000000000000577e-01 9.865661767109088487e+00
7.000000000000000666e-01 9.924291265219892466e+00
7.099999999999999645e-01 9.981570196623039237e+00
7.199999999999999734e-01 1.003752575314858397e+01
7.299999999999999822e-01 1.009218452471713334e+01
7.399999999999999911e-01 1.014557251468520249e+01
7.500000000000000000e-01 1.019771515471738610e+01
7.600000000000000089e-01 1.024863731920395971e+01
7.700000000000000178e-01 1.029836333924112068e+01
7.800000000000000266e-01 1.034691701619068738e+01
7.900000000000000355e-01 1.039432163483503935e+01
8.000000000000000444e-01 1.044059997614242974e+01
8.100000000000000533e-01 1.048577432965702450e+01
8.200000000000000622e-01 1.052986650552755599e+01
8.300000000000000711e-01 1.057289784618751582e+01
8.399999999999999689e-01 1.061488923769960024e+01
8.499999999999999778e-01 1.065586112077624215e+01
8.599999999999999867e-01 1.069583350148769263e+01
8.699999999999999956e-01 1.073482596166867786e+01
8.800000000000000044e-01 1.077285766903385067e+01
8.900000000000000133e-01 1.080994738701230595e+01
9.000000000000000222e-01 1.084611348431049471e+01
9.100000000000000311e-01 1.088137394421283943e+01
9.200000000000000400e-01 1.091574637362875144e+01
9.300000000000000488e-01 1.094924801189446839e+01
9.400000000000000577e-01 1.098189573933775876e+01
9.500000000000000666e-01 1.101370608561323294e+01
9.599999999999999645e-01 1.104469523781567197e+01
9.699999999999999734e-01 1.107487904837844361e+01
9.799999999999999822e-01 1.110427304276386984e+01
9.899999999999999911e-01 1.113289242695208614e+01
1.000000000000000000e+00 1.116075209473469343e+01
1.010000000000000009e+00 1.118786663481925814e+01
1.020000000000000018e+00 1.121425033775044255e+01
1.030000000000000027e+00 1.123991720265345329e+01
1.040000000000000036e+00 1.126488094380505345e+01
1.050000000000000044e+00 1.128915499703748893e+01
1.060000000000000053e+00 1.131275252598015335e+01
1.070000000000000062e+00 1.133568642814396377e+01
1.080000000000000071e+00 1.135796934085289500e+01
1.090000000000000080e+00 1.137961364702733214e+01
1.100000000000000089e+00 1.140063148082341904e+01
1.110000000000000098e+00 1.142103473313255790e+01
1.120000000000000107e+00 1.144083505694515779e+01
1.130000000000000115e+00 1.146004387258241231e+01
1.140000000000000124e+00 1.147867237279984742e+01
1.150000000000000133e+00 1.149673152776632179e+01
1.159999999999999920e+00 1.151423208992188130e+01
1.169999999999999929e+00 1.153118459871783941e+01
1.179999999999999938e+00 1.154759938524242280e+01
1.189999999999999947e+00 1.156348657673503411e+01
1.199999999999999956e+00 1.157885610099217111e+01
1.209999999999999964e+00 1.159371769066810742e+01
1.219999999999999973e+00 1.160808088747289979e+01
1.229999999999999982e+00 1.162195504627081277e+01
1.239999999999999991e+00 1.163534933908154123e+01
1.250000000000000000e+00 1.164827275898698566e+01
1.260000000000000009e+00 1.166073412394606379e+01
1.270000000000000018e+00 1.167274208051993512e+01
1.280000000000000027e+00 1.168430510751001705e+01
1.290000000000000036e+00 1.169543151951111781e+01
1.300000000000000044e+00 1.170612947038179463e+01
1.310000000000000053e+00 1.171640695663422704e+01
1.320000000000000062e+00 1.172627182074552188e+01
1.330000000000000071e+00 1.173573175439261895e+01
1.340000000000000080e+00 1.174479430161266258e+01
1.350000000000000089e+00 1.175346686189076628e+01
1.360000000000000098e+00 1.176175669317702877e+01
1.370000000000000107e+00 1.176967091483458816e+01
1.380000000000000115e+00 1.177721651052042695e+01
1.390000000000000124e+00 1.178440033100067552e+01
1.400000000000000133e+00 1.179122909690202015e+01
1.409999999999999920e+00 1.179770940140078039e+01
1.419999999999999929e+00 1.180384771285129375e+01
1.429999999999999938e+00 1.180965037735503032e+01
1.439999999999999947e+00 1.181512362127194926e+01
1.449999999999999956e+00 1.182027355367550925e+01
1.459999999999999964e+00 1.182510616875270415e+01
1.469999999999999973e+00 1.182962734815052386e+01
1.479999999999999982e+00 1.183384286327006585e+01
1.489999999999999991e+00 1.183775837750965998e+01
1.500000000000000000e+00 1.184137944845815937e+01
1.510000000000000009e+00 1.184471153003970656e+01
1.520000000000000018e+00 1.184775997461107266e+01
1.530000000000000027e+00 1.185053003501266033e+01
1.540000000000000036e+00 1.185302686657452043e+01
1.550000000000000044e+00 1.185525552907812497e+01
1.560000000000000053e+00 1.185722098867524466e+01
1.570000000000000062e+00 1.185892811976476935e+01
1.580000000000000071e+00 1.186038170682858173e+01
1.590000000000000080e+00 1.186158644622742386e+01
1.600000000000000089e+00 1.186254694795765019e+01
1.610000000000000098e+00 1.186326773736986695e+01
1.620000000000000107e+00 1.186375325685034987e+01
1.630000000000000115e+00 1.186400786746604652e+01
1.640000000000000124e+00 1.186403585057412968e+01
1.650000000000000133e+00 1.186384140939676790e+01
1.660000000000000142e+00 1.186342867056216122e+01
1.669999999999999929e+00 1.186280168561237502e+01
1.679999999999999938e+00 1.186196443247894194e+01
1.689999999999999947e+00 1.186092081692684985e+01
1.699999999999999956e+00 1.185967467396777586e+01
1.709999999999999964e+00 1.185822976924308847e+01
1.719999999999999973e+00 1.185658980037757360e+01
1.729999999999999982e+00 1.185475839830427880e+01
1.739999999999999991e+00 1.185273912856140832e+01
1.750000000000000000e+00 1.185053549256164906e+01
1.760000000000000009e+00 1.184815092883481924e+01
1.770000000000000018e+00 1.184558881424422339e+01
1.780000000000000027e+00 1.184285246517744028e+01
1.790000000000000036e+00 1.183994513871214593e+01
1.800000000000000044e+00 1.183687003375739799e+01
1.810000000000000053e+00 1.183363029217110984e+01
1.820000000000000062e+00 1.183022899985415322e+01
1.830000000000000071e+00 1.182666918782159016e+01
1.840000000000000080e+00 1.182295383325169880e+01
1.850000000000000089e+00 1.181908586051308774e+01
1.860000000000000098e+00 1.181506814217056345e+01
1.870000000000000107e+00 1.181090349997016098e+01
1.880000000000000115e+00 1.180659470580375192e+01
1.890000000000000124e+00 1.180214448265383531e+01
1.900000000000000133e+00 1.179755550551873355e+01
1.910000000000000142e+00 1.179283040231888613e+01
1.919999999999999929e+00 1.178797175478443116e+01
1.929999999999999938e+00 1.178298209932465390e+01
1.939999999999999947e+00 1.177786392787959535e+01
1.949999999999999956e+00 1.177261968875431464e+01
1.959999999999999964e+00 1.176725178743607358e+01
1.969999999999999973e+00 1.176176258739493541e+01
1.979999999999999982e+00 1.175615441086804225e+01
1.989999999999999991e+00 1.175042953962805647e+01
2.000000000000000000e+00 1.174459021573591500e+01
2.010000000000000231e+00 1.173863864227848453e+01
2.020000000000000018e+00 1.173257698409124217e+01
2.030000000000000249e+00 1.172640736846641296e+01
2.040000000000000036e+00 1.172013188584688237e+01
2.049999999999999822e+00 1.171375259050612527e+01
2.060000000000000053e+00 1.170727150121454052e+01
2.069999999999999840e+00 1.170069060189243970e+01
2.080000000000000071e+00 1.169401184224993528e+01
2.089999999999999858e+00 1.168723713841414735e+01
2.100000000000000089e+00 1.168036837354384083e+01
2.109999999999999876e+00 1.167340739843190356e+01
2.120000000000000107e+00 1.166635603209576999e+01
2.129999999999999893e+00 1.165921606235627905e+01
2.140000000000000124e+00 1.165198924640493772e+01
2.149999999999999911e+00 1.164467731136009654e+01
2.160000000000000142e+00 1.163728195481206384e+01
2.169999999999999929e+00 1.162980484535755110e+01
2.180000000000000160e+00 1.162224762312359516e+01
2.189999999999999947e+00 1.161461190028118473e+01
2.200000000000000178e+00 1.160689926154883800e+01
2.209999999999999964e+00 1.159911126468633213e+01
2.220000000000000195e+00 1.159124944097881205e+01
2.229999999999999982e+00 1.158331529571139740e+01
2.240000000000000213e+00 1.157531030863464139e+01
2.250000000000000000e+00 1.156723593442088749e+01
2.260000000000000231e+00 1.155909360311176748e+01
2.270000000000000018e+00 1.155088472055711080e+01
2.280000000000000249e+00 1.154261066884524212e+01
2.290000000000000036e+00 1.153427280020216905e+01
2.300000000000000266e+00 1.152587246329851745e+01
2.310000000000000053e+00 1.151741096510909124e+01
2.319999999999999840e+00 1.150888959681643442e+01
2.330000000000000071e+00 1.150030962787229427e+01
2.339999999999999858e+00 1.149167230638068560e+01
2.350000000000000089e+00 1.148297885947360619e+01
2.359999999999999876e+00 1.147423049367967351e+01
2.370000000000000107e+00 1.146542839528557423e+01
2.379999999999999893e+00 1.145657373069082219e+01
2.390000000000000124e+00 1.144766764675565618e+01
2.399999999999999911e+00 1.143871127114238639e+01
2.410000000000000142e+00 1.142970571265028745e+01
2.419999999999999929e+00 1.142065206154412671e+01
2.430000000000000160e+00 1.141155138987655526e+01
2.439999999999999947e+00 1.140240475180437940e+01
2.450000000000000178e+00 1.139321318389887061e+01
2.459999999999999964e+00 1.138397770545032550e+01
2.470000000000000195e+00 1.137469931876682239e+01
2.479999999999999982e+00 1.136537900946746760e+01
2.490000000000000213e+00 1.135601774677011022e+01
2.500000000000000000e+00 1.134661648377371712e+01
