0.001 3671.83910094
0.002 6907.31052044
0.003 9753.79648131
0.004 12232.3479826
0.005 14374.9086633
0.006 16215.8840013
0.007 17787.960613
0.008 19120.4111347
0.009 20238.5960172
0.01 21164.0544517
0.011 21914.9063399
0.012 22506.4320208
0.013 22951.7531566
0.014 23262.552375
0.015 23449.7652897
0.016 23524.1726232
0.017 23496.8242454
0.018 23379.2473781
0.019 23183.4267729
0.02 22921.5864918
0.021 22605.8382141
0.022 22247.7788881
0.023 21858.1170617
0.024 21446.3863591
0.025 21020.7754351
0.026 20588.0759565
0.027 20153.7301842
0.028 19721.9496994
0.029 19295.8754054
0.03 18877.7531403
0.031 18469.1059762
0.032 18070.8912281
0.033 17683.6360578
0.034 17307.5498379
0.035 16942.6141926
0.036 16588.6531423
0.037 16245.3864047
0.038 15912.4689739
0.039 15589.5198483
0.04 15276.1423847
0.041 14971.9383264
0.042 14676.5171377
0.043 14389.5019235
0.044 14110.5329042
0.045 13839.2691795
0.046 13575.3893199
0.047 13318.5911807
0.048 13068.591221
0.049 12825.1235273
0.05 12587.9386821
0.051 12356.8025709
0.052 12131.4951901
0.053 11911.8094972
0.054 11697.5503248
0.055 11488.5333737
0.056 11284.5842878
0.057 11085.5378131
0.058 10891.2370373
0.059 10701.5327046
0.06 10516.2826013
0.061 10335.3510052
0.062 10158.6081923
0.063 9985.92999647
0.064 9817.19741422
0.065 9652.29625111
0.066 9491.1168044
0.067 9333.55357775
0.068 9179.5050242
0.069 9028.87331409
0.07 8881.56412488
0.071 8737.48645032
0.072 8596.55242661
0.073 8458.67717361
0.074 8323.77864921
0.075 8191.77751548
0.076 8062.59701519
0.077 7936.16285751
0.078 7812.40311189
0.079 7691.2481093
0.08 7572.63034996
0.081 7456.48441693
0.082 7342.74689502
0.083 7231.3562944
0.084 7122.25297856
0.085 7015.37909618
0.086 6910.67851659
0.087 6808.09676843
0.088 6707.58098142
0.089 6609.07983081
0.09 6512.54348437
0.091 6417.92355186
0.092 6325.17303657
0.093 6234.24628897
0.094 6145.09896231
0.095 6057.68796998
0.096 5971.97144458
0.097 5887.90869856
0.098 5805.46018643
0.099 5724.58746831
0.1 5645.25317492
0.101 5567.42097382
0.102 5491.05553681
0.103 5416.12250864
0.104 5342.58847669
0.105 5270.42094181
0.106 5199.58829011
0.107 5130.05976577
0.108 5061.80544478
0.109 4994.79620953
0.11 4929.00372433
0.111 4864.4004117
0.112 4800.95942948
0.113 4738.65464868
0.114 4677.46063212
0.115 4617.35261368
0.116 4558.30647835
0.117 4500.29874285
0.118 4443.30653689
0.119 4387.30758509
0.12 4332.28018944
0.121 4278.20321235
0.122 4225.05606024
0.123 4172.81866765
0.124 4121.47148188
0.125 4070.99544812
0.126 4021.371995
0.127 3972.5830207
0.128 3924.61087942
0.129 3877.43836829
0.13 3831.04871474
0.131 3785.4255642
0.132 3740.55296826
0.133 3696.41537313
0.134 3652.9976085
0.135 3610.28487679
0.136 3568.2627426
0.137 3526.91712265
0.138 3486.2342759
0.139 3446.2007941
0.14 3406.80359248
0.141 3368.02990087
0.142 3329.86725499
0.143 3292.30348808
0.144 3255.32672275
0.145 3218.92536304
0.146 3183.08808682
0.147 3147.8038383
0.148 3113.0618209
0.149 3078.85149018
0.15 3045.16254715
0.151 3011.98493163
0.152 2979.3088159
0.153 2947.12459851
0.154 2915.42289828
0.155 2884.19454849
0.156 2853.43059119
0.157 2823.12227175
0.158 2793.2610335
0.159 2763.8385126
0.16 2734.84653301
0.161 2706.27710161
0.162 2678.12240346
0.163 2650.37479724
0.164 2623.02681077
0.165 2596.07113669
0.166 2569.50062823
0.167 2543.30829516
0.168 2517.4872998
0.169 2492.03095316
0.17 2466.9327112
0.171 2442.1861712
0.172 2417.78506822
0.173 2393.72327165
0.174 2369.99478188
0.175 2346.59372706
0.176 2323.51435992
0.177 2300.75105473
0.178 2278.2983043
0.179 2256.15071708
0.18 2234.30301435
0.181 2212.75002747
0.182 2191.48669522
0.183 2170.50806119
0.184 2149.80927126
0.185 2129.38557118
0.186 2109.23230413
0.187 2089.34490843
0.188 2069.71891527
0.189 2050.3499465
0.19 2031.23371252
0.191 2012.36601015
0.192 1993.74272065
0.193 1975.35980771
0.194 1957.21331555
0.195 1939.29936703
0.196 1921.61416185
0.197 1904.15397475
0.198 1886.9151538
0.199 1869.89411873
0.2 1853.08735927
0.201 1836.49143354
0.202 1820.10296654
0.203 1803.9186486
0.204 1787.93523391
0.205 1772.1495391
0.206 1756.55844182
0.207 1741.15887937
0.208 1725.9478474
0.209 1710.92239858
0.21 1696.07964135
0.211 1681.4167387
0.212 1666.93090693
0.213 1652.61941453
0.214 1638.479581
0.215 1624.50877576
0.216 1610.70441705
0.217 1597.06397085
0.218 1583.58494992
0.219 1570.2649127
0.22 1557.1014624
0.221 1544.092246
0.222 1531.23495334
0.223 1518.52731617
0.224 1505.96710733
0.225 1493.55213979
0.226 1481.28026587
0.227 1469.14937641
0.228 1457.15739992
0.229 1445.30230181
0.23 1433.58208366
0.231 1421.99478239
0.232 1410.53846962
0.233 1399.21125087
0.234 1388.01126491
0.235 1376.93668307
0.236 1365.98570856
0.237 1355.15657583
0.238 1344.44754993
0.239 1333.85692588
0.24 1323.38302809
0.241 1313.02420974
0.242 1302.77885221
0.243 1292.64536452
0.244 1282.62218277
0.245 1272.7077696
0.246 1262.90061366
0.247 1253.19922912
0.248 1243.60215511
0.249 1234.10795529
0.25 1224.71521733
0.251 1215.42255245
0.252 1206.22859495
0.253 1197.13200178
0.254 1188.13145208
0.255 1179.22564677
0.256 1170.4133081
0.257 1161.69317926
0.258 1153.064024
0.259 1144.52462617
0.26 1136.0737894
0.261 1127.71033669
0.262 1119.43311007
0.263 1111.24097018
0.264 1103.132796
0.265 1095.10748444
0.266 1087.16395002
0.267 1079.30112458
0.268 1071.51795688
0.269 1063.81341235
0.27 1056.18647275
0.271 1048.63613589
0.272 1041.16141528
0.273 1033.76133992
0.274 1026.43495396
0.275 1019.18131641
0.276 1011.99950093
0.277 1004.88859551
0.278 997.847702229
0.279 990.875936987
0.28 983.972429276
0.281 977.13632192
0.282 970.366770839
0.283 963.662944811
0.284 957.024025246
0.285 950.449205959
0.286 943.937692949
0.287 937.488704181
0.288 931.101469378
0.289 924.775229809
0.29 918.509238089
0.291 912.302757979
0.292 906.155064188
0.293 900.065442186
0.294 894.033188011
0.295 888.057608092
0.296 882.138019063
0.297 876.273747589
0.298 870.464130192
0.299 864.708513083
0.3 859.006251995
0.301 853.356712018
0.302 847.759267441
0.303 842.213301597
0.304 836.718206706
0.305 831.273383725
0.306 825.878242204
0.307 820.532200136
0.308 815.234683817
0.309 809.985127709
0.31 804.7829743
0.311 799.627673971
0.312 794.518684867
0.313 789.455472762
0.314 784.437510942
0.315 779.46428007
0.316 774.535268074
0.317 769.649970021
0.318 764.807888003
0.319 760.008531021
0.32 755.251414873
0.321 750.536062043
0.322 745.862001589
0.323 741.228769045
0.324 736.635906307
0.325 732.082961536
0.326 727.569489054
0.327 723.095049249
0.328 718.659208473
0.329 714.261538952
0.33 709.901618687
0.331 705.579031367
0.332 701.293366276
0.333 697.044218206
0.334 692.831187366
0.335 688.653879306
0.336 684.51190482
0.337 680.404879878
0.338 676.332425532
0.339 672.294167847
0.34 668.289737817
0.341 664.318771289
0.342 660.380908892
0.343 656.475795959
0.344 652.603082454
0.345 648.762422905
0.346 644.95347633
0.347 641.175906171
0.348 637.429380224
0.349 633.713570573
0.35 630.028153529
0.351 626.372809558
0.352 622.747223226
0.353 619.151083134
0.354 615.584081854
0.355 612.045915875
0.356 608.53628554
0.357 605.054894991
0.358 601.601452111
0.359 598.175668467
0.36 594.77725926
0.361 591.405943263
0.362 588.061442778
0.363 584.743483576
0.364 581.45179485
0.365 578.186109162
0.366 574.946162397
0.367 571.731693712
0.368 568.542445488
0.369 565.378163285
0.37 562.238595794
0.371 559.123494792
0.372 556.032615098
0.373 552.965714528
0.374 549.922553854
0.375 546.902896758
0.376 543.906509794
0.377 540.933162344
0.378 537.982626579
0.379 535.05467742
0.38 532.149092496
0.381 529.26565211
0.382 526.404139196
0.383 523.564339287
0.384 520.746040474
0.385 517.949033373
0.386 515.173111087
0.387 512.418069174
0.388 509.683705611
0.389 506.969820761
0.39 504.276217337
0.391 501.602700375
0.392 498.949077196
0.393 496.315157378
0.394 493.700752723
0.395 491.105677229
0.396 488.529747055
0.397 485.972780497
0.398 483.434597955
0.399 480.915021905
0.4 478.413876871
0.401 475.930989398
0.402 473.466188022
0.403 471.019303248
0.404 468.590167518
0.405 466.178615186
0.406 463.784482495
0.407 461.407607549
0.408 459.047830291
0.409 456.704992474
0.41 454.37893764
0.411 452.069511096
0.412 449.776559888
0.413 447.499932783
0.414 445.239480239
0.415 442.995054392
0.416 440.766509022
0.417 438.553699544
0.418 436.356482977
0.419 434.174717927
0.42 432.008264566
0.421 429.856984612
0.422 427.720741305
0.423 425.599399395
0.424 423.492825113
0.425 421.400886159
0.426 419.32345168
0.427 417.260392252
0.428 415.211579861
0.429 413.176887886
0.43 411.156191079
0.431 409.149365549
0.432 407.156288747
0.433 405.176839443
0.434 403.210897715
0.435 401.258344929
0.436 399.319063722
0.437 397.392937992
0.438 395.479852872
0.439 393.579694725
0.44 391.69235112
0.441 389.817710824
0.442 387.955663779
0.443 386.106101095
0.444 384.268915031
0.445 382.443998983
0.446 380.631247467
0.447 378.830556107
0.448 377.041821623
0.449 375.264941812
0.45 373.499815542
0.451 371.746342733
0.452 370.004424345
0.453 368.273962369
0.454 366.554859811
0.455 364.847020677
0.456 363.150349969
0.457 361.464753665
0.458 359.790138711
0.459 358.126413006
0.46 356.473485397
0.461 354.831265661
0.462 353.199664494
0.463 351.578593506
0.464 349.967965203
0.465 348.367692982
0.466 346.777691114
0.467 345.197874741
0.468 343.628159859
0.469 342.068463311
0.47 340.518702777
0.471 338.978796764
0.472 337.448664596
0.473 335.928226402
0.474 334.41740311
0.475 332.916116436
0.476 331.424288876
0.477 329.941843695
0.478 328.468704916
0.479 327.004797319
0.48 325.550046423
0.481 324.104378483
0.482 322.667720479
0.483 321.24000011
0.484 319.821145783
0.485 318.411086605
0.486 317.009752377
0.487 315.617073584
0.488 314.23298139
0.489 312.857407625
0.49 311.490284782
0.491 310.131546008
0.492 308.781125097
0.493 307.438956481
0.494 306.104975223
0.495 304.779117012
0.496 303.461318153
0.497 302.151515564
0.498 300.849646765
0.499 299.555649871
0.5 298.269463589
0.501 296.991027211
0.502 295.720280601
0.503 294.457164198
0.504 293.201619003
0.505 291.953586574
0.506 290.713009022
0.507 289.479829001
0.508 288.253989708
0.509 287.035434869
0.51 285.82410874
0.511 284.619956098
0.512 283.422922235
0.513 282.232952953
0.514 281.049994559
0.515 279.87399386
0.516 278.704898155
0.517 277.54265523
0.518 276.387213355
0.519 275.238521278
0.52 274.096528218
0.521 272.961183862
0.522 271.832438358
0.523 270.710242312
0.524 269.594546781
0.525 268.48530327
0.526 267.382463726
0.527 266.285980533
0.528 265.195806508
0.529 264.111894898
0.53 263.034199372
0.531 261.962674018
0.532 260.897273338
0.533 259.837952246
0.534 258.78466606
0.535 257.737370502
0.536 256.696021689
0.537 255.660576131
0.538 254.630990728
0.539 253.607222764
0.54 252.589229905
0.541 251.576970192
0.542 250.57040204
0.543 249.569484231
0.544 248.574175915
0.545 247.5844366
0.546 246.600226154
0.547 245.621504797
0.548 244.6482331
0.549 243.680371979
0.55 242.717882694
0.551 241.760726843
0.552 240.808866362
0.553 239.862263516
0.554 238.920880902
0.555 237.98468144
0.556 237.053628373
0.557 236.127685263
0.558 235.206815986
0.559 234.290984734
0.56 233.380156003
0.561 232.474294599
0.562 231.573365629
0.563 230.6773345
0.564 229.786166916
0.565 228.899828874
0.566 228.018286663
0.567 227.141506858
0.568 226.26945632
0.569 225.402102192
0.57 224.539411897
0.571 223.681353132
0.572 222.82789387
0.573 221.979002353
0.574 221.134647093
0.575 220.294796866
0.576 219.459420712
0.577 218.62848793
0.578 217.801968078
0.579 216.979830967
0.58 216.162046663
0.581 215.348585481
0.582 214.539417984
0.583 213.734514979
0.584 212.933847516
0.585 212.137386888
0.586 211.345104621
0.587 210.556972482
0.588 209.772962468
0.589 208.993046808
0.59 208.21719796
0.591 207.445388609
0.592 206.677591663
0.593 205.913780253
0.594 205.153927731
0.595 204.398007666
0.596 203.645993842
0.597 202.897860259
0.598 202.153581127
0.599 201.413130867
