10.0 0.0309979034012 0.0310585822314
11.0 0.0284311806796 0.0285027506596
12.0 0.0261677922287 0.0262473615377
13.0 0.0241592875718 0.0242407761766
14.0 0.0223670889151 0.0224495907614
15.0 0.020760112563 0.0208371610855
16.0 0.01931290844 0.0193911336537
17.0 0.0180044624718 0.0180782890963
18.0 0.0168171653704 0.0168854716351
19.0 0.015736208684 0.0158000457244
20.0 0.0147490497605 0.0148082056482
21.0 0.0138450280428 0.0138992265219
22.0 0.0130149845484 0.0130653585404
23.0 0.0122510226541 0.0122979533819
24.0 0.0115462966668 0.0115905352033
25.0 0.0108948452458 0.0109375697978
26.0 0.0102914699696 0.0103325358546
27.0 0.00973161979573 0.00977138843567
28.0 0.00921127882764 0.00925100100103
29.0 0.00872690086394 0.00876569729655
30.0 0.00827532842735 0.00831662081002
31.0 0.00785375418371 0.00789422009249
32.0 0.0074596683377 0.00750145839988
33.0 0.00709082307537 0.00713332252152
34.0 0.00674519176995 0.00678913494947
35.0 0.00642094989808 0.0064665837933
36.0 0.00611645026562 0.00616367218748
37.0 0.00583020091496 0.0058792340496
38.0 0.00556084750522 0.00561154831289
39.0 0.00530715907892 0.00535975907038
40.0 0.00506801396422 0.00512227128615
41.0 0.00484238982188 0.00489815204048
42.0 0.0046293535376 0.00468680410194
43.0 0.004428048829 0.00448672416273
44.0 0.00423769066488 0.00429764882418
45.0 0.00405755815312 0.00411865695307
46.0 0.0038869880704 0.00394899922447
47.0 0.00372537177505 0.00378823011793
48.0 0.00357214742426 0.00363565090023
49.0 0.00342679654309 0.00349073094453
50.0 0.00328883925684 0.00335305726155
51.0 0.00315783174585 0.00322203267448
52.0 0.00303336222632 0.00309736976121
53.0 0.00291504779567 0.00297874848438
54.0 0.00280253192206 0.00286566196421
55.0 0.00269548228032 0.00275775771291
56.0 0.00259358942809 0.00265483070993
57.0 0.00249656627896 0.0025566300094
58.0 0.00240414274881 0.00246263311058
59.0 0.00231607310231 0.00237319152646
60.0 0.00223212512517 0.00228748210156
61.0 0.00215208394421 0.00220502167804
62.0 0.00207575122054 0.0021265352567
63.0 0.0020029422402 0.0020512332336
64.0 0.00193348432534 0.00197911300226
65.0 0.00186721785178 0.00190985752695
66.0 0.0018039938322 0.00184351664655
67.0 0.00174367411252 0.00177981521023
68.0 0.00168613271969 0.00171861765999
69.0 0.00163125419932 0.0016598617134
70.0 0.00157893452628 0.00160342341601
71.0 0.00152908003825 0.00154907412487
72.0 0.0014816073724 0.00149681406402
73.0 0.00143644272926 0.00144655814878
74.0 0.00139352118181 0.0013981371361
75.0 0.001352786004 0.00135149396236
76.0 0.00131418812156 0.00130664886105
77.0 0.00127768573824 0.00126333862284
78.0 0.00124324257879 0.00122162742485
79.0 0.00121082794095 0.00118136730888
80.0 0.00118041453496 0.00114253213494
81.0 0.00115197668253 0.00110501357279
82.0 0.00112548820487 0.0010688250043
83.0 0.0011009185895 0.00103382960193
84.0 0.00107823046257 0.00100003118395
85.0 0.00105737609986 0.000967413560787
86.0 0.00103829373156 0.000935845717761
87.0 0.00102090457698 0.000905317487218
88.0 0.0010051117105 0.000875778073605
89.0 0.00099079553424 0.00084725230516
90.0 0.000977814547066 0.000819617985874
91.0 0.000966004666225 0.000792787267418
92.0 0.000955178379325 0.000766920474757
93.0 0.000945126996749 0.000741838941737
94.0 0.000935621955423 0.000717544294078
95.0 0.000926418879208 0.000694013402416
96.0 0.000917261714738 0.000671213950045
97.0 0.000907888391469 0.000649130890466
98.0 0.000898037186469 0.000627737989997
99.0 0.000887453898 0.000607015507687
100.0 0.000875899355838 0.00058692033636
101.0 0.000863156637463 0.000567452628096
102.0 0.000849037849034 0.000548585187475
103.0 0.000833390257186 0.000530260855441
104.0 0.000816100698553 0.000512510825087
105.0 0.00079709923891 0.000495269071235
106.0 0.000776360682825 0.000478551942597
107.0 0.000753904782749 0.000462314399059
108.0 0.000729794755085 0.000446558782531
109.0 0.000704134289551 0.000431254456413
110.0 0.000677063230445 0.000416394840354
111.0 0.000648752367892 0.000401974093039
112.0 0.00061939718166 0.000387961549409
113.0 0.000589211466677 0.00037437121405
114.0 0.000558420251174 0.000361165029485
115.0 0.000527253308287 0.00034834425636
116.0 0.000495938899867 0.000335905690873
117.0 0.000464698108699 0.000323824189424
118.0 0.000433739804453 0.000312086084068
119.0 0.000403257262549 0.00030070320941
120.0 0.000373425150673 0.000289635248351
121.0 0.000344396910572 0.000278887866696
122.0 0.00031630448153 0.000268457021399
123.0 0.000289257527909 0.00025831948537
124.0 0.000263343733365 0.000248475179669
125.0 0.000238629740614 0.000238911848894
126.0 0.00021516217902 0.00022962221951
127.0 0.000192969207219 0.000220592284034
128.0 0.000172062084476 0.000211830832137
129.0 0.000152437123057 0.000203324542779
130.0 0.000134077478089 0.000195058305786
131.0 0.000116955209213 0.000187036628431
132.0 0.000101033153433 0.000179244613952
133.0 8.6266959946e-05 0.000171679019242
134.0 7.26068529066e-05 0.000164337138683
135.0 5.99993566222e-05 0.000157204223051
136.0 4.83888099018e-05 0.00015027539737
137.0 3.77185841004e-05 0.000143545737139
138.0 2.79321686676e-05 0.000137013314362
139.0 1.89739021763e-05 0.000130662666365
140.0 1.0789514387e-05 0.000124504722856
141.0 3.32656808946e-06 0.000118524458191
142.0 -3.4653746754e-06 0.000112717806129
143.0 -9.63455679748e-06 0.000107086495955
144.0 -1.5227009994e-05 0.00010162394882
145.0 -2.02864910556e-05 9.63237848136e-05
146.0 -2.48544620171e-05 9.11901726793e-05
147.0 -2.89700512033e-05 8.62108136245e-05
148.0 -3.2670086263e-05 8.13775503961e-05
149.0 -3.59891731147e-05 7.66976926802e-05
150.0 -3.89595471309e-05 7.21539161307e-05
151.0 -4.16112393841e-05 6.77570370797e-05
152.0 -4.39720910408e-05 6.34872682572e-05
153.0 -4.60678187656e-05 5.93495247642e-05
154.0 -4.79220977556e-05 5.5338237243e-05
155.0 -4.95566200742e-05 5.14525717255e-05
156.0 -5.0991228727e-05 4.7673246246e-05
157.0 -5.22439627653e-05 4.40126455071e-05
158.0 -5.33311496953e-05 4.04702382716e-05
159.0 -5.42675116191e-05 3.70327483927e-05
160.0 -5.5066224432e-05 3.36997305049e-05
161.0 -5.57390672316e-05 3.04713585878e-05
162.0 -5.62964985374e-05 2.73504181397e-05
163.0 -5.67478548513e-05 2.43259624059e-05
164.0 -5.71014928303e-05 2.14098874997e-05
165.0 -5.73649978298e-05 1.85857819319e-05
166.0 -5.75453545608e-05 1.58594083914e-05
167.0 -5.76491183873e-05 1.32347888407e-05
168.0 -5.76825542541e-05 1.06969885962e-05
169.0 -5.76517469515e-05 8.25153248545e-06
170.0 -5.75626099844e-05 5.90131745675e-06
171.0 -5.7420916935e-05 3.62932639443e-06
172.0 -5.72322679095e-05 1.45042804847e-06
173.0 -5.70020171849e-05 -6.48968472446e-07
174.0 -5.6735247728e-05 -2.67102198946e-06
175.0 -5.64366921231e-05 -4.6208408084e-06
176.0 -5.61107190908e-05 -6.49531458293e-06
177.0 -5.57613238026e-05 -8.30491542246e-06
178.0 -5.53921260104e-05 -1.00419258676e-05
179.0 -5.5006404764e-05 -1.17232646659e-05
180.0 -5.46071066091e-05 -1.33329879919e-05
181.0 -5.41968685929e-05 -1.48932781405e-05
182.0 -5.37780316796e-05 -1.63858037548e-05
183.0 -5.33526389268e-05 -1.78296738517e-05
184.0 -5.2922417642e-05 -1.92129545629e-05
185.0 -5.2488793007e-05 -2.05418793306e-05
186.0 -5.20528635432e-05 -2.18213134348e-05
187.0 -5.16154311551e-05 -2.3055060773e-05
188.0 -5.11770051971e-05 -2.42370258173e-05
189.0 -5.07378700854e-05 -2.53672123159e-05
190.0 -5.02981149221e-05 -2.64462787516e-05
191.0 -4.9857730007e-05 -2.74781872903e-05
192.0 -4.94166400454e-05 -2.84645522114e-05
193.0 -4.89748448882e-05 -2.94032459773e-05
194.0 -4.85323891421e-05 -3.02986045132e-05
195.0 -4.80894982677e-05 -3.1143206602e-05
196.0 -4.76465373634e-05 -3.19471040627e-05
197.0 -4.72040741524e-05 -3.27053718509e-05
198.0 -4.67628264533e-05 -3.34252680877e-05
199.0 -4.63236865081e-05 -3.41008617199e-05
200.0 -4.58876324919e-05 -3.47432066168e-05
201.0 -4.54557330183e-05 -3.53474221381e-05
202.0 -4.50290929873e-05 -3.59185412801e-05
203.0 -4.46088114754e-05 -3.64592178899e-05
204.0 -4.41959486155e-05 -3.6963760062e-05
205.0 -4.37914893025e-05 -3.74454602712e-05
206.0 -4.33963045682e-05 -3.78984532094e-05
207.0 -4.30111140301e-05 -3.83288397477e-05
208.0 -4.26364394944e-05 -3.87280129098e-05
209.0 -4.22725753195e-05 -3.91133905994e-05
210.0 -4.19195395455e-05 -3.94796635268e-05
211.0 -4.15770672799e-05 -3.98247698747e-05
212.0 -4.12445900081e-05 -4.01493642685e-05
213.0 -4.09212694956e-05 -4.04517511913e-05
214.0 -4.06060301155e-05 -4.0739353637e-05
215.0 -4.02976303962e-05 -4.10082303977e-05
216.0 -3.99947328813e-05 -4.12612954465e-05
217.0 -3.96960090352e-05 -4.14883977481e-05
218.0 -3.94002123124e-05 -4.16978223729e-05
219.0 -3.91062334266e-05 -4.18889699543e-05
220.0 -3.88131619747e-05 -4.20642128789e-05
221.0 -3.85202890834e-05 -4.22172947839e-05
222.0 -3.82270899959e-05 -4.23554316762e-05
223.0 -3.79332024402e-05 -4.24747589733e-05
224.0 -3.76383442642e-05 -4.25835645161e-05
225.0 -3.73422764796e-05 -4.26692396823e-05
226.0 -3.70447437271e-05 -4.27408573662e-05
227.0 -3.67454408273e-05 -4.27990818372e-05
228.0 -3.64440061245e-05 -4.28407591675e-05
229.0 -3.61400215525e-05 -4.28644950159e-05
230.0 -3.58330766763e-05 -4.28755798492e-05
231.0 -3.55227834697e-05 -4.28737406851e-05
232.0 -3.52088717155e-05 -4.28536209948e-05
233.0 -3.48912266443e-05 -4.2820492005e-05
234.0 -3.45699422957e-05 -4.27764374076e-05
235.0 -3.42453439136e-05 -4.27121648272e-05
236.0 -3.39179982563e-05 -4.26316384118e-05
237.0 -3.35886888975e-05 -4.25439983381e-05
238.0 -3.32583890683e-05 -4.24452176795e-05
239.0 -3.29281976131e-05 -4.23297395623e-05
240.0 -3.25992862427e-05 -4.22072848423e-05
241.0 -3.22728312297e-05 -4.20737811877e-05
242.0 -3.19499553679e-05 -4.19399252614e-05
243.0 -3.1631676149e-05 -4.17911529755e-05
244.0 -3.13188578818e-05 -4.16448887162e-05
245.0 -3.10121858333e-05 -4.14937899303e-05
246.0 -3.07121411913e-05 -4.13357048661e-05
247.0 -3.04190021148e-05 -4.1177702754e-05
248.0 -3.01328405077e-05 -4.10143963707e-05
249.0 -2.98535505326e-05 -4.08521356831e-05
250.0 -2.95808745925e-05 -4.06890483917e-05
251.0 -2.93144547752e-05 -4.05206934744e-05
252.0 -2.90538634013e-05 -4.03542983389e-05
253.0 -2.87986881025e-05 -4.01849561999e-05
254.0 -2.85485667515e-05 -4.00160249763e-05
255.0 -2.83032410426e-05 -3.98423103606e-05
256.0 -2.80626010774e-05 -3.96699041757e-05
257.0 -2.78267065012e-05 -3.94990682759e-05
258.0 -2.75957919121e-05 -3.93274715872e-05
259.0 -2.73702514993e-05 -3.91575398679e-05
260.0 -2.71505964843e-05 -3.89886528278e-05
261.0 -2.69374217582e-05 -3.88239667375e-05
262.0 -2.67313359089e-05 -3.8659738683e-05
263.0 -2.6532885325e-05 -3.85026019477e-05
264.0 -2.63425163977e-05 -3.83501848605e-05
265.0 -2.61605040878e-05 -3.82036228467e-05
266.0 -2.59869250089e-05 -3.80585649948e-05
267.0 -2.58216306818e-05 -3.79234590143e-05
268.0 -2.56642503641e-05 -3.77891655559e-05
269.0 -2.5514203031e-05 -3.76588614477e-05
270.0 -2.53707289554e-05 -3.75308174175e-05
271.0 -2.52329293733e-05 -3.74081796729e-05
272.0 -2.50998105391e-05 -3.72851480954e-05
273.0 -2.49703311163e-05 -3.71619338409e-05
274.0 -2.48434473683e-05 -3.70348062663e-05
275.0 -2.47181466675e-05 -3.69066107669e-05
276.0 -2.45934809282e-05 -3.6774949261e-05
277.0 -2.44685849044e-05 -3.66394231892e-05
278.0 -2.43426900739e-05 -3.64983410625e-05
279.0 -2.4215130704e-05 -3.63498373092e-05
280.0 -2.40853445406e-05 -3.61954815807e-05
281.0 -2.39528662528e-05 -3.60346835835e-05
282.0 -2.38173257478e-05 -3.58665857062e-05
283.0 -2.36784374709e-05 -3.56918740101e-05
284.0 -2.35359955357e-05 -3.55104635707e-05
285.0 -2.33898639706e-05 -3.53213887312e-05
286.0 -2.32399714279e-05 -3.5126893418e-05
287.0 -2.30863020292e-05 -3.49257454786e-05
288.0 -2.29288860746e-05 -3.47188691071e-05
289.0 -2.27677871893e-05 -3.45076386434e-05
290.0 -2.26030851519e-05 -3.42940609812e-05
291.0 -2.24348508974e-05 -3.407733418e-05
292.0 -2.22631131162e-05 -3.38561248646e-05
293.0 -2.20878096551e-05 -3.36352463367e-05
294.0 -2.19087193988e-05 -3.34141449402e-05
295.0 -2.17253586439e-05 -3.31943887279e-05
296.0 -2.15368172547e-05 -3.29782218753e-05
297.0 -2.13414383345e-05 -3.27667444247e-05
298.0 -2.1136024749e-05 -3.25642140375e-05
299.0 -2.09115086123e-05 -3.2397002536e-05
