10.0 0.0264389615689 0.0264867343063
11.0 0.024236901892 0.0242950212237
12.0 0.0222950849136 0.0223593853467
13.0 0.0205719412587 0.0206394595676
14.0 0.0190344153139 0.0191019435571
15.0 0.0176558124731 0.0177210304098
16.0 0.0164143189053 0.0164772775674
17.0 0.015291902579 0.0153516347713
18.0 0.0142734588473 0.0143289881306
19.0 0.0133462802184 0.0133976734989
20.0 0.0124996160437 0.0125468048014
21.0 0.0117243041168 0.0117679982693
22.0 0.0110124987696 0.0110524698055
23.0 0.0103574221122 0.010394544075
24.0 0.00975319335037 0.00978768658258
25.0 0.00919470835208 0.0092278917482
26.0 0.0086774957204 0.00870894881084
27.0 0.00819765449338 0.00822822934427
28.0 0.00775173540665 0.00778217388987
29.0 0.00733669569337 0.00736681865566
30.0 0.00694982634121 0.00698086183113
31.0 0.00658871790972 0.00661993686007
32.0 0.00625121495246 0.00628340590703
33.0 0.00593538604081 0.00596845561746
34.0 0.00563949171507 0.00567383714071
35.0 0.00536196529013 0.00539767052688
36.0 0.00510139304205 0.00513843522118
37.0 0.00485649283196 0.00489514168454
38.0 0.0046261018025 0.0046661473219
39.0 0.00440916256341 0.00445071422582
40.0 0.00420471188235 0.00424759558176
41.0 0.00401187171552 0.00405602070817
42.0 0.00382983972672 0.00387542169246
43.0 0.00365788147378 0.00370456972587
44.0 0.00349532123208 0.00354307200306
45.0 0.00334153961799 0.00339031318152
46.0 0.00319596740861 0.00324548869071
47.0 0.00305808074945 0.00310811699313
48.0 0.00292739762981 0.00297804137576
49.0 0.00280347193457 0.00285442452185
50.0 0.00268589058602 0.00273706135181
51.0 0.00257427298034 0.00262548497716
52.0 0.00246826435756 0.00251922814939
53.0 0.00236753554579 0.00241824486562
54.0 0.00227177990656 0.00232190232499
55.0 0.00218071203287 0.00223011690824
56.0 0.00209406572198 0.00214261851069
57.0 0.00201159336063 0.00205912113319
58.0 0.00193306406711 0.00197931571281
59.0 0.00185826463164 0.00190317275482
60.0 0.00178699590022 0.00183035632208
61.0 0.00171907325433 0.00176064225919
62.0 0.00165432556448 0.00169393967807
63.0 0.00159259349169 0.00163016767008
64.0 0.00153372855975 0.00156898445738
65.0 0.0014775926633 0.00151037920366
66.0 0.00142405721836 0.00145420294369
67.0 0.00137300291242 0.00140030327782
68.0 0.00132432083326 0.00134859509561
69.0 0.00127791089407 0.00129894812953
70.0 0.0012336825805 0.00125125156226
71.0 0.00119155419369 0.00120540088227
72.0 0.00115145296142 0.00116136341104
73.0 0.00111331360507 0.00111900095805
74.0 0.00107707874287 0.00107823423284
75.0 0.00104269800575 0.00103898504748
76.0 0.00101012668932 0.0010012340537
77.0 0.00097932666567 0.000964852317146
78.0 0.000950264434734 0.000929812770513
79.0 0.000922910673418 0.000896013762885
80.0 0.000897239248199 0.000863458428878
81.0 0.000873225318658 0.000832034371958
82.0 0.000850843029931 0.000801736878983
83.0 0.000830063850178 0.000772481482096
84.0 0.000810852762055 0.000744230198117
85.0 0.000793166800399 0.000716991632024
86.0 0.000776951259135 0.000690654417509
87.0 0.000762137971077 0.00066522295137
88.0 0.000748643378667 0.000640633507651
89.0 0.000736366331588 0.000616884373376
90.0 0.000725187916566 0.000593906895827
91.0 0.000714970807068 0.000571664824163
92.0 0.000705559515872 0.000550200324358
93.0 0.000696781552283 0.000529410521756
94.0 0.000688449297556 0.00050930356678
95.0 0.000680362815973 0.000489853358107
96.0 0.000672313472507 0.00047102153742
97.0 0.000664088860884 0.000452805229376
98.0 0.000655477615423 0.000435180380364
99.0 0.000646275542582 0.000418124583965
100.0 0.000636291626332 0.000401609588568
101.0 0.000625353702375 0.000385624110228
102.0 0.000613313975512 0.000370147811505
103.0 0.000600053686497 0.000355145002651
104.0 0.000585486764835 0.000340619451406
105.0 0.000569562429683 0.0003265387469
106.0 0.000552266199011 0.000312897780517
107.0 0.000533620003534 0.000299675948605
108.0 0.000513680562234 0.000286854701028
109.0 0.000492536928777 0.000274427361758
110.0 0.00047030681935 0.000262370759223
111.0 0.000447132204617 0.000250687681537
112.0 0.00042317420041 0.000239358669606
113.0 0.000398607724019 0.000228381634991
114.0 0.000373615919359 0.000217732975519
115.0 0.000348384808868 0.000207414285764
116.0 0.000323098191404 0.000197410012974
117.0 0.000297933323365 0.00018771359866
118.0 0.000273056844728 0.000178313426703
119.0 0.000248622080231 0.000169205160768
120.0 0.000224766615849 0.000160370400136
121.0 0.000201610758374 0.000151805651466
122.0 0.000179256959453 0.000143504504614
123.0 0.000157789419634 0.000135453225398
124.0 0.000137274621786 0.000127646904146
125.0 0.000117761877954 0.00012007585351
126.0 9.92844920022e-05 0.000112735493119
127.0 8.18609177298e-05 0.0001056201987
128.0 6.54962113749e-05 9.8726096914e-05
129.0 5.0183545843e-05 9.20447549346e-05
130.0 3.5905780079e-05 8.55699976251e-05
131.0 2.26370613917e-05 7.92931693686e-05
132.0 1.03444577557e-05 7.32153090957e-05
133.0 -1.01051730656e-06 6.73230251309e-05
134.0 -1.14704095534e-05 6.16153926985e-05
135.0 -2.1080486944e-05 5.60844666881e-05
136.0 -2.98875091328e-05 5.0723876158e-05
137.0 -3.79387572374e-05 4.55296632027e-05
138.0 -4.52812370277e-05 4.049701202e-05
139.0 -5.19610554456e-05 3.56174601442e-05
140.0 -5.80230231301e-05 3.08952735642e-05
141.0 -6.35103035575e-05 2.63216184151e-05
142.0 -6.84643169056e-05 2.18934080784e-05
143.0 -7.29245767871e-05 1.7608184133e-05
144.0 -7.6928692722e-05 1.34624912965e-05
145.0 -8.0512324845e-05 9.44934771703e-06
146.0 -8.37091749817e-05 5.57227843681e-06
147.0 -8.65510035578e-05 1.82208151168e-06
148.0 -8.9067636968e-05 -1.80510642428e-06
149.0 -9.12869944435e-05 -5.31062769696e-06
150.0 -9.32350772711e-05 -8.70201083722e-06
151.0 -9.49360600959e-05 -1.19764823779e-05
152.0 -9.64122920478e-05 -1.51461404465e-05
153.0 -9.71249585373e-05 -1.73380883565e-05
154.0 -9.82182634753e-05 -2.03068088439e-05
155.0 -9.91431895837e-05 -2.31761403083e-05
156.0 -9.99156027751e-05 -2.59546654849e-05
157.0 -0.000100549922276 -2.86400526494e-05
158.0 -0.000100532173029 -3.04108821543e-05
159.0 -0.000100932080059 -3.29257185481e-05
160.0 -0.000101228812901 -3.53520429804e-05
161.0 -0.00010143178115 -3.7695017657e-05
162.0 -0.000101549349611 -3.9954450672e-05
163.0 -0.000101588972566 -4.21349097152e-05
164.0 -0.000101054903591 -4.34659663073e-05
165.0 -0.000100960097652 -4.54958405126e-05
166.0 -0.000100805416694 -4.74450355225e-05
167.0 -0.000100596099222 -4.93168147978e-05
168.0 -0.000100337125831 -5.11167586208e-05
169.0 -9.95445926406e-05 -5.21208354936e-05
170.0 -9.92014935154e-05 -5.37841969026e-05
171.0 -9.88225778455e-05 -5.5378569828e-05
172.0 -9.84122408513e-05 -5.69056095593e-05
173.0 -9.79746630234e-05 -5.83701617459e-05
174.0 -9.70337656748e-05 -5.9085714701e-05
175.0 -9.65533577789e-05 -6.04379098349e-05
176.0 -9.60565747139e-05 -6.17307888902e-05
177.0 -9.55465042328e-05 -6.29727783632e-05
178.0 -9.50259289945e-05 -6.41595920021e-05
179.0 -9.44973539041e-05 -6.52998246085e-05
180.0 -9.34886261933e-05 -6.57391443977e-05
181.0 -9.2950043966e-05 -6.67922419667e-05
182.0 -9.24094062734e-05 -6.77951384028e-05
183.0 -9.18682450622e-05 -6.87598387207e-05
184.0 -9.13278545824e-05 -6.96784440193e-05
185.0 -9.03185876838e-05 -6.99352769524e-05
186.0 -8.97818784369e-05 -7.07784016343e-05
187.0 -8.92483350144e-05 -7.15844525675e-05
188.0 -8.87183157007e-05 -7.23517827229e-05
189.0 -8.81920071323e-05 -7.30808798956e-05
190.0 -8.72015310205e-05 -7.31774997717e-05
191.0 -8.66817082904e-05 -7.38356230922e-05
192.0 -8.61654802185e-05 -7.44599469971e-05
193.0 -8.56528163272e-05 -7.50499301682e-05
194.0 -8.51437324989e-05 -7.56053168083e-05
195.0 -8.46383677876e-05 -7.61257426146e-05
196.0 -8.36698088043e-05 -7.60395053912e-05
197.0 -8.31715618287e-05 -7.64984754209e-05
198.0 -8.26781503201e-05 -7.69263486568e-05
199.0 -8.21902066651e-05 -7.73231929864e-05
200.0 -8.17084337063e-05 -7.76970646923e-05
201.0 -8.12335847385e-05 -7.80427681318e-05
202.0 -8.02992599687e-05 -7.78079058789e-05
203.0 -7.9839241506e-05 -7.81076011979e-05
204.0 -7.93884214457e-05 -7.83851000759e-05
205.0 -7.89474838752e-05 -7.86447389334e-05
206.0 -7.85170174697e-05 -7.8885278856e-05
207.0 -7.76312261277e-05 -7.85640719515e-05
208.0 -7.72216159873e-05 -7.87693263988e-05
209.0 -7.68234268845e-05 -7.89621975127e-05
210.0 -7.64366015099e-05 -7.91425063835e-05
211.0 -7.60608749228e-05 -7.93070083943e-05
212.0 -7.56957606872e-05 -7.94559638305e-05
213.0 -7.48742595435e-05 -7.90662940908e-05
214.0 -7.4526808016e-05 -7.91932296928e-05
215.0 -7.41874391935e-05 -7.93075783094e-05
216.0 -7.38550955382e-05 -7.94105931812e-05
217.0 -7.35287455269e-05 -7.94971159275e-05
218.0 -7.32074206019e-05 -7.95726071751e-05
219.0 -7.24240941817e-05 -7.91162971732e-05
220.0 -7.21090103857e-05 -7.91666764875e-05
221.0 -7.17968011526e-05 -7.92058062145e-05
222.0 -7.14870524012e-05 -7.92317170802e-05
223.0 -7.11794652919e-05 -7.92493976414e-05
224.0 -7.08738110931e-05 -7.92557114468e-05
225.0 -7.01034514021e-05 -7.87362364036e-05
226.0 -6.97995186119e-05 -7.87224459117e-05
227.0 -6.94968289548e-05 -7.86965323893e-05
228.0 -6.91950947325e-05 -7.86616716559e-05
229.0 -6.88939867987e-05 -7.86163283236e-05
230.0 -6.85931838701e-05 -7.85626554108e-05
231.0 -6.78248481524e-05 -7.79921485358e-05
232.0 -6.75221296776e-05 -7.79180543875e-05
233.0 -6.72190681515e-05 -7.78348661534e-05
234.0 -6.69157211193e-05 -7.77427071995e-05
235.0 -6.66123170441e-05 -7.76416915903e-05
236.0 -6.63092607765e-05 -7.75294370253e-05
237.0 -6.55374352177e-05 -7.69074143831e-05
238.0 -6.52350080007e-05 -7.67821639432e-05
239.0 -6.49349534901e-05 -7.66487103892e-05
240.0 -6.46381111385e-05 -7.65090435581e-05
241.0 -6.43453174128e-05 -7.63655999052e-05
242.0 -6.40573656473e-05 -7.62206714026e-05
243.0 -6.37749623642e-05 -7.60689626971e-05
244.0 -6.30244091575e-05 -7.54157572256e-05
245.0 -6.27528134841e-05 -7.52625064332e-05
246.0 -6.2488119864e-05 -7.51069922582e-05
247.0 -6.22304748993e-05 -7.49524696648e-05
248.0 -6.19798781297e-05 -7.47952429823e-05
249.0 -6.17361912015e-05 -7.46399530921e-05
250.0 -6.10224143565e-05 -7.39846562021e-05
251.0 -6.07898861924e-05 -7.38262550348e-05
252.0 -6.05633406235e-05 -7.36711428647e-05
253.0 -6.03424158252e-05 -7.35155589731e-05
254.0 -6.01267908994e-05 -7.33613158877e-05
255.0 -5.99162232721e-05 -7.32057730125e-05
256.0 -5.97105813484e-05 -7.30518169736e-05
257.0 -5.90295119676e-05 -7.23968579474e-05
258.0 -5.88320479061e-05 -7.22442297901e-05
259.0 -5.8639865449e-05 -7.20938782273e-05
260.0 -5.84532860123e-05 -7.19454672838e-05
261.0 -5.82726864878e-05 -7.18016337621e-05
262.0 -5.80984529545e-05 -7.16613203261e-05
263.0 -5.79309249777e-05 -7.15246825581e-05
264.0 -5.7287433682e-05 -7.08882802194e-05
265.0 -5.71323548933e-05 -7.07591553245e-05
266.0 -5.69843840407e-05 -7.06348566083e-05
267.0 -5.68433404547e-05 -7.05148562732e-05
268.0 -5.67088768904e-05 -7.03991550041e-05
269.0 -5.65804937784e-05 -7.02870258387e-05
270.0 -5.6457563653e-05 -7.01762234407e-05
271.0 -5.5855146802e-05 -6.9565639413e-05
272.0 -5.57394646451e-05 -6.94583197097e-05
273.0 -5.562690106e-05 -6.93509285208e-05
274.0 -5.55166283035e-05 -6.92422529987e-05
275.0 -5.54078463672e-05 -6.91321210406e-05
276.0 -5.52998046161e-05 -6.90193659731e-05
277.0 -5.51918175638e-05 -6.89052530388e-05
278.0 -5.4598831597e-05 -6.82828649387e-05
279.0 -5.44878379203e-05 -6.81580681708e-05
280.0 -5.43752886214e-05 -6.80290861409e-05
281.0 -5.42607981896e-05 -6.78954445575e-05
282.0 -5.41440505195e-05 -6.77568249137e-05
283.0 -5.40247921171e-05 -6.76132158435e-05
284.0 -5.39028275125e-05 -6.74645097291e-05
285.0 -5.32932790177e-05 -6.68067340321e-05
286.0 -5.31640823125e-05 -6.66471744027e-05
287.0 -5.3031856601e-05 -6.64828205591e-05
288.0 -5.28965702145e-05 -6.63144658504e-05
289.0 -5.27582117621e-05 -6.61433307482e-05
290.0 -5.26167763323e-05 -6.59690322465e-05
291.0 -5.2472245645e-05 -6.57922579599e-05
292.0 -5.23245619881e-05 -6.56128871038e-05
293.0 -5.16867960773e-05 -6.49254320095e-05
294.0 -5.15307273089e-05 -6.47433958893e-05
295.0 -5.13706000064e-05 -6.45616139498e-05
296.0 -5.1205582778e-05 -6.43816034985e-05
297.0 -5.10342348349e-05 -6.42042154578e-05
298.0 -5.08538497555e-05 -6.40324143444e-05
299.0 -5.06568349825e-05 -6.38842416779e-05
