10.0 0.201384562751 0.203407302554
11.0 0.187954095245 0.189821863256
12.0 0.177154435735 0.178891509024
13.0 0.168297495113 0.169925930882
14.0 0.16084328833 0.162372220375
15.0 0.154370453971 0.155810378775
16.0 0.148131096101 0.14947690609
17.0 0.14092402979 0.142157900092
18.0 0.133505052408 0.134604971438
19.0 0.126562471904 0.127559232873
20.0 0.120354900961 0.12125934279
21.0 0.114449090446 0.115283788183
22.0 0.109184427112 0.10995139887
23.0 0.104189594771 0.104905337408
24.0 0.0995139995412 0.100189880667
25.0 0.0952650452882 0.0958971465976
26.0 0.0913010435231 0.0918927975083
27.0 0.0872533569581 0.0878031833995
28.0 0.083866207582 0.0843948842556
29.0 0.080216721373 0.0807128955545
30.0 0.0771799701541 0.0776517962399
31.0 0.073862964284 0.0743153466365
32.0 0.0710656085684 0.0714940381663
33.0 0.0683927356239 0.0688003014808
34.0 0.0656622622966 0.0660471843815
35.0 0.0629670568022 0.0633471253447
36.0 0.0606974961078 0.0610553613636
37.0 0.058441166564 0.0587791882048
38.0 0.0562197558569 0.0565644002799
39.0 0.0537201968632 0.0540230225553
40.0 0.051827933003 0.0521175685755
41.0 0.0499703053521 0.0502567810689
42.0 0.0481762342221 0.0484437867546
43.0 0.0464301139195 0.0467012076955
44.0 0.044718725413 0.0449762838326
45.0 0.0429893772675 0.0432241216704
46.0 0.0410978354777 0.0413260432915
47.0 0.0395548137302 0.0397711377733
48.0 0.038134616349 0.0383350867621
49.0 0.0367686271386 0.0369638205668
50.0 0.035452968726 0.0356326529094
51.0 0.0341783021808 0.0343708657607
52.0 0.0329437488407 0.0331194947277
53.0 0.0317392373766 0.0319070511536
54.0 0.0305741421989 0.0307298958973
55.0 0.0294374867606 0.0295909958715
56.0 0.028327586144 0.0284759248123
57.0 0.0272397917454 0.0273748301432
58.0 0.026172000935 0.0263008092969
59.0 0.0250662051934 0.0251848036203
60.0 0.0238685560008 0.0239820032429
61.0 0.0229755160658 0.0230743592436
62.0 0.0221123721636 0.022205831455
63.0 0.0212786353945 0.0213666668004
64.0 0.0204845233267 0.0205703577259
65.0 0.0197065000013 0.0197806578053
66.0 0.0189558270466 0.0190337719507
67.0 0.0182312294861 0.0183037604355
68.0 0.0175413004494 0.0176059113686
69.0 0.0168636907726 0.0169156310182
70.0 0.0162095541237 0.0162658266501
71.0 0.0155777516475 0.0156267158276
72.0 0.0149767627038 0.0150203944802
73.0 0.0143868087895 0.0144288582536
74.0 0.0138170796916 0.0138491324344
75.0 0.0132805123901 0.0133091548028
76.0 0.0127480121109 0.0127702737923
77.0 0.0122335657852 0.0122529910897
78.0 0.0117438044264 0.0117555763123
79.0 0.011263415395 0.0112730729273
80.0 0.0108110140649 0.0108171380728
81.0 0.0103625488688 0.0103611701998
82.0 0.00993478440165 0.00992709379972
83.0 0.00951593791016 0.00950417672522
84.0 0.00911995428343 0.00910460521746
85.0 0.00872929935479 0.0087120132737
86.0 0.00835926287023 0.00833550742552
87.0 0.00799456660328 0.00796414997693
88.0 0.00764819691571 0.00761492493688
89.0 0.00731097216912 0.00727180152668
90.0 0.00698449093925 0.0069411178346
91.0 0.00666970813355 0.00662376653875
92.0 0.00636699121339 0.00631687905697
93.0 0.00607393571745 0.006018499317
94.0 0.00578983355602 0.00573004066635
95.0 0.00551593108534 0.00545170672734
96.0 0.00525111905207 0.00518440401179
97.0 0.00499529656275 0.00492377662675
98.0 0.00474812188442 0.00467271577935
99.0 0.00450733183751 0.00442928917678
100.0 0.00427660631897 0.00419486091972
101.0 0.00405072086041 0.00396529437277
102.0 0.00383188356117 0.00374208843442
103.0 0.0036202125832 0.0035275565746
104.0 0.0034108873158 0.00331675986921
105.0 0.00320285839119 0.00310477422882
106.0 0.00297833161704 0.00287656169483
107.0 0.00281208345761 0.00270779432464
108.0 0.00265226384386 0.00254491962008
109.0 0.00249872683867 0.00238970942842
110.0 0.00235128667375 0.00224080114446
111.0 0.0022097190324 0.00209802971288
112.0 0.0020737432353 0.00195913902262
113.0 0.001943151376 0.0018274915561
114.0 0.00181784812539 0.0017012628672
115.0 0.00169758992897 0.00157974226218
116.0 0.00158219179323 0.00146348786567
117.0 0.00147153791671 0.00135339837401
118.0 0.0013654508379 0.00124658743179
119.0 0.00126366416797 0.00114370754898
120.0 0.0011660327816 0.0010460624395
121.0 0.00107241508582 0.000951922830368
122.0 0.000982640334118 0.00086205901963
123.0 0.000896599477545 0.000776287579022
124.0 0.000814146679547 0.000694225572515
125.0 0.000735139760243 0.000615772581156
126.0 0.000659448374347 0.000540857801002
127.0 0.00058695369349 0.000468993468351
128.0 0.000517518116907 0.000400416391693
129.0 0.000451052019709 0.00033551492287
130.0 0.000387442862577 0.000273439860263
131.0 0.000326559405337 0.000213644984645
132.0 0.000268274309613 0.000156665385724
133.0 0.000212492356973 0.000102465088444
134.0 0.000159128336646 5.07956146529e-05
135.0 0.000108089476332 1.87163051354e-06
136.0 5.92953012035e-05 -4.50720255367e-05
137.0 1.26425703004e-05 -8.94736881147e-05
138.0 -3.19326362747e-05 -0.000131717620685
139.0 -7.45272978745e-05 -0.000171894310957
140.0 -0.000115204521257 -0.0002100932888
141.0 -0.000154041005802 -0.00024626906181
142.0 -0.000191117002445 -0.000280894257273
143.0 -0.000226510661811 -0.000313574634493
144.0 -0.000260268386183 -0.000344436882495
145.0 -0.000292465397184 -0.000373747100835
146.0 -0.000323157290659 -0.000401552033683
147.0 -0.000352408144744 -0.000427791957491
148.0 -0.000380268278206 -0.000452585852308
149.0 -0.000406789305558 -0.000475910704225
150.0 -0.000432019340461 -0.00049798165308
151.0 -0.000456009644368 -0.000518712547078
152.0 -0.000478802944935 -0.000538094214733
153.0 -0.000500449845297 -0.000556496620169
154.0 -0.000520998895119 -0.000573838018946
155.0 -0.000540489277046 -0.000589946205216
156.0 -0.000558957225291 -0.000605100862439
157.0 -0.000576440632047 -0.000619184785086
158.0 -0.000592974823884 -0.000632399569006
159.0 -0.000608599593 -0.000644695406348
160.0 -0.000623345967865 -0.000656119108114
161.0 -0.00063724426335 -0.00066666467395
162.0 -0.000650324178435 -0.00067641439168
163.0 -0.000662615138156 -0.000685406669029
164.0 -0.000674146197151 -0.000693672072594
165.0 -0.000684943798021 -0.000701243183371
166.0 -0.000695035660868 -0.000708166812756
167.0 -0.000704446016091 -0.000714454065276
168.0 -0.000713199036195 -0.000720143822587
169.0 -0.000721318576673 -0.000725247755252
170.0 -0.000728824605956 -0.000729770708211
171.0 -0.000735738347345 -0.000733768562127
172.0 -0.000742080177829 -0.000737257373895
173.0 -0.000747868911993 -0.000740269147995
174.0 -0.000753125095491 -0.000742829358083
175.0 -0.000757864958483 -0.000744920972016
176.0 -0.000762104122313 -0.000746597321901
177.0 -0.00076586145678 -0.000747871205905
178.0 -0.000769153240516 -0.000748771494655
179.0 -0.000771997008676 -0.00074930831983
180.0 -0.000774405870262 -0.000749513217614
181.0 -0.000776394732077 -0.000749366336644
182.0 -0.000777975637336 -0.000748904392917
183.0 -0.00077916364022 -0.000748144722713
184.0 -0.000779972891603 -0.000747102146723
185.0 -0.000780416910764 -0.000745763333748
186.0 -0.000780506991959 -0.000744198229273
187.0 -0.000780251785401 -0.000742367382113
188.0 -0.000779667105094 -0.000740295344325
189.0 -0.000778764884734 -0.000738015103038
190.0 -0.000777554391616 -0.000735527588721
191.0 -0.000776045591461 -0.000732828536703
192.0 -0.000774251309465 -0.000729935034474
193.0 -0.000772182978432 -0.000726874756382
194.0 -0.000769848831935 -0.000723634432458
195.0 -0.000767256623352 -0.000720237542696
196.0 -0.000764423000551 -0.000716685930988
197.0 -0.000761350845959 -0.000712984379958
198.0 -0.000758049246876 -0.000709139139316
199.0 -0.000754531256627 -0.000705165997085
200.0 -0.000750802287103 -0.000701068241784
201.0 -0.000746873414436 -0.000696855127049
202.0 -0.000742754893403 -0.000692537916397
203.0 -0.0007384514382 -0.000688114278994
204.0 -0.000733976339617 -0.000683595542087
205.0 -0.000729326308273 -0.000678973481578
206.0 -0.000724525110685 -0.000674272718527
207.0 -0.000719567451816 -0.000669488543121
208.0 -0.000714462770477 -0.000664621852655
209.0 -0.000709228303031 -0.00065969045535
210.0 -0.000703861355275 -0.000654684235245
211.0 -0.00069837301433 -0.000649617814109
212.0 -0.000692764021951 -0.000644492740713
213.0 -0.000687050413172 -0.000639310803074
214.0 -0.000681228166345 -0.000634072530631
215.0 -0.00067531227992 -0.000628788104811
216.0 -0.000669309322495 -0.000623459933165
217.0 -0.000663222273465 -0.000618095273865
218.0 -0.000657056951455 -0.000612689589584
219.0 -0.000650824866505 -0.000607252148599
220.0 -0.000644508523284 -0.000601763303719
221.0 -0.000638145861791 -0.000596264130741
222.0 -0.000631723889453 -0.000590732851054
223.0 -0.000625247934447 -0.000585172342054
224.0 -0.000618724843247 -0.000579591122867
225.0 -0.000612163045573 -0.000573988432889
226.0 -0.000605561262242 -0.000568368427276
227.0 -0.000598926029287 -0.000562727259644
228.0 -0.00059226279109 -0.000557076105507
229.0 -0.000585582161125 -0.000551418522552
230.0 -0.000578869856559 -0.000545735190357
231.0 -0.000572147067716 -0.000540053546615
232.0 -0.00056540532383 -0.00053435784545
233.0 -0.0005586712093 -0.00052867386679
234.0 -0.000551912456175 -0.000522966842024
235.0 -0.00054514988019 -0.000517253884315
236.0 -0.000538390372628 -0.000511544251231
237.0 -0.000531649588247 -0.000505852732636
238.0 -0.000524899319812 -0.000500143611896
239.0 -0.000518161456243 -0.000494442872628
240.0 -0.000511411068226 -0.000488716774953
241.0 -0.000504690414389 -0.000483016037267
242.0 -0.000497981781077 -0.000477317767417
243.0 -0.000491294914174 -0.000471629173702
244.0 -0.00048463856427 -0.000465959313396
245.0 -0.000477999741178 -0.000460293673864
246.0 -0.000471357627749 -0.000454610742665
247.0 -0.000464760513291 -0.000448958789989
248.0 -0.000458189876248 -0.000443316058069
249.0 -0.000451642191455 -0.000437679077518
250.0 -0.000445122582147 -0.000432051670124
251.0 -0.000438656473243 -0.000426463896109
252.0 -0.000432201607601 -0.000420865816567
253.0 -0.00042580637091 -0.000415311749289
254.0 -0.000419415039318 -0.000409736275495
255.0 -0.00041305877493 -0.000404174871623
256.0 -0.000406747275877 -0.000398639559705
257.0 -0.000400487798425 -0.000393138728061
258.0 -0.000394261176859 -0.000387649623012
259.0 -0.000388067600435 -0.000382172284987
260.0 -0.000381920736649 -0.000376721609532
261.0 -0.000375802330317 -0.0003712772346
262.0 -0.000369734185154 -0.000365861234872
263.0 -0.000363711046498 -0.000360471697636
264.0 -0.000357730651028 -0.000355099546074
265.0 -0.00035181190095 -0.000349771960877
266.0 -0.000345948283435 -0.000344479713968
267.0 -0.000340079161193 -0.000339156593923
268.0 -0.000334315726159 -0.000333917508355
269.0 -0.000328549524852 -0.000328653833511
270.0 -0.000322839454281 -0.00032342867382
271.0 -0.000317202344562 -0.000318256931265
272.0 -0.000311605122052 -0.000313104226099
273.0 -0.000306058124011 -0.000307984496044
274.0 -0.000300531215492 -0.00030286129868
275.0 -0.000295074450873 -0.000297790250497
276.0 -0.000289687931098 -0.00029277252427
277.0 -0.000284323038123 -0.0002877549539
278.0 -0.000279027797117 -0.000282790812053
279.0 -0.000273774235754 -0.000277845665343
280.0 -0.00026857218113 -0.000272939002546
281.0 -0.000263402745576 -0.000268044337978
282.0 -0.000258315551923 -0.000263218281781
283.0 -0.000253300905392 -0.00025845009967
284.0 -0.000248258012805 -0.000253629011667
285.0 -0.00024337951875 -0.000248967901109
286.0 -0.00023846386711 -0.000244245957602
287.0 -0.000233645072292 -0.000239610188331
288.0 -0.000228867718584 -0.000235000136244
289.0 -0.000224144249918 -0.000230428671957
290.0 -0.00021946380965 -0.000225888014944
291.0 -0.000214840185778 -0.000221391381999
292.0 -0.000210273954193 -0.000216936139569
293.0 -0.000205779977888 -0.000212543143802
294.0 -0.000201319981611 -0.000208169485202
295.0 -0.000196937779044 -0.000203864169383
296.0 -0.000192600057128 -0.000199591432421
297.0 -0.000188318824014 -0.000195365953665
298.0 -0.000184081411516 -0.00019117307034
299.0 -0.000179912696249 -0.000187038401484
