10.0 0.0299772963029 0.0300344857508
11.0 0.0274193779864 0.0274878384608
12.0 0.0250905997019 0.0251651081093
13.0 0.0230226691993 0.0230997541635
14.0 0.0211768662784 0.0212537939663
15.0 0.0195847564954 0.0196592964401
16.0 0.0180944507298 0.0181657270436
17.0 0.0167987860763 0.0168651171474
18.0 0.0155769783049 0.015638537368
19.0 0.0144653699895 0.014522090506
20.0 0.0134943887906 0.0135465033619
21.0 0.012566269753 0.0126137456146
22.0 0.0117526723918 0.0117964713388
23.0 0.011003517718 0.0110438050479
24.0 0.0102823749265 0.0103197839158
25.0 0.0096467266719 0.00968214150558
26.0 0.00903115729192 0.00906481601192
27.0 0.00848797119946 0.00852035089981
28.0 0.00798361715097 0.0080150239561
29.0 0.00749196878756 0.00752294531296
30.0 0.00705714568289 0.00708824063494
31.0 0.00665185643653 0.00668324868705
32.0 0.00627368686001 0.00630574815863
33.0 0.00590229670481 0.00593494377808
34.0 0.0055731411106 0.00560686701788
35.0 0.00526505099126 0.00529961302329
36.0 0.00497641971878 0.00501221345017
37.0 0.00470578586014 0.00474265892196
38.0 0.00445181689777 0.004489776587
39.0 0.00419998064087 0.00423896232358
40.0 0.00397648249393 0.0040163865063
41.0 0.00376625580081 0.00380719520467
42.0 0.00356837756913 0.00361010080896
43.0 0.00338200003829 0.00342449428789
44.0 0.00320634369372 0.00324949134869
45.0 0.00304069143599 0.00308428926612
46.0 0.00288438339081 0.00292840699976
47.0 0.00274587400255 0.00279023648178
48.0 0.0026060933337 0.00265061164139
49.0 0.00247399286699 0.0025184298418
50.0 0.00234909079242 0.00239330389448
51.0 0.00223094101566 0.00227480218166
52.0 0.00211912919767 0.00216241985573
53.0 0.00201327082632 0.00205595115983
54.0 0.00191967561234 0.0019616223585
55.0 0.00182442546515 0.00186545498548
56.0 0.00173413862273 0.00177401565384
57.0 0.00164852512499 0.00168715651408
58.0 0.00157297244327 0.00161034888274
59.0 0.00149571880894 0.00153158624588
60.0 0.00142239373644 0.00145663162726
61.0 0.00135780175623 0.00139034421457
62.0 0.00129153052057 0.00132217914856
63.0 0.00122858668561 0.0012572085497
64.0 0.00117328112059 0.00119985266787
65.0 0.00111633368739 0.0011406241795
66.0 0.00106222438891 0.00108410446883
67.0 0.00101484428815 0.00103429948617
68.0 0.000965871913052 0.000982670157671
69.0 0.00092309940127 0.000937177832028
70.0 0.000878794885018 0.00088994108529
71.0 0.000840228329183 0.00084836173251
72.0 0.000800195183864 0.000805091012039
73.0 0.000765497939753 0.000767029296942
74.0 0.000729403356438 0.000727333377822
75.0 0.000698294953001 0.000692459452963
76.0 0.000665860649534 0.000656023335677
77.0 0.000638108104169 0.000624033521098
78.0 0.000609100387504 0.000590537259557
79.0 0.000584508529696 0.000561165553294
80.0 0.000561390629496 0.000532943451514
81.0 0.00053712583949 0.000503333567862
82.0 0.000516921285259 0.000477405872816
83.0 0.000495611433387 0.000450111442335
84.0 0.000478146177409 0.000426237530798
85.0 0.000461944657409 0.000403316403392
86.0 0.000444647989388 0.00037910661149
87.0 0.000430848655283 0.000357977422735
88.0 0.000418112544964 0.000337664385155
89.0 0.000404179019141 0.000316166115847
90.0 0.0003933398755 0.000297444168692
91.0 0.000383266720741 0.000279429833821
92.0 0.000373839422119 0.000262092865355
93.0 0.000362892729427 0.000243687193093
94.0 0.000354392068412 0.000227706437139
95.0 0.000346123600619 0.000212328183754
96.0 0.000335990343313 0.000195947452029
97.0 0.000327777007001 0.000181768001267
98.0 0.00031935939764 0.000168124303955
99.0 0.000310602821848 0.000155006644226
100.0 0.000301384290618 0.000142382845121
101.0 0.000289798043391 0.000128869689506
102.0 0.000279387389122 0.000117224465565
103.0 0.000268252683981 0.000106021200752
104.0 0.00025634999821 9.52391525009e-05
105.0 0.000243659823418 8.48578987965e-05
106.0 0.000228577849195 7.36867777959e-05
107.0 0.000214397063491 6.40998238117e-05
108.0 0.000199515842812 5.48792849141e-05
109.0 0.000184005466534 4.60009374372e-05
110.0 0.00016795419653 3.74593248886e-05
111.0 0.000151464303805 2.92436728621e-05
112.0 0.00013332710048 2.03336206035e-05
113.0 0.000116356491204 1.27512403001e-05
114.0 9.93005326292e-05 5.4602236362e-06
115.0 8.22799122559e-05 -1.5476035266e-06
116.0 6.54114226745e-05 -8.28778356367e-06
117.0 4.88052998339e-05 -1.47697452916e-05
118.0 3.25629355756e-05 -2.09950187517e-05
119.0 1.67751384839e-05 -2.69756525595e-05
120.0 1.52117753965e-06 -3.27275199705e-05
121.0 -1.39972548533e-05 -3.90443643404e-05
122.0 -2.79501114416e-05 -4.43335824577e-05
123.0 -4.12074048264e-05 -4.94189881201e-05
124.0 -5.37387714288e-05 -5.43033407741e-05
125.0 -6.55248681557e-05 -5.89836227888e-05
126.0 -7.65565723082e-05 -6.34865698559e-05
127.0 -8.68337906974e-05 -6.78076173928e-05
128.0 -9.63646137329e-05 -7.19521845465e-05
129.0 -0.000105164049109 -7.59253850098e-05
130.0 -0.000113252981932 -7.97409571103e-05
131.0 -0.000121162748506 -8.4005075496e-05
132.0 -0.0001278861671 -8.74908979562e-05
133.0 -0.000133988119284 -9.08356423702e-05
134.0 -0.000139502441323 -9.4036444367e-05
135.0 -0.000144463920455 -9.70990229193e-05
136.0 -0.00014890763738 -0.0001000332022
137.0 -0.000152868324727 -0.000102841299466
138.0 -0.000156379943827 -0.000105530949704
139.0 -0.000159475307709 -0.000108102187217
140.0 -0.000162185935445 -0.00011055877336
141.0 -0.000164541847739 -0.000112907959893
142.0 -0.000166571554919 -0.000115147146457
143.0 -0.000168301971624 -0.000117285344869
144.0 -0.00017004754284 -0.00011977953738
145.0 -0.000171244819362 -0.000121710573599
146.0 -0.000172215080951 -0.00012355168823
147.0 -0.000172979149489 -0.000125308435198
148.0 -0.00017355641134 -0.000126972699581
149.0 -0.00017396480331 -0.000128560118299
150.0 0 0
151.0 0 0
152.0 0 0
153.0 0 0
154.0 0 0
155.0 0 0
156.0 0 0
157.0 0 0
158.0 0 0
159.0 0 0
160.0 0 0
161.0 0 0
162.0 0 0
163.0 0 0
164.0 0 0
165.0 0 0
166.0 0 0
167.0 0 0
168.0 0 0
169.0 0 0
170.0 0 0
171.0 0 0
172.0 0 0
173.0 0 0
174.0 0 0
175.0 0 0
176.0 0 0
177.0 0 0
178.0 0 0
179.0 0 0
180.0 0 0
181.0 0 0
182.0 0 0
183.0 0 0
184.0 0 0
185.0 0 0
186.0 0 0
187.0 0 0
188.0 0 0
189.0 0 0
190.0 0 0
191.0 0 0
192.0 0 0
193.0 0 0
194.0 0 0
195.0 0 0
196.0 0 0
197.0 0 0
198.0 0 0
199.0 0 0
200.0 0 0
201.0 0 0
202.0 0 0
203.0 0 0
204.0 0 0
205.0 0 0
206.0 0 0
207.0 0 0
208.0 0 0
209.0 0 0
210.0 0 0
211.0 0 0
212.0 0 0
213.0 0 0
214.0 0 0
215.0 0 0
216.0 0 0
217.0 0 0
218.0 0 0
219.0 0 0
220.0 0 0
221.0 0 0
222.0 0 0
223.0 0 0
224.0 0 0
225.0 0 0
226.0 0 0
227.0 0 0
228.0 0 0
229.0 0 0
230.0 0 0
231.0 0 0
232.0 0 0
233.0 0 0
234.0 0 0
235.0 0 0
236.0 0 0
237.0 0 0
238.0 0 0
239.0 0 0
240.0 0 0
241.0 0 0
242.0 0 0
243.0 0 0
244.0 0 0
245.0 0 0
246.0 0 0
247.0 0 0
248.0 0 0
249.0 0 0
250.0 0 0
251.0 0 0
252.0 0 0
253.0 0 0
254.0 0 0
255.0 0 0
256.0 0 0
257.0 0 0
258.0 0 0
259.0 0 0
260.0 0 0
261.0 0 0
262.0 0 0
263.0 0 0
264.0 0 0
265.0 0 0
266.0 0 0
267.0 0 0
268.0 0 0
269.0 0 0
270.0 0 0
271.0 0 0
272.0 0 0
273.0 0 0
274.0 0 0
275.0 0 0
276.0 0 0
277.0 0 0
278.0 0 0
279.0 0 0
280.0 0 0
281.0 0 0
282.0 0 0
283.0 0 0
284.0 0 0
285.0 0 0
286.0 0 0
287.0 0 0
288.0 0 0
289.0 0 0
290.0 0 0
291.0 0 0
292.0 0 0
293.0 0 0
294.0 0 0
295.0 0 0
296.0 0 0
297.0 0 0
298.0 0 0
299.0 0 0
