10.0 0.0273618595699 0.027350082239
11.0 0.0242826242224 0.0242529755359
12.0 0.0223426769803 0.0223309400027
13.0 0.0206201988787 0.0206211847386
14.0 0.0190824914222 0.0190914150988
15.0 0.017703207231 0.017720884268
16.0 0.0164608437991 0.0164845698106
17.0 0.0153375463721 0.0153642410818
18.0 0.014318419467 0.0143482366732
19.0 0.0133908758642 0.013423893753
20.0 0.0125442207311 0.0125793450429
21.0 0.0117693422371 0.0118049776928
22.0 0.0110583925822 0.0110939463943
23.0 0.0104045578213 0.0104400635228
24.0 0.00980193048806 0.0098370590814
25.0 0.00924534803246 0.00928136732409
26.0 0.00873030134563 0.008765417931
27.0 0.00825280567211 0.00828793727513
28.0 0.00780938773118 0.00784370886472
29.0 0.00739692314557 0.00743160265383
30.0 0.00701267414699 0.00704735613509
31.0 0.00665417150275 0.00668912880246
32.0 0.00631924032695 0.00635452363127
33.0 0.00600592223067 0.006041999886
34.0 0.00571244757718 0.00574904199409
35.0 0.00543723341991 0.00547424019709
36.0 0.00517885665165 0.0052165197416
37.0 0.00493602292459 0.00497449979129
38.0 0.00470757479599 0.00474666050064
39.0 0.00449243136459 0.00453276663449
40.0 0.00428965019573 0.0043302233383
41.0 0.00409833762533 0.00413996180528
42.0 0.00391769700693 0.00396009348495
43.0 0.00374700396204 0.00379026653128
44.0 0.00358560166554 0.00362952606338
45.0 0.00343284776976 0.00347745263694
46.0 0.00328819885945 0.0033331368049
47.0 0.00315113712841 0.00319670422055
48.0 0.00302117378194 0.00306693077975
49.0 0.00289787249165 0.00294388867997
50.0 0.00278084088898 0.00282727083142
51.0 0.002669695562 0.00271575693214
52.0 0.00256408813175 0.00261018848051
53.0 0.0024637009596 0.00250963005195
54.0 0.00236823519632 0.00241332094333
55.0 0.00227741195638 0.00232190095924
56.0 0.00219094254254 0.00223468860878
57.0 0.00210863597346 0.00215125111147
58.0 0.00203024792352 0.00207162471668
59.0 0.0019555642917 0.00199570448707
60.0 0.00188439971315 0.00192299334256
61.0 0.00181657111938 0.00185349215775
62.0 0.00175192198409 0.00178677024551
63.0 0.0016902880504 0.00172307864707
64.0 0.00163155484434 0.00166213198875
65.0 0.00157554645261 0.0016034231498
66.0 0.0015221839466 0.00154721585237
67.0 0.00147131116356 0.00149340291082
68.0 0.00142283847549 0.00144142185101
69.0 0.00137668959299 0.00139173767575
70.0 0.00133276596277 0.0013439957746
71.0 0.00129098590537 0.00129810612208
72.0 0.00125123166176 0.00125393155597
73.0 0.00121345963456 0.00121136747999
74.0 0.00117760021543 0.00117051355052
75.0 0.00114358811468 0.00113110142409
76.0 0.00111136417579 0.00109318635813
77.0 0.00108086494121 0.00105668280845
78.0 0.00105200970049 0.0010214623801
79.0 0.00102476314576 0.000987489269362
80.0 0.000999056371082 0.000954754018192
81.0 0.000974824112594 0.000923174187459
82.0 0.000952013251867 0.000892690234904
83.0 0.000930527232483 0.000863198665737
84.0 0.000910334993799 0.00083480909598
85.0 0.000891336233187 0.00080735050275
86.0 0.000873461296575 0.000780803270323
87.0 0.00085662573069 0.000755178152042
88.0 0.000840737901752 0.000730395236987
89.0 0.000825697060978 0.000706420610577
90.0 0.00081141533999 0.00068324543528
91.0 0.000797770605122 0.000660805701049
92.0 0.000784677142208 0.000639114854315
93.0 0.00077201019113 0.000618102917267
94.0 0.000759673644819 0.000597753819098
95.0 0.000747555459726 0.000578049808807
96.0 0.000735539145208 0.000558969248908
97.0 0.000723524224695 0.0005404752004
98.0 0.00071141320118 0.000522607490704
99.0 0.000699097102837 0.000505285300317
100.0 0.000686506989776 0.000488512327109
101.0 0.000673516080091 0.000472251960677
102.0 0.000660090435775 0.000456498355078
103.0 0.000646173316795 0.000441244815108
104.0 0.000631661183302 0.000426452136212
105.0 0.000616564743095 0.000412106074862
106.0 0.000600855793643 0.00039820113303
107.0 0.000584494409943 0.000384717748979
108.0 0.00056750428074 0.000371631236183
109.0 0.000549906828154 0.00035895444984
110.0 0.00053170843312 0.000346633516812
111.0 0.000512971199673 0.00033469730585
112.0 0.000493745500684 0.000323122952093
113.0 0.000474073171909 0.000311854080871
114.0 0.000454046275335 0.000300947022663
115.0 0.00043372892522 0.000290343116976
116.0 0.000413223859946 0.000280091011841
117.0 0.000392570131611 0.000270103918634
118.0 0.000371889182324 0.000260427309115
119.0 0.00035125124585 0.000251040132229
120.0 0.000330747138081 0.000241940084845
121.0 0.000310468382883 0.000233134218406
122.0 0.000290454381561 0.000224547717818
123.0 0.000270812838559 0.000216235952443
124.0 0.000251600398434 0.000208157921055
125.0 0.000232878637368 0.000200330996335
126.0 0.000214715271154 0.000192747402034
127.0 0.00019715176238 0.000185400095994
128.0 0.00018019357258 0.000178245307219
129.0 0.000163910098467 0.000171310044781
130.0 0.000148320460961 0.000164563417699
131.0 0.000133447676819 0.000158043486715
132.0 0.000119299808096 0.000151706158802
133.0 0.000105878683073 0.000145546927156
134.0 9.3214108498e-05 0.000139622039945
135.0 8.12713359169e-05 0.000133850939659
136.0 7.00283442004e-05 0.000128239242498
137.0 5.95098397051e-05 0.000122826003927
138.0 4.96691304375e-05 0.000117555825109
139.0 4.04837693014e-05 0.000112440584368
140.0 3.19767132815e-05 0.000107514549863
141.0 2.40633117736e-05 0.000102711218986
142.0 1.67600786301e-05 9.80709496424e-05
143.0 1.00147813783e-05 9.35675210331e-05
144.0 3.81999920574e-06 8.92083094042e-05
145.0 -1.86620918957e-06 8.4980662316e-05
146.0 -7.06687097871e-06 8.08916981203e-05
147.0 -1.17994610938e-05 7.69396474346e-05
148.0 -1.61128439921e-05 7.31011963863e-05
149.0 -2.00087813924e-05 6.94102762543e-05
150.0 -2.35405948785e-05 6.58121960048e-05
151.0 -2.67044039236e-05 6.2359029841e-05
152.0 -2.95557266334e-05 5.9001219009e-05
153.0 -3.20925650353e-05 5.57636188535e-05
154.0 -3.43453080101e-05 5.2635330816e-05
155.0 -3.63398513632e-05 4.96141582426e-05
156.0 -3.81059470693e-05 4.66723421745e-05
157.0 -3.96385212196e-05 4.38502780359e-05
158.0 -4.09671797091e-05 4.11164682534e-05
159.0 -4.20970584203e-05 3.84913683128e-05
160.0 -4.30766577611e-05 3.59324256208e-05
161.0 -4.38986013901e-05 3.34559362707e-05
162.0 -4.45667508963e-05 3.10793523917e-05
163.0 -4.50880664332e-05 2.87978766593e-05
164.0 -4.54975664578e-05 2.65916376453e-05
165.0 -4.58218590645e-05 2.44393663248e-05
166.0 -4.60229533113e-05 2.2378166469e-05
167.0 -4.61162964769e-05 2.0419127185e-05
168.0 -4.61225247804e-05 1.85277540761e-05
169.0 -4.60691075709e-05 1.66845914188e-05
170.0 -4.59423763314e-05 1.49353173346e-05
171.0 -4.57444116203e-05 1.32452620806e-05
172.0 -4.54687055361e-05 1.16442542826e-05
173.0 -4.51404606135e-05 1.01173620266e-05
174.0 -4.47796176914e-05 8.62799983848e-06
175.0 -4.43597891042e-05 7.2287030786e-06
176.0 -4.38976591698e-05 5.88321694695e-06
177.0 -4.33940805976e-05 4.61736497176e-06
178.0 -4.28685341839e-05 3.39348487205e-06
179.0 -4.2320001771e-05 2.2059395102e-06
180.0 -4.17294991848e-05 1.09985890008e-06
181.0 -4.11428424714e-05 2.56370492516e-08
182.0 -4.05175388086e-05 -9.80923668275e-07
183.0 -3.98676476859e-05 -1.9318831395e-06
184.0 -3.92333621712e-05 -2.85391063612e-06
185.0 -3.8584610004e-05 -3.72994611802e-06
186.0 -3.79056926139e-05 -4.54482368067e-06
187.0 -3.7245571254e-05 -5.34848944031e-06
188.0 -3.65489765749e-05 -6.0720905095e-06
189.0 -3.58677718904e-05 -6.77438741233e-06
190.0 -3.51921574315e-05 -7.44832253761e-06
191.0 -3.45154750762e-05 -8.09041558131e-06
192.0 -3.38196671446e-05 -8.66652702488e-06
193.0 -3.31424018837e-05 -9.22768309855e-06
194.0 -3.24412572038e-05 -9.72396029946e-06
195.0 -3.17432998175e-05 -1.01943131537e-05
196.0 -3.10741629685e-05 -1.06642321638e-05
197.0 -3.03810558543e-05 -1.10646412214e-05
198.0 -2.96892996692e-05 -1.14278012178e-05
199.0 -2.90071061805e-05 -1.17816161085e-05
200.0 -2.83239298545e-05 -1.20852918603e-05
201.0 -2.76424359962e-05 -1.23720743798e-05
202.0 -2.69688142407e-05 -1.2626316812e-05
203.0 -2.62859726396e-05 -1.28385905977e-05
204.0 -2.55983591473e-05 -1.30211835528e-05
205.0 -2.49521728318e-05 -1.32136942816e-05
206.0 -2.42907935574e-05 -1.33511290145e-05
207.0 -2.36375531694e-05 -1.34780117058e-05
208.0 -2.29804318477e-05 -1.35690691443e-05
209.0 -2.2335010685e-05 -1.36394764141e-05
210.0 -2.17037281467e-05 -1.3702403519e-05
211.0 -2.10763344738e-05 -1.37379626554e-05
212.0 -2.04496711422e-05 -1.37454503251e-05
213.0 -1.9834856862e-05 -1.37414671148e-05
214.0 -1.92295646321e-05 -1.37275304594e-05
215.0 -1.86312155625e-05 -1.36896927506e-05
216.0 -1.80479119557e-05 -1.36442878767e-05
217.0 -1.74785660577e-05 -1.35965682718e-05
218.0 -1.68958082703e-05 -1.35143298453e-05
219.0 -1.63471982183e-05 -1.3437142521e-05
220.0 -1.57919082621e-05 -1.33339267528e-05
221.0 -1.52519901754e-05 -1.32380591484e-05
222.0 -1.47117360685e-05 -1.31161564603e-05
223.0 -1.41784966654e-05 -1.2982214958e-05
224.0 -1.36554376846e-05 -1.28374119037e-05
225.0 -1.31460873582e-05 -1.26913891575e-05
226.0 -1.26246492986e-05 -1.25234494248e-05
227.0 -1.21214242184e-05 -1.23532371103e-05
228.0 -1.16192080746e-05 -1.21710018593e-05
229.0 -1.11047175153e-05 -1.19639490094e-05
230.0 -1.06166128591e-05 -1.17697303549e-05
231.0 -1.0122563671e-05 -1.15492782721e-05
232.0 -9.62389534489e-06 -1.13156111246e-05
233.0 -9.14571165018e-06 -1.10881499007e-05
234.0 -8.66853345257e-06 -1.08563804121e-05
235.0 -8.18552097879e-06 -1.05989920575e-05
236.0 -7.69810985949e-06 -1.03250196488e-05
237.0 -7.23798273787e-06 -1.00755235935e-05
238.0 -6.75888402948e-06 -9.79249928392e-06
239.0 -6.29842275849e-06 -9.51767137117e-06
240.0 -5.82147144358e-06 -9.22261976211e-06
241.0 -5.36861861907e-06 -8.93707229656e-06
242.0 -4.90496401747e-06 -8.63024704979e-06
243.0 -4.45486896901e-06 -8.33366769163e-06
244.0 -3.98485901159e-06 -8.00462271427e-06
245.0 -3.55115852859e-06 -7.70896202927e-06
246.0 -3.09645116269e-06 -7.3725302583e-06
247.0 -2.66343046269e-06 -7.055269625e-06
248.0 -2.23008889437e-06 -6.73165886753e-06
249.0 -1.80149171457e-06 -6.40100983223e-06
250.0 -1.37827937516e-06 -6.06544560759e-06
251.0 -9.65299607931e-07 -5.74030247092e-06
252.0 -5.55224604335e-07 -5.40844352243e-06
253.0 -1.55216316864e-07 -5.08030141521e-06
254.0 2.29812666616e-07 -4.75372578309e-06
255.0 6.16486384745e-07 -4.4197034752e-06
256.0 9.98850870126e-07 -4.09228563684e-06
257.0 1.35807090629e-06 -3.77973847127e-06
258.0 1.71620053999e-06 -3.45904961071e-06
259.0 2.06627783615e-06 -3.14439370378e-06
260.0 2.40950381666e-06 -2.82223473789e-06
261.0 2.74030500041e-06 -2.51320673665e-06
262.0 3.05338768242e-06 -2.21841508278e-06
263.0 3.36266048221e-06 -1.91934904174e-06
264.0 3.66380983041e-06 -1.62421253021e-06
265.0 3.95888892382e-06 -1.32794145192e-06
266.0 4.24002773067e-06 -1.0468763001e-06
267.0 4.50914170852e-06 -7.67642133129e-07
268.0 4.76247529078e-06 -5.02563560998e-07
269.0 5.01522480136e-06 -2.3210831364e-07
270.0 5.24703923711e-06 1.98681488442e-08
271.0 5.47364467884e-06 2.74638991122e-07
272.0 5.68097369356e-06 5.09656600089e-07
273.0 5.88058922275e-06 7.43711069429e-07
274.0 6.07200046665e-06 9.69477320082e-07
275.0 6.23919587839e-06 1.17889468187e-06
276.0 6.40275953168e-06 1.38490905963e-06
277.0 6.5517908182e-06 1.58290427776e-06
278.0 6.69467224089e-06 1.78148303814e-06
279.0 6.81900852661e-06 1.96056370008e-06
280.0 6.93060314417e-06 2.12945822233e-06
281.0 7.02516457751e-06 2.2888140171e-06
282.0 7.11781604378e-06 2.45025517398e-06
283.0 7.19400963166e-06 2.59258831585e-06
284.0 7.25644423574e-06 2.73103029444e-06
285.0 7.31453256047e-06 2.87023420963e-06
286.0 7.3562907405e-06 2.99109110773e-06
287.0 7.3816978144e-06 3.10112724083e-06
288.0 7.40318068257e-06 3.21557252309e-06
289.0 7.40904204284e-06 3.31549653792e-06
290.0 7.40194983377e-06 3.40642432584e-06
291.0 7.38804999511e-06 3.48839411834e-06
292.0 7.3542898965e-06 3.56262323875e-06
293.0 7.31576868365e-06 3.6325154475e-06
294.0 7.25726472395e-06 3.68615750391e-06
295.0 7.18324464024e-06 3.72612861474e-06
296.0 7.08835958264e-06 3.75736446259e-06
297.0 6.98035123174e-06 3.77494669371e-06
298.0 6.8530685361e-06 3.77628105959e-06
299.0 6.69591344915e-06 3.75363772184e-06
