10.0 0.116946195831 0.117787900252
11.0 0.102808757887 0.103363249841
12.0 0.0933020353045 0.0937425263885
13.0 0.0852874208977 0.0856614919305
14.0 0.0783329974196 0.0786634248974
15.0 0.0722113628174 0.0725142216371
16.0 0.0667751851416 0.0670588856138
17.0 0.0622847377089 0.0625593800476
18.0 0.0584950978204 0.0587714904315
19.0 0.055023285368 0.0552963424757
20.0 0.0518328856547 0.0521054982752
21.0 0.0488934643737 0.0491580996919
22.0 0.0461788883838 0.0464394268926
23.0 0.0436657167381 0.0439210920068
24.0 0.0413346629407 0.0415832281441
25.0 0.0391678383731 0.0394110284373
26.0 0.0371501879642 0.0373880899851
27.0 0.0352682137935 0.0355021760579
28.0 0.0335097924187 0.033740315755
29.0 0.0318645563593 0.032093373224
30.0 0.0303228145345 0.0305503869172
31.0 0.028876347014 0.029103112322
32.0 0.0275174844199 0.0277446004142
33.0 0.0262393870612 0.0264668797748
34.0 0.0250360071708 0.0252651671946
35.0 0.0239016429712 0.024132011861
36.0 0.0228313979097 0.0230633996055
37.0 0.0218206283944 0.0220554358975
38.0 0.0208651864109 0.0211030334122
39.0 0.0199612997233 0.0202025375516
40.0 0.0191053982169 0.0193483228144
41.0 0.0182944042304 0.0185412571426
42.0 0.0175253719571 0.0177764906842
43.0 0.0167956274274 0.0170485750859
44.0 0.0161026509104 0.0163581267577
45.0 0.0154441862977 0.01570329586
46.0 0.0148182179847 0.0150805311726
47.0 0.0142226887638 0.0144863070208
48.0 0.0136558617353 0.0139219414404
49.0 0.013116072589 0.0133844904418
50.0 0.0126017498949 0.0128713529304
51.0 0.0121114713278 0.0123824065582
52.0 0.0116439100862 0.0119155328537
53.0 0.0111978184596 0.0114697573933
54.0 0.0107720065342 0.0110447064353
55.0 0.0103654372572 0.0106371790803
56.0 0.00997704575945 0.0102484044298
57.0 0.00960593086888 0.0098758697337
58.0 0.00925116786677 0.009519317193
59.0 0.00891194249871 0.00917839058544
60.0 0.00858747224403 0.0088512574012
61.0 0.0082770239986 0.00853789271276
62.0 0.00797991319126 0.0082372714991
63.0 0.00769550168428 0.00794915118671
64.0 0.00742317542758 0.00767208124566
65.0 0.00716238940526 0.00740705401465
66.0 0.00691257817603 0.00715142906059
67.0 0.00667328832329 0.0069068202733
68.0 0.00644399833083 0.00667133653243
69.0 0.00622431621879 0.00644452717554
70.0 0.00601379307053 0.00622719082576
71.0 0.00581206125599 0.00601703782246
72.0 0.00561876605132 0.00581584650163
73.0 0.00543354506918 0.00562148709047
74.0 0.00525612874349 0.00543463294629
75.0 0.00508618021256 0.00525497133412
76.0 0.0049234671315 0.00508101016159
77.0 0.0047677174748 0.00491424389121
78.0 0.00461869797145 0.00475276470181
79.0 0.00447621634145 0.00459756728067
80.0 0.00434003153336 0.00444767953451
81.0 0.00421000551039 0.00430272711406
82.0 0.0040859228276 0.00416365256202
83.0 0.00396763461823 0.00402856387166
84.0 0.00385498381393 0.00389862032543
85.0 0.00374778879844 0.00377273907162
86.0 0.00364592927791 0.00365152827207
87.0 0.0035491997388 0.00353455983854
88.0 0.00345745775657 0.00342080817569
89.0 0.00337050955711 0.00331169622712
90.0 0.00328814287976 0.00320557094362
91.0 0.0032101770063 0.00310315655214
92.0 0.00313634307701 0.00300433178861
93.0 0.00306640343484 0.00290825425622
94.0 0.00300008830272 0.00281571025008
95.0 0.0029370852311 0.00272619143299
96.0 0.00287709298301 0.00263922633675
97.0 0.00281977833086 0.00255525878262
98.0 0.00276478689121 0.00247400241159
99.0 0.00271177521029 0.00239519426826
100.0 0.00266037853092 0.00231904641098
101.0 0.00261023609301 0.00224514190648
102.0 0.0025610119524 0.00217356283323
103.0 0.00251235909472 0.0021044493563
104.0 0.00246396538214 0.00203729345231
105.0 0.00241555368693 0.00197220836446
106.0 0.00236685920481 0.00190925907783
107.0 0.00231766207489 0.00184822095665
108.0 0.0022677895404 0.0017888730927
109.0 0.00221709788083 0.00173155641802
110.0 0.00216548721805 0.0016759557135
111.0 0.00211290906377 0.00162190463306
112.0 0.0020593444895 0.00156961368122
113.0 0.00200481358932 0.00151887407705
114.0 0.00194937729616 0.00146957986667
115.0 0.00189312369194 0.00142190023035
116.0 0.00183616065883 0.00137564235631
117.0 0.00177862353692 0.00133059653262
118.0 0.00172066604577 0.00128702311771
119.0 0.00166244365046 0.0012447805557
120.0 0.00160412350568 0.0012037874776
121.0 0.00154588019265 0.00116389251279
122.0 0.00148787851541 0.00112527829989
123.0 0.00143027945422 0.00108781384234
124.0 0.0013732420008 0.00105140670493
125.0 0.00131691543579 0.0010161022716
126.0 0.00126143075472 0.000981855490446
127.0 0.00120691106412 0.00094858390181
128.0 0.00115346888042 0.00091624171738
129.0 0.00110119986944 0.000884924859745
130.0 0.00105018525646 0.000854519843288
131.0 0.00100049508539 0.00082500516504
132.0 0.000952185249304 0.000796289358497
133.0 0.000905298877989 0.000768495221645
134.0 0.000859868463911 0.000741494218445
135.0 0.000815915718656 0.000715276181464
136.0 0.000773450270675 0.000689809556016
137.0 0.000732476989962 0.000665105178208
138.0 0.000692992179562 0.000641134067484
139.0 0.00065498445937 0.000617834259735
140.0 0.000618434388854 0.000595220091307
141.0 0.000583322723359 0.00057329440377
142.0 0.000549624749643 0.00055200219995
143.0 0.000517311230097 0.00053131173764
144.0 0.000486349239064 0.000511225244416
145.0 0.000456705935461 0.000491751116586
146.0 0.000428346157796 0.000472857263367
147.0 0.000401232512863 0.00045450290106
148.0 0.000375326585226 0.000436681504374
149.0 0.000350590059875 0.000419400333922
150.0 0.000326984565486 0.000402637543731
151.0 0.000304469724797 0.000386369691435
152.0 0.000283007288895 0.000370569750628
153.0 0.000262558413586 0.00035525170501
154.0 0.000243084708285 0.000340391974577
155.0 0.000224547938681 0.000325974538279
156.0 0.000206911513823 0.000311981267873
157.0 0.000190139881725 0.000298405075064
158.0 0.00017419783761 0.000285240551051
159.0 0.000159050452558 0.00027247360456
160.0 0.000144664465628 0.000260082130137
161.0 0.000131008504658 0.000248071858719
162.0 0.000118052276319 0.000236414189737
163.0 0.000105765792161 0.000225120176265
164.0 9.41194790901e-05 0.000214169489
165.0 8.30865814918e-05 0.000203551029102
166.0 7.26405652468e-05 0.000193257135358
167.0 6.27567659217e-05 0.000183280696184
168.0 5.34101925828e-05 0.00017361956789
169.0 4.45769455632e-05 0.000164261816509
170.0 3.62346547918e-05 0.000155205093835
171.0 2.83614307381e-05 0.000146420801982
172.0 2.09363022215e-05 0.000137925835035
173.0 1.39383563316e-05 0.000129699255208
174.0 7.34737934224e-06 0.000121740857457
175.0 1.14428488961e-06 0.000114038409934
176.0 -4.68921702091e-06 0.000106591799794
177.0 -1.01710934693e-05 9.93894884763e-05
178.0 -1.53186165656e-05 9.24229419484e-05
179.0 -2.01488119599e-05 8.56899038621e-05
180.0 -2.46771356772e-05 7.9175809861e-05
181.0 -2.89194862085e-05 7.28800116208e-05
182.0 -3.28895456799e-05 6.68008881338e-05
183.0 -3.66023568974e-05 6.09228327705e-05
184.0 -4.00707506863e-05 5.52446328628e-05
185.0 -4.3307980933e-05 4.97627787662e-05
186.0 -4.63256584291e-05 4.44713838916e-05
187.0 -4.91359928885e-05 3.93615060784e-05
188.0 -5.17493616077e-05 3.44310958514e-05
189.0 -5.41767248111e-05 2.96746571591e-05
190.0 -5.64277930275e-05 2.50800468098e-05
191.0 -5.8511838996e-05 2.06542387281e-05
192.0 -6.04382260279e-05 1.63876706047e-05
193.0 -6.22141402628e-05 1.22870316373e-05
194.0 -6.38479067494e-05 8.33158319825e-06
195.0 -6.5347306449e-05 4.52301282649e-06
196.0 -6.67195817286e-05 8.60700717364e-07
197.0 -6.7970743515e-05 -2.65950311505e-06
198.0 -6.91080104399e-05 -6.04127951359e-06
199.0 -7.01370980379e-05 -9.28618384184e-06
200.0 -7.10638317041e-05 -1.24004005113e-05
201.0 -7.18943136911e-05 -1.53867785662e-05
202.0 -7.26335321827e-05 -1.82504009722e-05
203.0 -7.3287042313e-05 -2.09946031394e-05
204.0 -7.38601059367e-05 -2.3623296984e-05
205.0 -7.43570231017e-05 -2.61344143937e-05
206.0 -7.47832110671e-05 -2.85405645437e-05
207.0 -7.51418667907e-05 -3.0837646399e-05
208.0 -7.54388067412e-05 -3.30347367931e-05
209.0 -7.56763132078e-05 -3.51273066663e-05
210.0 -7.58596472746e-05 -3.71228852221e-05
211.0 -7.59911097526e-05 -3.90133270523e-05
212.0 -7.60735081845e-05 -4.08153356203e-05
213.0 -7.61111412307e-05 -4.25398836547e-05
214.0 -7.61069978031e-05 -4.4179193634e-05
215.0 -7.6061823388e-05 -4.57323110729e-05
216.0 -7.59787887119e-05 -4.72071002837e-05
217.0 -7.58591158882e-05 -4.85982945633e-05
218.0 -7.57056856914e-05 -4.99093592e-05
219.0 -7.55177713154e-05 -5.11506329122e-05
220.0 -7.52984962109e-05 -5.23128863446e-05
221.0 -7.50491793448e-05 -5.34065963808e-05
222.0 -7.47694478388e-05 -5.4428358766e-05
223.0 -7.44611900518e-05 -5.53834724893e-05
224.0 -7.41264120219e-05 -5.6271607855e-05
225.0 -7.37618595448e-05 -5.70910348021e-05
226.0 -7.33732403191e-05 -5.7854207026e-05
227.0 -7.29581647797e-05 -5.85526710166e-05
228.0 -7.25200123396e-05 -5.91943091803e-05
229.0 -7.20563497433e-05 -5.97732884783e-05
230.0 -7.1569032035e-05 -6.02942970675e-05
231.0 -7.10575275625e-05 -6.07536133151e-05
232.0 -7.0525097295e-05 -6.11601307223e-05
233.0 -6.99697228533e-05 -6.15123829635e-05
234.0 -6.93931891637e-05 -6.18147139263e-05
235.0 -6.87916809562e-05 -6.20615306762e-05
236.0 -6.81722626803e-05 -6.22599301106e-05
237.0 -6.7531902132e-05 -6.24087395898e-05
238.0 -6.68702653007e-05 -6.2506192071e-05
239.0 -6.61892037144e-05 -6.25506997712e-05
240.0 -6.54885494473e-05 -6.25559490902e-05
241.0 -6.47711902747e-05 -6.25129125722e-05
242.0 -6.4032156457e-05 -6.24213368456e-05
243.0 -6.32797016554e-05 -6.22933331716e-05
244.0 -6.25104644488e-05 -6.21238920246e-05
245.0 -6.17271338947e-05 -6.19159148486e-05
246.0 -6.09252383048e-05 -6.16577564647e-05
247.0 -6.01103882368e-05 -6.13611992231e-05
248.0 -5.92849333829e-05 -6.10365335995e-05
249.0 -5.84406176401e-05 -6.06706874706e-05
250.0 -5.75922652828e-05 -6.02756972491e-05
251.0 -5.67286802176e-05 -5.98408213408e-05
252.0 -5.58560726304e-05 -5.93767475217e-05
253.0 -5.49709520254e-05 -5.88779083317e-05
254.0 -5.40772847887e-05 -5.83497498381e-05
255.0 -5.31758288867e-05 -5.77973646829e-05
256.0 -5.22652975054e-05 -5.72125136692e-05
257.0 -5.13449477856e-05 -5.66025520956e-05
258.0 -5.04202726303e-05 -5.59683302118e-05
259.0 -4.94858870333e-05 -5.53068453793e-05
260.0 -4.85448572213e-05 -5.46206074506e-05
261.0 -4.76010179281e-05 -5.39153481972e-05
262.0 -4.66459249793e-05 -5.31756341297e-05
263.0 -4.56940059759e-05 -5.24257529991e-05
264.0 -4.4726422133e-05 -5.16456192727e-05
265.0 -4.37678541991e-05 -5.08607256316e-05
266.0 -4.28024745032e-05 -5.00536149249e-05
267.0 -4.1836795883e-05 -4.92327021803e-05
268.0 -4.08680606273e-05 -4.83950650222e-05
269.0 -3.98999269682e-05 -4.75445208492e-05
270.0 -3.893684348e-05 -4.66822687102e-05
271.0 -3.79630591128e-05 -4.57934476207e-05
272.0 -3.7007255106e-05 -4.49134134646e-05
273.0 -3.60429006689e-05 -4.40140298073e-05
274.0 -3.50864660743e-05 -4.31080732433e-05
275.0 -3.41427785546e-05 -4.22007066992e-05
276.0 -3.32001328335e-05 -4.12829912365e-05
277.0 -3.22695800531e-05 -4.03652966333e-05
278.0 -3.13385707272e-05 -3.94369411203e-05
279.0 -3.04232450539e-05 -3.85096631464e-05
280.0 -2.95194838385e-05 -3.75856089775e-05
281.0 -2.86162098619e-05 -3.66493160266e-05
282.0 -2.77376647962e-05 -3.57277559916e-05
283.0 -2.68669071721e-05 -3.48048769593e-05
284.0 -2.60117999006e-05 -3.3885224273e-05
285.0 -2.51730691463e-05 -3.29702962432e-05
286.0 -2.43540566918e-05 -3.20638720965e-05
287.0 -2.35530094676e-05 -3.11639289937e-05
288.0 -2.27648870388e-05 -3.02648885978e-05
289.0 -2.20043415906e-05 -2.93871875552e-05
290.0 -2.12703878979e-05 -2.85279474979e-05
291.0 -2.05589110973e-05 -2.76836370872e-05
292.0 -1.98773851231e-05 -2.68591101606e-05
293.0 -1.92244509072e-05 -2.6052989394e-05
294.0 -1.86005745218e-05 -2.52682929451e-05
295.0 -1.80122540885e-05 -2.45120262562e-05
296.0 -1.74557538814e-05 -2.37772636882e-05
297.0 -1.693741174e-05 -2.30722596865e-05
298.0 -1.64588980335e-05 -2.24012057093e-05
299.0 -1.60202292802e-05 -2.17621252768e-05
