10.0 0.0264673401528 0.026443846881
11.0 0.0242674863873 0.0242661112865
12.0 0.0223263458473 0.0223380611538
13.0 0.0206028033758 0.0206259179853
14.0 0.0190641305225 0.0190961412509
15.0 0.0176840297809 0.017722848869
16.0 0.0164409442525 0.0164847644513
17.0 0.0153170095465 0.0153638847846
18.0 0.0142973511986 0.0143475476126
19.0 0.0133693201035 0.0134208330765
20.0 0.0125222475796 0.012574681316
21.0 0.011747055355 0.0117994975707
22.0 0.0110358107492 0.0110863533692
23.0 0.0103817670968 0.0104336424606
24.0 0.00977897584726 0.00983028871328
25.0 0.00922225695173 0.00927331602398
26.0 0.00870711424982 0.00875645693176
27.0 0.00822957934135 0.00827865896667
28.0 0.00778613347248 0.00783458774735
29.0 0.00737367230882 0.00742197160441
30.0 0.00698944324985 0.00703692768393
31.0 0.00663101883745 0.00667743685637
32.0 0.00629617098934 0.00634280930464
33.0 0.00598295186517 0.00603008553758
34.0 0.00568959304811 0.0057364765035
35.0 0.00541452857584 0.00546171720095
36.0 0.00515629944522 0.00520363851976
37.0 0.00491361683749 0.00496152012
38.0 0.00468534179953 0.00473369784643
39.0 0.00447039307613 0.00451895253152
40.0 0.0042677969235 0.00431723763703
41.0 0.00407669937985 0.00412630519282
42.0 0.00389627889579 0.00394661386658
43.0 0.0037258148465 0.00377678865481
44.0 0.00356463970079 0.00361631258025
45.0 0.00341212973491 0.00346332571151
46.0 0.00326772887714 0.00331932878219
47.0 0.00313091149216 0.00318269819567
48.0 0.00300121041718 0.0030530128942
49.0 0.0028781949813 0.00292987235122
50.0 0.00276142851643 0.00281310712567
51.0 0.00265056171827 0.00270172910809
52.0 0.00254523976908 0.00259590821946
53.0 0.00244514054533 0.00249524140174
54.0 0.00234996653291 0.00239933684728
55.0 0.00225943305104 0.00230774502501
56.0 0.00217328819219 0.002220604881
57.0 0.00209129649734 0.00213717178742
58.0 0.00201320415914 0.00205777721896
59.0 0.00193884784252 0.00198174361685
60.0 0.0018679857889 0.00190913514614
61.0 0.00180052421012 0.00183962858003
62.0 0.00173620132164 0.0017730787063
63.0 0.00167493440551 0.00170947456089
64.0 0.00161654305712 0.00164832668103
65.0 0.00156092117375 0.00158949068144
66.0 0.00150793092996 0.00153353491081
67.0 0.00145747516948 0.00147976388013
68.0 0.00140943033431 0.00142846751774
69.0 0.00136371272391 0.00137860219095
70.0 0.00132024410091 0.00133094000426
71.0 0.0012788907656 0.00128505804038
72.0 0.00123960384229 0.00124106733664
73.0 0.00120232196793 0.00119859459903
74.0 0.00116701931205 0.00115790025059
75.0 0.00113354818716 0.00111862049807
76.0 0.00110187534506 0.00108077834746
77.0 0.00107195578078 0.00104434918658
78.0 0.0010437162897 0.00100928050827
79.0 0.00101709243519 0.000975468487963
80.0 0.000992014219287 0.000942799766619
81.0 0.000968421481642 0.000911286585501
82.0 0.000946250959755 0.000880956556044
83.0 0.000925420215321 0.000851600662929
84.0 0.000905857432012 0.000823213782078
85.0 0.000887489188825 0.000795873987186
86.0 0.000870212367595 0.000769446399659
87.0 0.000853938015384 0.000743901083124
88.0 0.000838573480308 0.000719168594873
89.0 0.000823989392057 0.000695290233711
90.0 0.000810118617199 0.00067215973666
91.0 0.00079678485065 0.000649785537897
92.0 0.000783923090902 0.000628133079257
93.0 0.000771399981861 0.000607192866073
94.0 0.000759094817392 0.000586940055085
95.0 0.00074687911553 0.000567331659251
96.0 0.000734656249271 0.000548368754828
97.0 0.000722304077989 0.000529954221238
98.0 0.000709725787828 0.000512147721405
99.0 0.000696797521663 0.000494960163029
100.0 0.000683457257504 0.000478280874045
101.0 0.000669592075107 0.000462081857033
102.0 0.000655170387729 0.000446417733592
103.0 0.000640115484282 0.000431235107495
104.0 0.000624399432596 0.000416533156725
105.0 0.000607985075847 0.000402262638908
106.0 0.000590863113074 0.000388436501096
107.0 0.000573053386974 0.000375025833749
108.0 0.000554573486348 0.00036201370125
109.0 0.000535444932403 0.000349381116092
110.0 0.000515731346379 0.000337123043879
111.0 0.000495488380356 0.000325254692738
112.0 0.000474785215911 0.000313724378465
113.0 0.000453719073312 0.000302556685621
114.0 0.000432354817636 0.000291702766586
115.0 0.00041080338604 0.000281194561168
116.0 0.000389144156252 0.000270981524192
117.0 0.000367483954281 0.000261087845085
118.0 0.000345896912277 0.000251490143976
119.0 0.000324518309158 0.00024218298693
120.0 0.000303395604398 0.000233160291216
121.0 0.000282615414348 0.000224378638775
122.0 0.000262277123611 0.000215886274824
123.0 0.000242463812669 0.000207649135995
124.0 0.000223211764125 0.000199680232187
125.0 0.000204583183192 0.000191914889114
126.0 0.000186604915305 0.000184401498004
127.0 0.000169354979846 0.00017706168919
128.0 0.00015284999675 0.000170001923816
129.0 0.00013711447896 0.000163146861541
130.0 0.000122161755923 0.000156478494765
131.0 0.000108002952023 0.000150022059604
132.0 9.46414445775e-05 0.000143778347613
133.0 8.20795074839e-05 0.000137722154961
134.0 7.02768318368e-05 0.000131810010366
135.0 5.92585149232e-05 0.000126126855278
136.0 4.89615367872e-05 0.000120591599939
137.0 3.94101625122e-05 0.0001152674721
138.0 3.05381160718e-05 0.000110066564363
139.0 2.23429437496e-05 0.000105015361294
140.0 1.47686583152e-05 0.000100136350899
141.0 7.85243771282e-06 9.54364137018e-05
142.0 1.4299900235e-06 9.08031285585e-05
143.0 -4.35431098449e-06 8.64096730067e-05
144.0 -9.64199761093e-06 8.21407262751e-05
145.0 -1.44660503203e-05 7.79754895641e-05
146.0 -1.88253019492e-05 7.39650490462e-05
147.0 -2.27369399955e-05 7.01024644461e-05
148.0 -2.62722615941e-05 6.63433171282e-05
149.0 -2.9419186421e-05 6.27292358753e-05
150.0 -3.22520183068e-05 5.92100393035e-05
151.0 -3.47551928598e-05 5.58221533205e-05
152.0 -3.69487224728e-05 5.25555056731e-05
153.0 -3.88997797489e-05 4.93778222341e-05
154.0 -4.05977368497e-05 4.63209528017e-05
155.0 -4.20572311759e-05 4.33693774047e-05
156.0 -4.3320619786e-05 4.05129271858e-05
157.0 -4.43927634711e-05 3.77439615233e-05
158.0 -4.52863716061e-05 3.50836324332e-05
159.0 -4.60263849289e-05 3.2509094445e-05
160.0 -4.66136727451e-05 3.00317631542e-05
161.0 -4.70688199254e-05 2.76412368812e-05
162.0 -4.74025534177e-05 2.5331766124e-05
163.0 -4.76281295474e-05 2.31125190067e-05
164.0 -4.77554554638e-05 2.09638811213e-05
165.0 -4.77638709431e-05 1.89249951633e-05
166.0 -4.77220118278e-05 1.69335934896e-05
167.0 -4.75654943317e-05 1.50617470874e-05
168.0 -4.73548865729e-05 1.32373163059e-05
169.0 -4.70763897912e-05 1.14923693897e-05
170.0 -4.67250081075e-05 9.85718941821e-06
171.0 -4.63250641472e-05 8.27067092133e-06
172.0 -4.58736449048e-05 6.7589851326e-06
173.0 -4.53960560501e-05 5.30039380136e-06
174.0 -4.48467286838e-05 3.95503254722e-06
175.0 -4.43059626623e-05 2.60829250458e-06
176.0 -4.37034857826e-05 1.36646791657e-06
177.0 -4.30830738697e-05 1.79484158224e-07
178.0 -4.24494216565e-05 -9.61411433169e-07
179.0 -4.17921564019e-05 -2.04273633505e-06
180.0 -4.11358744336e-05 -3.09302029811e-06
181.0 -4.04343627917e-05 -4.05413398035e-06
182.0 -3.9766950916e-05 -5.00714418621e-06
183.0 -3.90399133117e-05 -5.86758964998e-06
184.0 -3.83682332346e-05 -6.74027089491e-06
185.0 -3.76034791215e-05 -7.47409205487e-06
186.0 -3.69338798925e-05 -8.27084160476e-06
187.0 -3.62314134838e-05 -9.00640252374e-06
188.0 -3.54859372717e-05 -9.64459567686e-06
189.0 -3.47830611297e-05 -1.02702664472e-05
190.0 -3.4053265056e-05 -1.08478530289e-05
191.0 -3.33386057024e-05 -1.13892573265e-05
192.0 -3.26154697692e-05 -1.19030482963e-05
193.0 -3.18987656898e-05 -1.23696910359e-05
194.0 -3.11662468898e-05 -1.27752365582e-05
195.0 -3.04504058031e-05 -1.31757929713e-05
196.0 -2.972348992e-05 -1.35122660394e-05
197.0 -2.89994423377e-05 -1.38263120908e-05
198.0 -2.82945952849e-05 -1.41111838155e-05
199.0 -2.75730250629e-05 -1.43571992214e-05
200.0 -2.68529069885e-05 -1.45619045316e-05
201.0 -2.61381664643e-05 -1.47396678503e-05
202.0 -2.54318878982e-05 -1.48837415254e-05
203.0 -2.47335142308e-05 -1.50138065781e-05
204.0 -2.4041108893e-05 -1.5125197099e-05
205.0 -2.33621992904e-05 -1.51960920183e-05
206.0 -2.26887272318e-05 -1.52680268594e-05
207.0 -2.20217073233e-05 -1.52928352625e-05
208.0 -2.13815103776e-05 -1.53235147932e-05
209.0 -2.07127328198e-05 -1.52942982458e-05
210.0 -2.00558111484e-05 -1.52622040774e-05
211.0 -1.94500547876e-05 -1.52447659761e-05
212.0 -1.88439860333e-05 -1.52065346991e-05
213.0 -1.82146452474e-05 -1.5119295589e-05
214.0 -1.76279509137e-05 -1.50540389413e-05
215.0 -1.70146905976e-05 -1.49303615224e-05
216.0 -1.64214506471e-05 -1.48132521252e-05
217.0 -1.58547105782e-05 -1.4698543154e-05
218.0 -1.52744955226e-05 -1.45532123375e-05
219.0 -1.46838977724e-05 -1.43735571158e-05
220.0 -1.41362172018e-05 -1.42240072122e-05
221.0 -1.3553721897e-05 -1.40215537377e-05
222.0 -1.29930038448e-05 -1.38136745078e-05
223.0 -1.24259445205e-05 -1.35938586826e-05
224.0 -1.18706756696e-05 -1.33682852513e-05
225.0 -1.13107125864e-05 -1.31206127999e-05
226.0 -1.07431813433e-05 -1.28565180744e-05
227.0 -1.01933778556e-05 -1.25878063195e-05
228.0 -9.62525053762e-06 -1.22932236118e-05
229.0 -9.08335577441e-06 -1.20103752364e-05
230.0 -8.53507742508e-06 -1.17070200215e-05
231.0 -7.97787291956e-06 -1.13824040798e-05
232.0 -7.4316484604e-06 -1.10617794535e-05
233.0 -6.87483316806e-06 -1.07146690461e-05
234.0 -6.33039332214e-06 -1.03676872091e-05
235.0 -5.76902841422e-06 -9.99407858296e-06
236.0 -5.21341128979e-06 -9.61523062506e-06
237.0 -4.66773348556e-06 -9.24159477291e-06
238.0 -4.11548868626e-06 -8.84353867211e-06
239.0 -3.57548857638e-06 -8.44974652412e-06
240.0 -3.02747129588e-06 -8.03998823447e-06
241.0 -2.47919520921e-06 -7.62054007214e-06
242.0 -1.94641830859e-06 -7.20681891892e-06
243.0 -1.43062719017e-06 -6.80003333939e-06
244.0 -9.02891390769e-07 -6.36695554474e-06
245.0 -3.91863435813e-07 -5.94966349396e-06
246.0 1.19933984515e-07 -5.51934714199e-06
247.0 6.06139992736e-07 -5.11029504158e-06
248.0 1.10857602065e-06 -4.67311385486e-06
249.0 1.58645061122e-06 -4.24980083171e-06
250.0 2.05473791393e-06 -3.82983890146e-06
251.0 2.53865347988e-06 -3.38429611868e-06
252.0 2.95537903303e-06 -3.0108209008e-06
253.0 3.4212381565e-06 -2.58102174873e-06
254.0 3.8399097596e-06 -2.17501899468e-06
255.0 4.27516193042e-06 -1.75496033719e-06
256.0 4.70636854123e-06 -1.33345126827e-06
257.0 5.08615957748e-06 -9.62959449998e-07
258.0 5.49014747573e-06 -5.5781688058e-07
259.0 5.88128896932e-06 -1.56461227722e-07
260.0 6.24721703724e-06 2.19964030151e-07
261.0 6.60609068436e-06 5.97696201638e-07
262.0 6.9559936382e-06 9.70586530483e-07
263.0 7.28687917398e-06 1.3304454904e-06
264.0 7.59357926063e-06 1.67804122253e-06
265.0 7.89804111485e-06 2.0145790405e-06
266.0 8.17919370963e-06 2.3402819933e-06
267.0 8.45060660219e-06 2.66664225067e-06
268.0 8.69097743164e-06 2.95562769842e-06
269.0 8.92855018357e-06 3.25547599967e-06
270.0 9.14574039123e-06 3.5337907751e-06
271.0 9.34954485627e-06 3.80506778361e-06
272.0 9.53236468016e-06 4.06444055962e-06
273.0 9.70646549667e-06 4.32322034876e-06
274.0 9.86139643481e-06 4.55901652739e-06
275.0 9.99563954208e-06 4.78556013459e-06
276.0 1.01142783506e-05 4.99640251485e-06
277.0 1.02323402152e-05 5.22000071121e-06
278.0 1.0322852356e-05 5.41524396249e-06
279.0 1.04033992265e-05 5.61111595813e-06
280.0 1.04691815793e-05 5.79650422228e-06
281.0 1.05115475197e-05 5.96280857712e-06
282.0 1.05380720915e-05 6.12041547359e-06
283.0 1.05421611016e-05 6.2592149002e-06
284.0 1.05247800405e-05 6.38237971287e-06
285.0 1.04836339122e-05 6.49219407634e-06
286.0 1.04141530854e-05 6.57876102718e-06
287.0 1.03135505329e-05 6.63931522944e-06
288.0 1.01785420772e-05 6.67414232097e-06
289.0 1.00048002581e-05 6.67465857972e-06
290.0 9.78746175278e-06 6.6388674299e-06
291.0 9.51756404624e-06 6.56104479046e-06
292.0 9.18879016682e-06 6.43444545754e-06
293.0 8.78676484469e-06 6.24371534694e-06
294.0 8.30035024073e-06 5.9820264263e-06
295.0 7.70886964374e-06 5.63130798195e-06
296.0 6.96247614323e-06 5.15395577542e-06
297.0 6.03027070398e-06 4.51985971011e-06
298.0 4.75025535493e-06 3.60627489742e-06
299.0 0.0 0.0
