10.0 0.353209248221
11.0 0.299608799026
12.0 0.25759258654
13.0 0.223717624673
14.0 0.195808799326
15.0 0.172458754517
16.0 0.152705071375
17.0 0.135849900211
18.0 0.121364614821
19.0 0.10883765964
20.0 0.0979428662223
21.0 0.0884183927334
22.0 0.0800523080615
23.0 0.0726720840164
24.0 0.0661360530537
25.0 0.0603265126454
26.0 0.0551448030157
27.0 0.050508035328
28.0 0.0463465590494
29.0 0.0426015598929
30.0 0.0392229301273
31.0 0.0361676298709
32.0 0.0333983910618
33.0 0.0308827936624
34.0 0.0285928136205
35.0 0.0265043716314
36.0 0.0245964719434
37.0 0.0228504280571
38.0 0.0212497066917
39.0 0.0197799328307
40.0 0.0184285104601
41.0 0.0171842108948
42.0 0.0160371105343
43.0 0.0149784780582
44.0 0.0140003193368
45.0 0.0130951168937
46.0 0.0122561378503
47.0 0.0114777312775
48.0 0.0107550550518
49.0 0.0100835670974
50.0 0.00945889355079
51.0 0.00887711468442
52.0 0.00833495244516
53.0 0.00782955033548
54.0 0.00735814643249
55.0 0.00691797245467
56.0 0.00650637792173
57.0 0.00612102222298
58.0 0.00575994951982
59.0 0.00542151783694
60.0 0.00510425098891
61.0 0.0048066432651
62.0 0.00452711585364
63.0 0.00426427320293
64.0 0.00401706495494
65.0 0.00378449546612
66.0 0.0035653607399
67.0 0.00335849891903
68.0 0.00316310587079
69.0 0.00297860763228
70.0 0.00280435393959
71.0 0.00263953037387
72.0 0.0024832658448
73.0 0.00233478417576
74.0 0.0021935023719
75.0 0.00205897898335
76.0 0.0019307578229
77.0 0.00180832317038
78.0 0.00169127931374
79.0 0.00157952875042
80.0 0.00147318316782
81.0 0.00137240315934
82.0 0.00127746440169
83.0 0.00118882104429
84.0 0.001106937078
85.0 0.00103231684483
86.0 0.000965969266976
87.0 0.000909590288555
88.0 0.000865027506178
89.0 0.000833809177479
90.0 0.000817430518009
91.0 0.000817797414596
92.0 0.000836829961617
93.0 0.000875424639
94.0 0.000933032313941
95.0 0.00100819763035
96.0 0.00109893762543
97.0 0.00120232129473
98.0 0.00131395448517
99.0 0.00142815061494
100.0 0.0015387941348
101.0 0.00164021549566
102.0 0.00172745167757
103.0 0.00179618807709
104.0 0.00184300668071
105.0 0.00186583662357
106.0 0.00186412005306
107.0 0.0018386158548
108.0 0.00179113609235
109.0 0.00172427952907
110.0 0.00164102356771
111.0 0.00154445709965
112.0 0.00143787528236
113.0 0.00132474509419
114.0 0.00120827753906
115.0 0.00109109105381
116.0 0.000975228661141
117.0 0.000862299948094
118.0 0.00075363893194
119.0 0.000650443835219
120.0 0.000553680942225
121.0 0.000463725651691
122.0 0.000380268049263
123.0 0.000302870576084
124.0 0.000231568679999
125.0 0.000166727297318
126.0 0.000108396885615
127.0 5.59777051756e-05
128.0 8.5491986835e-06
129.0 -3.44552156772e-05
130.0 -7.29546356958e-05
131.0 -0.000106759000984
132.0 -0.000136325579947
133.0 -0.000162626980528
134.0 -0.000186287678721
135.0 -0.000207296955826
136.0 -0.000225587539069
137.0 -0.000241443462932
138.0 -0.000255261377158
139.0 -0.000267263614951
140.0 -0.000277574905361
141.0 -0.000286351092883
142.0 -0.000293684344886
143.0 -0.000299564334141
144.0 -0.000304118025768
145.0 -0.000307713446959
146.0 -0.000310645661767
147.0 -0.000312913869089
148.0 -0.000314418512733
149.0 -0.00031518337698
150.0 -0.000315373272053
151.0 -0.000315219797367
152.0 -0.000314837487395
153.0 -0.000314077207602
154.0 -0.000312748790351
155.0 -0.000310995491658
156.0 -0.000309193462779
157.0 -0.000307432829879
158.0 -0.000305390566877
159.0 -0.000302845061893
160.0 -0.000300015198516
161.0 -0.000297198351866
162.0 -0.000294358333091
163.0 -0.000291286635224
164.0 -0.000287967706675
165.0 -0.000284568634352
166.0 -0.000281115950145
167.0 -0.000277437594629
168.0 -0.000273544150438
169.0 -0.000269744685083
170.0 -0.000266161467364
171.0 -0.000262491268021
172.0 -0.000258520527636
173.0 -0.000254558775541
174.0 -0.00025107599395
175.0 -0.000248081117111
176.0 -0.0002451101149
177.0 -0.000241840242581
178.0 -0.000238459493692
179.0 -0.000235266012202
180.0 -0.000232220425961
181.0 -0.000229125365159
182.0 -0.000225879488984
183.0 -0.000222371246031
184.0 -0.000218526685616
185.0 -0.0002145736508
186.0 -0.00021091322699
187.0 -0.000207675051852
188.0 -0.000204576264664
189.0 -0.000201214952629
190.0 -0.000197489359087
191.0 -0.000193780137964
192.0 -0.000190605859711
193.0 -0.000187994022616
194.0 -0.000185399087135
195.0 -0.000182429536686
196.0 -0.000179435827613
197.0 -0.000177095386648
198.0 -0.000175525491219
199.0 -0.000174106425279
200.0 -0.000172224035222
201.0 -0.000169947241102
202.0 -0.000167813778209
203.0 -0.000166096545655
204.0 -0.000164505971935
205.0 -0.000162616612137
206.0 -0.00016037572557
207.0 -0.000158052517885
208.0 -0.000155860987608
209.0 -0.0001538069245
210.0 -0.000151792829994
211.0 -0.000149801032853
212.0 -0.0001479665853
213.0 -0.000146356255772
214.0 -0.000144776486721
215.0 -0.000143033208465
216.0 -0.00014124519791
217.0 -0.000139648398097
218.0 -0.000138230312568
219.0 -0.00013679500665
220.0 -0.000135256937599
221.0 -0.000133663262158
222.0 -0.000132094826999
223.0 -0.000130682083397
224.0 -0.000129426494077
225.0 -0.000127980171032
226.0 -0.000126058243422
227.0 -0.000123995548072
228.0 -0.000122355797534
229.0 -0.000121117668691
230.0 -0.000119768830227
231.0 -0.00011806457384
232.0 -0.000116230139362
233.0 -0.000114536548064
234.0 -0.000113022799146
235.0 -0.000111538222427
236.0 -0.000109898907779
237.0 -0.000108064202949
238.0 -0.000106136235175
239.0 -0.000104212103104
240.0 -0.00010240159909
241.0 -0.000100859442382
242.0 -9.9547601884e-05
243.0 -9.8159811317e-05
244.0 -9.6562907606e-05
245.0 -9.50990057216e-05
246.0 -9.41254868417e-05
247.0 -9.33864605712e-05
248.0 -9.22301820235e-05
249.0 -9.04840277397e-05
250.0 -8.86667283952e-05
251.0 -8.71853406608e-05
252.0 -8.58564946333e-05
253.0 -8.44424039292e-05
254.0 -8.30732319356e-05
255.0 -8.18816575291e-05
256.0 -8.07571957763e-05
257.0 -7.96611301155e-05
258.0 -7.87301037528e-05
259.0 -7.79340215513e-05
260.0 -7.69687870485e-05
261.0 -7.5606631093e-05
262.0 -7.39716862491e-05
263.0 -7.2397516442e-05
264.0 -7.11223529575e-05
265.0 -7.01755767382e-05
266.0 -6.94484344166e-05
267.0 -6.87607996524e-05
268.0 -6.79563616163e-05
269.0 -6.70761796712e-05
270.0 -6.63212319838e-05
271.0 -6.57043808928e-05
272.0 -6.49035558242e-05
273.0 -6.36560188628e-05
274.0 -6.21915895761e-05
275.0 -6.10288450909e-05
276.0 -6.03378694775e-05
277.0 -5.97275735513e-05
278.0 -5.87328709788e-05
279.0 -5.73749380852e-05
280.0 -5.61381187096e-05
281.0 -5.54120676671e-05
282.0 -5.50937287039e-05
283.0 -5.48253806931e-05
284.0 -5.44416049311e-05
285.0 -5.40324569601e-05
286.0 -5.37606213515e-05
287.0 -5.37185179201e-05
288.0 -5.37786478299e-05
289.0 -5.36139888428e-05
290.0 -5.30516957712e-05
291.0 -5.23060166889e-05
292.0 -5.17196114145e-05
293.0 -5.13796465835e-05
294.0 -5.10834744632e-05
295.0 -5.06477712324e-05
296.0 -5.01518955022e-05
297.0 -4.97700128048e-05
298.0 -4.94961734606e-05
299.0 -4.92418898488e-05
