10.0 0.4912199664440022
11.0 0.4081930982951568
12.0 0.3417489295587609
13.0 0.28796036005711795
14.0 0.24399496940676071
15.0 0.207767726587549
16.0 0.1777160159719309
17.0 0.1526453875050195
18.0 0.1316259606054947
19.0 0.11392505877168801
20.0 0.09896085723516199
21.0 0.08626743536711506
22.0 0.07546780617916041
23.0 0.06625374911946504
24.0 0.0583712967317922
25.0 0.0516102994827216
26.0 0.04579643206929248
27.0 0.040784581612637844
28.0 0.036453340303296874
29.0 0.0327006570157883
30.0 0.029440514735657862
31.0 0.02660029422472913
32.0 0.02411856244174431
33.0 0.02194321555982371
34.0 0.020029985212859376
35.0 0.01834126683144572
36.0 0.01684515496476786
37.0 0.015514576518391042
38.0 0.014326507927481046
39.0 0.013261335524993745
40.0 0.012302378970287221
41.0 0.011435506498622006
42.0 0.010648756030067263
43.0 0.009931956365966582
44.0 0.009276411106006351
45.0 0.008674683193210051
46.0 0.00812044414460931
47.0 0.007608326006409296
48.0 0.007133758134759437
49.0 0.006692819293848643
50.0 0.006282131739952214
51.0 0.005898786311972812
52.0 0.005540269850644703
53.0 0.005204385228295262
54.0 0.004889179302341818
55.0 0.004592895288031787
56.0 0.004313948222415373
57.0 0.004050909780502156
58.0 0.003802493033075648
59.0 0.003567538678931955
60.0 0.0033450077231902513
61.0 0.0031339796829233406
62.0 0.002933649116720677
63.0 0.0027433142836584294
64.0 0.0025623591078980713
65.0 0.002390236445740995
66.0 0.0022264612442475444
67.0 0.0020706165754581134
68.0 0.0019223684674559496
69.0 0.0017814819704882025
70.0 0.001647832474918576
71.0 0.0015214104091415385
72.0 0.001402320372002233
73.0 0.0012907759004054252
74.0 0.0011870898142262217
75.0 0.0010916597213000093
76.0 0.0010049494596770722
77.0 0.0009274685236408576
78.0 0.0008597511044990065
79.0 0.0008023342467949454
80.0 0.000755732532582586
81.0 0.0007204064499459181
82.0 0.000696723404174829
83.0 0.0006849129431720114
84.0 0.0006850198212825234
85.0 0.0006968595642465004
86.0 0.0007199815242989853
87.0 0.0007536442648590747
88.0 0.0007968072665209307
89.0 0.0008481411197833735
90.0 0.0009060558249434904
91.0 0.0009687444123691335
92.0 0.0010342377137906166
93.0 0.0011004660471707788
94.0 0.001165324388377767
95.0 0.0012267385376036595
96.0 0.00128273030217922
97.0 0.0013314797160632566
98.0 0.0013713820403981484
99.0 0.001401097054845271
100.0 0.0014195881708187303
101.0 0.0014261492547493245
102.0 0.001420417720109258
103.0 0.0014023733400893436
104.0 0.0013723232142169074
105.0 0.0013308742518667275
106.0 0.0012788953072822055
107.0 0.0012174716536128857
108.0 0.0011478547814369622
109.0 0.0010714105187064407
110.0 0.0009895681810769023
111.0 0.0009037729206693696
112.0 0.0008154427756061175
113.0 0.0007259313081174539
114.0 0.0006364962992362385
115.0 0.0005482747803551944
116.0 0.00046226464238452225
117.0 0.0003793130225752999
118.0 0.0003001115019251759
119.0 0.00022519781788329132
120.0 0.00015496337217498163
121.0 8.966540908116505e-05
122.0 2.9442461237535748e-05
123.0 -2.5668440010011515e-05
124.0 -7.571421956492572e-05
125.0 -0.00012080909956855223
126.0 -0.00016111974287541975
127.0 -0.00019685274949993297
128.0 -0.0002282446616716001
129.0 -0.00025555425420815503
130.0 -0.00027905658311476705
131.0 -0.00029903809691000455
132.0 -0.0003157921203560471
133.0 -0.000329614195276758
134.0 -0.00034079705699459654
135.0 -0.0003496253522828516
136.0 -0.0003563704725434331
137.0 -0.0003612860130101865
138.0 -0.00036460434736949686
139.0 -0.00036653464846819815
140.0 -0.0003672624483331476
141.0 -0.0003669505876221978
142.0 -0.000365741218741942
143.0 -0.00036375843364797365
144.0 -0.0003611110900784554
145.0 -0.00035789548652213345
146.0 -0.00035419765225233173
147.0 -0.0003500951409544464
148.0 -0.0003456583210658948
149.0 -0.00034095123104305885
150.0 -0.000336032110882281
151.0 -0.00033095373493757346
152.0 -0.0003257636596694168
153.0 -0.0003205044683563412
154.0 -0.00031521404954638926
155.0 -0.00030992589665801825
156.0 -0.00030466937514699353
157.0 -0.0002994698840425433
158.0 -0.00029434884958371755
159.0 -0.000289323531047502
160.0 -0.00028440668294283755
161.0 -0.0002796061846992224
162.0 -0.00027492479609569947
163.0 -0.0002703602048375762
164.0 -0.00026590549334267653
165.0 -0.0002615500706965112
166.0 -0.0002572810119789411
167.0 -0.0002530846477661433
168.0 -0.0002489481784480236
169.0 -0.000244861069892303
170.0 -0.00024081602432825572
171.0 -0.00023680940387751034
172.0 -0.00023284109295550136
173.0 -0.00022891389308334656
174.0 -0.00022503262416896639
175.0 -0.00022120314254752666
176.0 -0.0002174314724066193
177.0 -0.00021372319077205183
178.0 -0.0002100831243018229
179.0 -0.0002065153311658619
180.0 -0.00020302327458881104
181.0 -0.0001996100608119514
182.0 -0.0001962786178277382
183.0 -0.00019303172651462846
184.0 -0.00018987186952677235
185.0 -0.00018680091941575407
186.0 -0.0001838197319255458
187.0 -0.00018092773454730023
188.0 -0.0001781226021236679
189.0 -0.00017540009390364642
190.0 -0.00017275409648418385
191.0 -0.00017017688175884068
192.0 -0.00016765955463107497
193.0 -0.00016519263664354795
194.0 -0.0001627667122953882
195.0 -0.0001603730571156451
196.0 -0.00015800417187402356
197.0 -0.00015565416533579914
198.0 -0.0001533189560650957
199.0 -0.0001509962967518839
200.0 -0.00014868565527428307
201.0 -0.00014638800781944806
202.0 -0.0001441056053413151
203.0 -0.00014184176369307641
204.0 -0.00013960070294256693
205.0 -0.00013738742991188007
206.0 -0.0001352076294732073
207.0 -0.00013306751376193233
208.0 -0.00013097358021073787
209.0 -0.00012893225003078268
210.0 -0.00012694939375156405
211.0 -0.0001250297905430629
212.0 -0.00012317660214329675
213.0 -0.00012139096017564243
214.0 -0.00011967176109095232
215.0 -0.00011801573503985814
216.0 -0.00011641780860686694
217.0 -0.00011487172609618842
218.0 -0.00011337084187084004
219.0 -0.00011190895858073077
220.0 -0.00011048107139089915
221.0 -0.00010908389008350538
222.0 -0.0001077160471929401
223.0 -0.00010637795420945501
224.0 -0.00010507132903386283
225.0 -0.00010379847474374801
226.0 -0.00010256143188068505
227.0 -0.00010136114648346743
228.0 -0.00010019679092379452
229.0 -9.906534597811938e-05
230.0 -9.796150650076134e-05
231.0 -9.68779185603078e-05
232.0 -9.580570312870773e-05
233.0 -9.47351796938524e-05
234.0 -9.365667917791852e-05
235.0 -9.256133211536107e-05
236.0 -9.144173379912771e-05
237.0 -9.02924180129829e-05
238.0 -8.911010769727161e-05
239.0 -8.789374658400292e-05
240.0 -8.66443439026072e-05
241.0 -8.536468075276788e-05
242.0 -8.405893096321123e-05
243.0 -8.273224349168236e-05
244.0 -8.139032194324996e-05
245.0 -8.003902443959596e-05
246.0 -7.868399785339113e-05
247.0 -7.733035644511142e-05
248.0 -7.598241604552016e-05
249.0 -7.464349899052157e-05
250.0 -7.331582879621972e-05
251.0 -7.200053382215024e-05
252.0 -7.069777371359152e-05
253.0 -6.940699077333735e-05
254.0 -6.812727202436825e-05
255.0 -6.685778957349307e-05
256.0 -6.559827076585049e-05
257.0 -6.434943920987533e-05
258.0 -6.311336575100311e-05
259.0 -6.189367598688443e-05
260.0 -6.069557722202398e-05
261.0 -5.952569045312639e-05
262.0 -5.8391698470703195e-05
263.0 -5.73018453834116e-05
264.0 -5.626434202218929e-05
265.0 -5.5286742911157375e-05
266.0 -5.437536235757281e-05
267.0 -5.353478985835287e-05
268.0 -5.276755006209036e-05
269.0 -5.2073932677385886e-05
270.0 -5.1451996258626606e-05
271.0 -5.089772996341193e-05
272.0 -5.040534181990346e-05
273.0 -4.996763245488355e-05
274.0 -4.957641016402284e-05
275.0 -4.9222906118003286e-05
276.0 -4.889815601317891e-05
277.0 -4.8593324740406095e-05
278.0 -4.8299961731767276e-05
279.0 -4.801018488608761e-05
280.0 -4.771679919981238e-05
281.0 -4.7413361843262034e-05
282.0 -4.709420835379694e-05
283.0 -4.6754455179184844e-05
284.0 -4.638999251460572e-05
285.0 -4.599747879504515e-05
286.0 -4.5574344827761994e-05
287.0 -4.511881176997958e-05
288.0 -4.4629923280298334e-05
289.0 -4.4107588464716995e-05
290.0 -4.3552628968615715e-05
291.0 -4.296682102216211e-05
292.0 -4.235292172008967e-05
293.0 -4.171466854518571e-05
294.0 -4.105674225849047e-05
295.0 -4.038468574258861e-05
296.0 -3.970477498173516e-05
297.0 -3.9023842709304454e-05
298.0 -3.834905985361723e-05
299.0 -3.768768423381271e-05
