10.0 0.4336175537296908
11.0 0.36036887052737365
12.0 0.30175077599561084
13.0 0.25429822775932626
14.0 0.21551196308380066
15.0 0.18355215016755505
16.0 0.1570399316411146
17.0 0.13492134700229585
18.0 0.11637593152973648
19.0 0.10075727175072643
20.0 0.08755209593918592
21.0 0.07634942589304736
22.0 0.0668167679254211
23.0 0.05868230851220268
24.0 0.05172210084960782
25.0 0.04575085206181413
26.0 0.0406148667366929
27.0 0.03618621149286124
28.0 0.03235785532211085
29.0 0.0290398333645817
30.0 0.026156316285317394
31.0 0.02364328540031001
32.0 0.02144658267223541
33.0 0.01952027355148276
34.0 0.017825330199070104
35.0 0.0163285987549143
36.0 0.015001949087173488
37.0 0.013821510797720838
38.0 0.012766983158958531
39.0 0.011821071276407037
40.0 0.010969066018987771
41.0 0.01019850488372076
42.0 0.009498837972104096
43.0 0.00886109399866384
44.0 0.008277601598371645
45.0 0.007741799383813853
46.0 0.007248103049134536
47.0 0.006791774861557117
48.0 0.006368779752745244
49.0 0.005975654912567578
50.0 0.005609416414209877
51.0 0.005267493184968172
52.0 0.004947663022756712
53.0 0.004647982084905229
54.0 0.004366721358981904
55.0 0.0041023246685519595
56.0 0.0038533870426632854
57.0 0.003618641328879793
58.0 0.003396944748893768
59.0 0.0031872667508138397
60.0 0.0029886825468740837
61.0 0.002800371529602186
62.0 0.002621614216115921
63.0 0.0024517822614405645
64.0 0.002290322585559942
65.0 0.002136742677215021
66.0 0.0019906046605886827
67.0 0.001851530766017427
68.0 0.0017192166138540802
69.0 0.0015934456454801882
70.0 0.0014740994242744925
71.0 0.0013611621510189035
72.0 0.0012547203129579907
73.0 0.0011549585064174546
74.0 0.001062151353725216
75.0 0.0009766511097092502
76.0 0.0008988715998996434
77.0 0.000829270248432771
78.0 0.0007683295874251448
79.0 0.0007165377658265256
80.0 0.0006743657453705872
81.0 0.0006422386626089503
82.0 0.0006205004486225898
83.0 0.0006093731292539011
84.0 0.0006089140660600954
85.0 0.0006189753383972152
86.0 0.0006391697731974803
87.0 0.0006688480065873861
88.0 0.0007070902122541173
89.0 0.0007527145070259283
90.0 0.0008043017741393515
91.0 0.0008602344867241457
92.0 0.0009187458538124614
93.0 0.000977975508624687
94.0 0.0010360286342214842
95.0 0.0010910362134714721
96.0 0.0011412145214388088
97.0 0.001184921968110427
98.0 0.0012207111608718438
99.0 0.0012473738669851917
100.0 0.0012639766037661497
101.0 0.0012698849349274425
102.0 0.0012647751821857581
103.0 0.0012486330872983795
104.0 0.0012217398590170074
105.0 0.001184646885683749
106.0 0.0011381410918296373
107.0 0.0010832034119488368
108.0 0.0010209631152130413
109.0 0.0009526507147983851
110.0 0.0008795519252969956
111.0 0.0008029646347075663
112.0 0.0007241602491026819
113.0 0.0006443502055416693
114.0 0.0005646580604621418
115.0 0.0004860973806438071
116.0 0.00040955561851797125
117.0 0.0003357841114407778
118.0 0.00026539419467552
119.0 0.00019885912915116482
120.0 0.00013652117360501325
121.0 7.86027789869682e-05
122.0 2.522064357422639e-05
123.0 -2.3598714656299982e-05
124.0 -6.790314127792486e-05
125.0 -0.00010779986719723925
126.0 -0.00014344217889452474
127.0 -0.00017501822060164967
128.0 -0.00020274206097473183
129.0 -0.00022684682086343569
130.0 -0.0002475793899016222
131.0 -0.0002651961108658555
132.0 -0.0002799588156049651
133.0 -0.00029213075137400326
134.0 -0.0003019721964929191
135.0 -0.0003097358540091726
136.0 -0.00031566234927749796
137.0 -0.0003199762792254829
138.0 -0.0003228832430039958
139.0 -0.0003245681443925292
140.0 -0.00032519484741996336
141.0 -0.0003249070526334196
142.0 -0.000323830097784815
143.0 -0.0003220733046918143
144.0 -0.0003197324965870186
145.0 -0.00031689237788275253
146.0 -0.00031362857067417793
147.0 -0.0003100092101050784
148.0 -0.00030609609296970876
149.0 -0.0003019454401395895
150.0 -0.0002976083713978926
151.0 -0.0002931312033223146
152.0 -0.00028855567075209267
153.0 -0.0002839191444562039
154.0 -0.000279254877660478
155.0 -0.00027459227050677696
156.0 -0.00026995710532454924
157.0 -0.00026537168826719587
158.0 -0.0002608548424852732
159.0 -0.0002564217353617196
160.0 -0.00025208357885400467
161.0 -0.0002478473010432469
162.0 -0.0002437153285459841
163.0 -0.0002396856266334951
164.0 -0.00023575210918168349
165.0 -0.00023190545901526723
166.0 -0.0002281343076662584
167.0 -0.00022442663587069725
168.0 -0.00022077119599151659
169.0 -0.00021715874158283565
170.0 -0.00021358288226221422
171.0 -0.00021004045578142152
172.0 -0.000206531405180331
173.0 -0.00020305824359596785
174.0 -0.00019962526034152925
175.0 -0.00019623765383564536
176.0 -0.00019290076490090816
177.0 -0.00018961953413584282
178.0 -0.00018639823476429036
179.0 -0.0001832404573768875
180.0 -0.00018014926410502658
181.0 -0.00017712739990021457
182.0 -0.00017417745173951404
183.0 -0.00017130187767834307
184.0 -0.0001685028750610309
185.0 -0.00016578210671308447
186.0 -0.00016314034317803532
187.0 -0.0001605771003855395
188.0 -0.00015809035367004548
189.0 -0.00015567639375435195
190.0 -0.00015332986391446873
191.0 -0.00015104398642200661
192.0 -0.00014881095607636538
193.0 -0.00014662245342625572
194.0 -0.00014447021319802985
195.0 -0.0001423465766566723
196.0 -0.00014024496130698406
197.0 -0.00013816019723061548
198.0 -0.0001360887041206188
199.0 -0.00013402851213587902
200.0 -0.0001319791567841236
201.0 -0.0001299414966376947
202.0 -0.00012791750791240987
203.0 -0.00012591010026505954
204.0 -0.0001239229762425047
205.0 -0.00012196052904411142
206.0 -0.00012002774810397359
207.0 -0.000118130087559175
208.0 -0.00011627325421582943
209.0 -0.0001144628899181463
210.0 -0.00011270415410496075
211.0 -0.00011100124774052647
212.0 -0.00010935694990336163
213.0 -0.00010777225417428847
214.0 -0.00010624618795995336
215.0 -0.00010477587325360757
216.0 -0.00010335684642609555
217.0 -0.00010198360590591399
218.0 -0.00010065031056614933
219.0 -9.935151840776655e-05
220.0 -9.808284214118314e-05
221.0 -9.684140865020401e-05
222.0 -9.562604134187798e-05
223.0 -9.443713192590875e-05
224.0 -9.32762221231759e-05
225.0 -9.214536599213919e-05
226.0 -9.104638075533325e-05
227.0 -8.998011167149882e-05
228.0 -8.89458319395782e-05
229.0 -8.79408733641015e-05
230.0 -8.696054285754584e-05
231.0 -8.599833175455787e-05
232.0 -8.504637833410891e-05
233.0 -8.409610711561305e-05
234.0 -8.313894730580985e-05
235.0 -8.216702972338463e-05
236.0 -8.117377540562596e-05
237.0 -8.01543154713605e-05
238.0 -7.91057142081447e-05
239.0 -7.8026998834817e-05
240.0 -7.691902415648293e-05
241.0 -7.578421489485524e-05
242.0 -7.462623222201274e-05
243.0 -7.344960596556018e-05
244.0 -7.225936385426042e-05
245.0 -7.106067831032197e-05
246.0 -6.985854318742277e-05
247.0 -6.865748936691628e-05
248.0 -6.746134911646149e-05
249.0 -6.627308270977201e-05
250.0 -6.509468414450892e-05
251.0 -6.392718302068708e-05
252.0 -6.277075481757129e-05
253.0 -6.162494152300975e-05
254.0 -6.048897009313776e-05
255.0 -5.9362140188502705e-05
256.0 -5.82442383936289e-05
257.0 -5.713592692758286e-05
258.0 -5.603905307578215e-05
259.0 -5.4956832195184204e-05
260.0 -5.3893871526504e-05
261.0 -5.285602206859826e-05
262.0 -5.185006826601543e-05
263.0 -5.088328663565366e-05
264.0 -4.996292136156998e-05
265.0 -4.909563480252166e-05
266.0 -4.828699250982774e-05
267.0 -4.754103587042306e-05
268.0 -4.6859982296778836e-05
269.0 -4.6244075376191054e-05
270.0 -4.5691588458595776e-05
271.0 -4.519896765836962e-05
272.0 -4.476108651714057e-05
273.0 -4.4371576110814185e-05
274.0 -4.402319167043442e-05
275.0 -4.370817935037551e-05
276.0 -4.3418613402915365e-05
277.0 -4.314668307127274e-05
278.0 -4.2884918292363596e-05
279.0 -4.2626352335996894e-05
280.0 -4.236462676636364e-05
281.0 -4.2094049067674044e-05
282.0 -4.1809615866944274e-05
283.0 -4.150701518816054e-05
284.0 -4.118262004004008e-05
285.0 -4.083348336777685e-05
286.0 -4.045734142504818e-05
287.0 -4.00526292924566e-05
288.0 -3.9618508851641696e-05
289.0 -3.9154906255138924e-05
290.0 -3.866255304803719e-05
291.0 -3.8143022852347006e-05
292.0 -3.7598754176220696e-05
293.0 -3.703304966761395e-05
294.0 -3.6450043110849185e-05
295.0 -3.585462763380089e-05
296.0 -3.52523417629802e-05
297.0 -3.464921379461545e-05
298.0 -3.405156900491369e-05
299.0 -3.3465808031298825e-05
