10.0 0.49878363214569366
11.0 0.4239144699371517
12.0 0.36362092097670495
13.0 0.3144000080302503
14.0 0.2737373399786616
15.0 0.23979412636845007
16.0 0.21120297007615843
17.0 0.18692734412959505
18.0 0.1661670088713809
19.0 0.14829642863988057
20.0 0.13282251042082907
21.0 0.11935296249636392
22.0 0.10757207075057261
23.0 0.09722272563424904
24.0 0.08809359323298813
25.0 0.0800099772138553
26.0 0.07282688592606822
27.0 0.06642334344589668
28.0 0.060697684406493445
29.0 0.05556387269750717
30.0 0.05094872280897585
31.0 0.046789722343644674
32.0 0.04303322356462655
33.0 0.03963294063268973
34.0 0.036548758833577194
35.0 0.03374581860317207
36.0 0.031193772452517466
37.0 0.028866118674903872
38.0 0.026739599846968103
39.0 0.024793718782969765
40.0 0.023010389782609265
41.0 0.021373662596895684
42.0 0.019869443589421793
43.0 0.018485209411997824
44.0 0.017209768943890646
45.0 0.016033107449520804
46.0 0.014946281723553419
47.0 0.013941311999521621
48.0 0.013011055270737792
49.0 0.012149087405303424
50.0 0.011349618117126533
51.0 0.010607429666928812
52.0 0.009917814532124114
53.0 0.009276503948341322
54.0 0.008679601229112426
55.0 0.00812353474753351
56.0 0.007605029707517618
57.0 0.007121086885025851
58.0 0.006668960354373137
59.0 0.006246135871408724
60.0 0.005850314590722675
61.0 0.005479401543533869
62.0 0.005131492704569218
63.0 0.004804855342053676
64.0 0.004497902869790422
65.0 0.004209171502237493
66.0 0.003937306623250128
67.0 0.0036810619208575133
68.0 0.0034393081788291996
69.0 0.0032110455863961964
70.0 0.0029954148304012188
71.0 0.002791705824013824
72.0 0.002599365397166091
73.0 0.002418005184459642
74.0 0.002247409478026571
75.0 0.0020875419827226767
76.0 0.0019385508116741268
77.0 0.0018007714432264922
78.0 0.001674726273899093
79.0 0.001561116957602499
80.0 0.001460803627253579
81.0 0.0013747650795071767
82.0 0.0013040363754384208
83.0 0.0012496240014659803
84.0 0.001212402465128347
85.0 0.0011929993832224292
86.0 0.0011916787292936993
87.0 0.0012082337884237206
88.0 0.0012419019473789044
89.0 0.0012913121639016702
90.0 0.0013544728549938969
91.0 0.0014288037762066367
92.0 0.0015112112181622749
93.0 0.001598202163020085
94.0 0.0016860300419646883
95.0 0.001770862284864899
96.0 0.0018489579458530322
97.0 0.0019168425659758285
98.0 0.0019714674347781134
99.0 0.002010341729459585
100.0 0.0020316285613752186
101.0 0.002034199416299444
102.0 0.0020176453658601917
103.0 0.001982247244064181
104.0 0.001928910264007562
105.0 0.0018590709561454085
106.0 0.0017745856710925055
107.0 0.001677610206474955
108.0 0.0015704795104118218
109.0 0.0014555950704980632
110.0 0.0013353257402234082
111.0 0.0012119256455056795
112.0 0.0010874707444811886
113.0 0.0009638138628385906
114.0 0.0008425567865869075
115.0 0.0007250373090130755
116.0 0.0006123288948634069
117.0 0.0005052506531510432
118.0 0.00040438541872124165
119.0 0.00031010382863115474
120.0 0.0002225923339745934
121.0 0.00014188316166927314
122.0 6.788438943112595e-05
123.0 4.0854323821330685e-07
124.0 -6.080154528749905e-05
125.0 -0.0001160505077042438
126.0 -0.00016567232553534172
127.0 -0.00021001643419528464
128.0 -0.0002494377700027781
129.0 -0.00028429016043720473
130.0 -0.00031492222135488774
131.0 -0.00034167482225261824
132.0 -0.00036487923856144396
133.0 -0.0003848553196819284
134.0 -0.00040190931404915765
135.0 -0.0004163313298297184
136.0 -0.00042839268796984487
137.0 -0.0004383435795081924
138.0 -0.00044641144666806714
139.0 -0.00045280038639227983
140.0 -0.00045769167823630743
141.0 -0.0004612453314394051
142.0 -0.0004636023851577439
143.0 -0.0004648876136060014
144.0 -0.00046521228808030885
145.0 -0.0004646767118483972
146.0 -0.00046337234215724864
147.0 -0.0004613834173796644
148.0 -0.000458788096120258
149.0 -0.0004556591787230135
150.0 -0.0004520645179212783
151.0 -0.00044806723645105916
152.0 -0.00044372585875403854
153.0 -0.00043909443541516655
154.0 -0.00043422269820611185
155.0 -0.00042915623884854975
156.0 -0.00042393666697460855
157.0 -0.00041860168395498173
158.0 -0.0004131850176579636
159.0 -0.00040771619981594685
160.0 -0.00040222022403081935
161.0 -0.0003967171818285701
162.0 -0.00039122201630540585
163.0 -0.00038574454061567374
164.0 -0.00038028983401351896
165.0 -0.00037485905629194724
166.0 -0.00036945062913856265
167.0 -0.00036406164417705626
168.0 -0.000358689296318082
169.0 -0.000353332124457608
170.0 -0.00034799087456787196
171.0 -0.00034266887479061025
172.0 -0.0003373719096748639
173.0 -0.0003321076773510058
174.0 -0.0003268849864614622
175.0 -0.0003217128832167938
176.0 -0.00031659988770771456
177.0 -0.00031155346864828094
178.0 -0.0003065798123044399
179.0 -0.0003016838644397746
180.0 -0.00029686956278958957
181.0 -0.00029214014511454763
182.0 -0.0002874984186565307
183.0 -0.00028294690606203417
184.0 -0.00027848782909902533
185.0 -0.00027412294071559615
186.0 -0.0002698532557868701
187.0 -0.00026567875355661434
188.0 -0.000261598128283479
189.0 -0.0002576086516989984
190.0 -0.0002537061870773062
191.0 -0.00024988536610789566
192.0 -0.0002461399116507138
193.0 -0.000242463065852686
194.0 -0.00023884806692391316
195.0 -0.00023528861121273085
196.0 -0.00023177924130172206
197.0 -0.0002283156155295018
198.0 -0.00022489463747593413
199.0 -0.00022151445115305165
200.0 -0.00021817433284402257
201.0 -0.00021487452737464533
202.0 -0.00021161608032642693
203.0 -0.00020840070685510193
204.0 -0.00020523071506307555
205.0 -0.00020210897371085915
206.0 -0.00019903888890828852
207.0 -0.00019602434038343129
208.0 -0.00019306953020995347
209.0 -0.0001901787161684459
210.0 -0.00018735583394865915
211.0 -0.00018460404897004378
212.0 -0.00018192530973216444
213.0 -0.00017931999124087342
214.0 -0.00017678671347518175
215.0 -0.00017432239526277938
216.0 -0.0001719225627059192
217.0 -0.00016958188198744892
218.0 -0.00016729483964655117
219.0 -0.00016505645952358226
220.0 -0.00016286293211283334
221.0 -0.00016071204227334753
222.0 -0.0001586033134611242
223.0 -0.00015653783473987748
224.0 -0.0001545177916316583
225.0 -0.0001525457730836757
226.0 -0.0001506239650738313
227.0 -0.00014875335995932507
228.0 -0.0001469331067478976
229.0 -0.00014516010244892087
230.0 -0.00014342888377174586
231.0 -0.00014173182962237408
232.0 -0.00014005963712174715
233.0 -0.00013840199555927352
234.0 -0.00013674835983781274
235.0 -0.00013508872022732098
236.0 -0.00013341427758245856
237.0 -0.00013171795831670938
238.0 -0.00012999473501758662
239.0 -0.0001282417497789346
240.0 -0.00012645826233910216
241.0 -0.00012464546043927045
242.0 -0.00012280617476031572
243.0 -0.00012094453726129395
244.0 -0.00011906561335172272
245.0 -0.00011717502920378533
246.0 -0.00011527860901253064
247.0 -0.00011338203486817148
248.0 -0.00011149054385983596
249.0 -0.0001096086811366734
250.0 -0.00010774013102337334
251.0 -0.00010588764808709865
252.0 -0.00010405310441114852
253.0 -0.00010223765794123322
254.0 -0.00010044203103042776
255.0 -9.866687099428025e-05
256.0 -9.691314908030212e-05
257.0 -9.518254411475074e-05
258.0 -9.347775467502505e-05
259.0 -9.18026899625991e-05
260.0 -9.016250397477947e-05
261.0 -8.856345793036424e-05
262.0 -8.701261895618086e-05
263.0 -8.551742510209971e-05
264.0 -8.408516437401043e-05
265.0 -8.272242605329541e-05
266.0 -8.143458475987001e-05
267.0 -8.022537159218459e-05
268.0 -7.90965736447635e-05
269.0 -7.804788565850848e-05
270.0 -7.707691841835399e-05
271.0 -7.617935066986857e-05
272.0 -7.534919717662485e-05
273.0 -7.457915662396756e-05
274.0 -7.386099992601531e-05
275.0 -7.318596167947852e-05
276.0 -7.254510384410315e-05
277.0 -7.192962960037724e-05
278.0 -7.133113504722675e-05
279.0 -7.07417954839716e-05
280.0 -7.015449042882634e-05
281.0 -6.956287671735198e-05
282.0 -6.896142191497355e-05
283.0 -6.834541111778897e-05
284.0 -6.77109394357298e-05
285.0 -6.705490051822105e-05
286.0 -6.63749788082046e-05
287.0 -6.566965012098653e-05
288.0 -6.4938191894006e-05
289.0 -6.41807012690342e-05
290.0 -6.339811628646385e-05
291.0 -6.259223315288066e-05
292.0 -6.176571105954511e-05
293.0 -6.092205560776214e-05
294.0 -6.006557267283921e-05
295.0 -5.9201286498799685e-05
296.0 -5.83348187882259e-05
297.0 -5.747222920729337e-05
298.0 -5.661982163656354e-05
299.0 -5.578392419433888e-05
