10.0 0.43079463650640687
11.0 0.3661921362396503
12.0 0.31404498212659354
13.0 0.27139756071187415
14.0 0.2361229295010426
15.0 0.20665941828351966
16.0 0.18183997697074167
17.0 0.16077519159267187
18.0 0.142774746339371
19.0 0.12729638355059156
20.0 0.11391081535273702
21.0 0.10227529358195867
22.0 0.0921132304738093
23.0 0.08319897445758849
24.0 0.07534686778315275
25.0 0.06840339242953195
26.0 0.06224116579524628
27.0 0.05675398496716653
28.0 0.05185271040144412
29.0 0.04746203077200318
30.0 0.04351800817760136
31.0 0.039966146190285
32.0 0.03675978202874397
33.0 0.03385874878525165
34.0 0.03122831318265946
35.0 0.028838356635153984
36.0 0.026662711434239695
37.0 0.024678568546250116
38.0 0.022865945631514593
39.0 0.021207259494769124
40.0 0.01968701750509925
41.0 0.018291573699858073
42.0 0.0170088842876971
43.0 0.015828258114699248
44.0 0.014740149568303513
45.0 0.013736022774827883
46.0 0.012808260115741104
47.0 0.011950068452443414
48.0 0.011155369856543359
49.0 0.010418700310381971
50.0 0.009735136963030034
51.0 0.009100246024768666
52.0 0.00851002997459881
53.0 0.0079608670930392
54.0 0.007449455260325704
55.0 0.006972772826206295
56.0 0.006528055830288206
57.0 0.0061127814205664
58.0 0.005724650559599664
59.0 0.005361571358020495
60.0 0.005021646944440011
61.0 0.004703167288379333
62.0 0.004404599604263642
63.0 0.004124572701086481
64.0 0.0038618561995903016
65.0 0.0036153406844738564
66.0 0.0033840252953527836
67.0 0.0031670150118019297
68.0 0.002963524544694558
69.0 0.002772883123436034
70.0 0.0025945356891523084
71.0 0.002428039152605441
72.0 0.0022730546362762544
73.0 0.00212933678169953
74.0 0.001996720302314512
75.0 0.0018751037364575414
76.0 0.0017644312920759564
77.0 0.0016646746458004516
78.0 0.0015758162235342576
79.0 0.001497833818534411
80.0 0.0014306847235792564
81.0 0.0013742872227437456
82.0 0.0013284984850921912
83.0 0.0012930896959478407
84.0 0.0012677206313952533
85.0 0.0012519165066528914
86.0 0.0012450500598978963
87.0 0.0012463316687980532
88.0 0.0012548096832863203
89.0 0.0012693818884153792
90.0 0.001288817277740676
91.0 0.0013117857542565697
92.0 0.001336892629883093
93.0 0.0013627150548693552
94.0 0.0013878384122323233
95.0 0.0014108916566690896
96.0 0.0014305811239996838
97.0 0.0014457223984750355
98.0 0.001455269578118536
99.0 0.0014583409680415623
100.0 0.0014542400377947292
101.0 0.0014424704860475288
102.0 0.0014227444764870073
103.0 0.0013949835034030675
104.0 0.0013593118388615533
105.0 0.0013160430204796924
106.0 0.001265660292362034
107.0 0.0012087922706852847
108.0 0.001146185339552827
109.0 0.0010786743589120658
110.0 0.0010071531609453738
111.0 0.0009325460434655503
112.0 0.0008557811190636475
113.0 0.0007777660653468397
114.0 0.000699366641117098
115.0 0.0006213883053158775
116.0 0.0005445613315357748
117.0 0.00046952983627094317
118.0 0.00039684504029783495
119.0 0.00032696283696683924
120.0 0.000260245402312586
121.0 0.00019696624385926356
122.0 0.00013731783331653546
123.0 8.142084731721367e-05
124.0 2.9334050142938345e-05
125.0 -1.893603190966049e-05
126.0 -6.342630212206616e-05
127.0 -0.00010420956274103009
128.0 -0.00014138839959195246
129.0 -0.00017509035033818214
130.0 -0.00020546400655094027
131.0 -0.00023267557869961967
132.0 -0.00025690545918479
133.0 -0.000278344449755179
134.0 -0.00029718953841242706
135.0 -0.00031363935345200675
136.0 -0.00032788961886607166
137.0 -0.00034012903263223697
138.0 -0.0003505359668373622
139.0 -0.00035927626248478
140.0 -0.00036650220675818116
141.0 -0.00037235259188310536
142.0 -0.00037695361017044517
143.0 -0.00038042026614915097
144.0 -0.00038285798632255375
145.0 -0.00038436416316422876
146.0 -0.0003850294564135813
147.0 -0.0003849387662237821
148.0 -0.0003841718711742562
149.0 -0.0003828037805137347
150.0 -0.0003809048823096099
151.0 -0.00037854097936022493
152.0 -0.00037577329598297834
153.0 -0.0003726585148323714
154.0 -0.00036924886866441327
155.0 -0.00036559227465553327
156.0 -0.00036173246794810325
157.0 -0.00035770907636853964
158.0 -0.00035355758667464664
159.0 -0.0003493091849078233
160.0 -0.00034499050209634236
161.0 -0.0003406233474045064
162.0 -0.00033622454665593665
163.0 -0.0003318060105001496
164.0 -0.00032737512686430875
165.0 -0.0003229355110850602
166.0 -0.00031848806870585
167.0 -0.0003140322507980936
168.0 -0.0003095673301620277
169.0 -0.0003050935131320127
170.0 -0.0003006127300361472
171.0 -0.0002961290106535474
172.0 -0.00029164843340763973
173.0 -0.0002871787183130115
174.0 -0.00028272859470373796
175.0 -0.00027830710228440094
176.0 -0.000273922973824274
177.0 -0.0002695842052479333
178.0 -0.0002652978570585465
179.0 -0.00026107006694047776
180.0 -0.0002569062031404394
181.0 -0.00025281106286057463
182.0 -0.00024878902282583353
183.0 -0.00024484407604261375
184.0 -0.00024097972951764288
185.0 -0.0002371987801881158
186.0 -0.00023350301988521633
187.0 -0.00022989293826346162
188.0 -0.00022636749368582017
189.0 -0.00022292400861657623
190.0 -0.00021955822309969558
191.0 -0.00021626451288574272
192.0 -0.0002130362525121641
193.0 -0.00020986628179843462
194.0 -0.00020674741942924965
195.0 -0.00020367296142849835
196.0 -0.0002006371063879537
197.0 -0.00019763526307208857
198.0 -0.00019466421746019234
199.0 -0.00019172216145824772
200.0 -0.00018880860901345235
201.0 -0.00018592424158053278
202.0 -0.00018307072961382112
203.0 -0.00018025056866115925
204.0 -0.00017746694997932455
205.0 -0.00017472366186047517
206.0 -0.00017202499631643813
207.0 -0.00016937562336727136
208.0 -0.00016678039645173665
209.0 -0.0001642440680865776
210.0 -0.0001617709212880984
211.0 -0.0001593643525285163
212.0 -0.0001570264677071433
213.0 -0.0001547577661156395
214.0 -0.00015255698384720686
215.0 -0.00015042114688574096
216.0 -0.00014834584894759666
217.0 -0.00014632572728218447
218.0 -0.00014435507008745955
219.0 -0.00014242846063915038
220.0 -0.00014054135203756947
221.0 -0.000138690475322643
222.0 -0.0001368740111109904
223.0 -0.0001350914956213764
224.0 -0.00013334347817074146
225.0 -0.00013163099021386916
226.0 -0.0001299549178571333
227.0 -0.00012831538490447103
228.0 -0.00012671124959121377
229.0 -0.0001251397965444194
230.0 -0.00012359667072672718
231.0 -0.00012207605899561724
232.0 -0.00012057108512834232
233.0 -0.00011907435277291673
234.0 -0.00011757855282663513
235.0 -0.0001160770493421308
236.0 -0.00011456437015785396
237.0 -0.00011303655122307416
238.0 -0.00011149131147307579
239.0 -0.00010992806214862699
240.0 -0.000108347775660581
241.0 -0.00010675275148992718
242.0 -0.00010514631966308432
243.0 -0.00010353251779560607
244.0 -0.00010191576880408298
245.0 -0.00010030057683458139
246.0 -9.869125178466467e-05
247.0 -9.709166962310932e-05
248.0 -9.550507642725529e-05
249.0 -9.393394706196128e-05
250.0 -9.237991226603572e-05
251.0 -9.084376813781259e-05
252.0 -8.932557795244582e-05
253.0 -8.782486753645179e-05
254.0 -8.634090314451381e-05
255.0 -8.487302717700653e-05
256.0 -8.342101500351166e-05
257.0 -8.198540839151759e-05
258.0 -8.056777961556242e-05
259.0 -7.917088607265186e-05
260.0 -7.779868760412867e-05
261.0 -7.645621590450058e-05
262.0 -7.514930467266018e-05
263.0 -7.388420745214167e-05
264.0 -7.266714454722823e-05
265.0 -7.150382884126008e-05
266.0 -7.03990216960925e-05
267.0 -6.935616449287844e-05
268.0 -6.837712001243333e-05
269.0 -6.746204280493433e-05
270.0 -6.660938144639624e-05
271.0 -6.581600056952084e-05
272.0 -6.507739879931341e-05
273.0 -6.438799149249228e-05
274.0 -6.374142488591172e-05
275.0 -6.313089049279018e-05
276.0 -6.25494142982552e-05
277.0 -6.199010309217898e-05
278.0 -6.144633867525466e-05
279.0 -6.091191842158362e-05
280.0 -6.0381146891866106e-05
281.0 -5.984888741550995e-05
282.0 -5.931058474699958e-05
283.0 -5.876227029097738e-05
284.0 -5.820056037722257e-05
285.0 -5.762265607790528e-05
286.0 -5.702635047413787e-05
287.0 -5.64100463966097e-05
288.0 -5.577278471879396e-05
289.0 -5.5114280473438475e-05
290.0 -5.4434961597414814e-05
291.0 -5.373600320330051e-05
292.0 -5.301934914820483e-05
293.0 -5.2287712498766525e-05
294.0 -5.154454737272804e-05
295.0 -5.079398654247239e-05
296.0 -5.004074194909623e-05
297.0 -4.9289968603108746e-05
298.0 -4.8547095863385705e-05
299.0 -4.7817633383521426e-05
