10.0 0.4445866027284513
11.0 0.37801975193072834
12.0 0.3241456931883931
13.0 0.2801459025342841
14.0 0.2437288800581072
15.0 0.21333160929356348
16.0 0.18775088758194203
17.0 0.1660432664418151
18.0 0.14750974683184434
19.0 0.13158528295796554
20.0 0.11777563255162474
21.0 0.10579021281612071
22.0 0.09528195310259632
23.0 0.08608931915714488
24.0 0.07798339056092096
25.0 0.07080526274703454
26.0 0.0644281015471263
27.0 0.05874280099925781
28.0 0.05365502434486701
29.0 0.04912056454730999
30.0 0.045037141188614634
31.0 0.041342984575996375
32.0 0.038026729710536195
33.0 0.03501423587877469
34.0 0.03228714246608501
35.0 0.029803312464520823
36.0 0.027551440717586063
37.0 0.025483003203170262
38.0 0.023609190570514752
39.0 0.021890378665735233
40.0 0.020308711608512938
41.0 0.018858910151326857
42.0 0.017534239109871747
43.0 0.01631239570522528
44.0 0.015184867921630445
45.0 0.014143673619964943
46.0 0.013181595517197062
47.0 0.01229227351178159
48.0 0.011469726909171632
49.0 0.01070817634044791
50.0 0.010002380611268635
51.0 0.009347542504359594
52.0 0.008739695323346851
53.0 0.008174865317099348
54.0 0.0076492893704515315
55.0 0.0071594758678458345
56.0 0.006702494625674942
57.0 0.006275707537346992
58.0 0.005876558677214056
59.0 0.005502676678416797
60.0 0.005151934453943985
61.0 0.004824214508052881
62.0 0.004519438255295297
63.0 0.004232343617474858
64.0 0.003961451397248899
65.0 0.0037054361922175053
66.0 0.00346601158893201
67.0 0.0032416646768547437
68.0 0.0030285400578357927
69.0 0.002825811918324507
70.0 0.0026364091097909235
71.0 0.0024578832203455206
72.0 0.002287560658401275
73.0 0.002126503931685765
74.0 0.0019772611490918375
75.0 0.0018351420382521203
76.0 0.0017011855792426081
77.0 0.001580061753383691
78.0 0.0014660721362547559
79.0 0.001362169184604669
80.0 0.001272193580892463
81.0 0.0011898798380263972
82.0 0.0011244501302893576
83.0 0.0010723890188540934
84.0 0.0010309101087642464
85.0 0.0010135181240037996
86.0 0.00100473145694392
87.0 0.0010197252125064597
88.0 0.0010480982637247965
89.0 0.0010921616473616007
90.0 0.0011538731776661742
91.0 0.0012234459537470788
92.0 0.001308479520758084
93.0 0.0013957239864513138
94.0 0.0014881221233176262
95.0 0.0015789036689977886
96.0 0.0016617542197940218
97.0 0.001738512755714991
98.0 0.001797342316457133
99.0 0.0018456421090637342
100.0 0.0018692791910718887
101.0 0.0018804952472403665
102.0 0.001863449850309343
103.0 0.0018358032875968845
104.0 0.001779660605858022
105.0 0.0017172508044380952
106.0 0.0016291146593473181
107.0 0.0015393169685940923
108.0 0.001430069381230438
109.0 0.0013208217938667833
110.0 0.0012030002997481543
111.0 0.0010844205654673095
112.0 0.0009665595934318508
113.0 0.0008489848936324725
114.0 0.0007355557333742497
115.0 0.0006268568807748299
116.0 0.0005205174325661476
117.0 0.00042541428372852287
118.0 0.0003303111348908982
119.0 0.0002482681009652507
120.0 0.00016883038018157656
121.0 9.638128196737593e-05
122.0 3.2593048607645284e-05
123.0 -3.1032832642838884e-05
124.0 -8.036495687383881e-05
125.0 -0.0001296970811048387
126.0 -0.0001724594487180454
127.0 -0.00020931795714587118
128.0 -0.0002461764655736969
129.0 -0.0002726870268029861
130.0 -0.0002991137453034375
131.0 -0.000322151732056503
132.0 -0.00034023240349561587
133.0 -0.0003583130749347287
134.0 -0.0003713665816047478
135.0 -0.0003829002259918102
136.0 -0.0003940541642360238
137.0 -0.000400616933044038
138.0 -0.00040717970185205214
139.0 -0.00041250287483258016
140.0 -0.0004153155027573362
141.0 -0.0004181281306820922
142.0 -0.00041950017304244296
143.0 -0.000419590796935006
144.0 -0.0004196814208275691
145.0 -0.0004184686653137563
146.0 -0.0004166178226399664
147.0 -0.00041476697996617646
148.0 -0.0004118964200431189
149.0 -0.00040869621772451285
150.0 -0.00040549601540590673
151.0 -0.00040158550425599746
152.0 -0.0003974760157155559
153.0 -0.00039336652717511425
154.0 -0.0003888314459967863
155.0 -0.0003841518779672116
156.0 -0.00037947230993763686
157.0 -0.00037457875769837445
158.0 -0.0003695702989017667
159.0 -0.00036456184010515895
160.0 -0.00035948738083735104
161.0 -0.0003543448173707841
162.0 -0.0003492022539042171
163.0 -0.0003440632957376841
164.0 -0.00033893409099552485
165.0 -0.0003338048862533655
166.0 -0.0003286756815112062
167.0 -0.0003236513879243913
168.0 -0.00031862896119410836
169.0 -0.0003136065344638254
170.0 -0.0003087111339506311
171.0 -0.0003038907401535019
172.0 -0.00029907034635637264
173.0 -0.0002943038869061281
174.0 -0.00028974377762520286
175.0 -0.0002851836683442777
176.0 -0.00028062355906335255
177.0 -0.00027626848612522713
178.0 -0.00027199451406376466
179.0 -0.0002677205420023022
180.0 -0.0002634854665989985
181.0 -0.00025946178804690405
182.0 -0.00025543810949480957
183.0 -0.00025141443094271515
184.0 -0.000247508126919128
185.0 -0.0002437091739398727
186.0 -0.00023991022096061737
187.0 -0.00023611126798136207
188.0 -0.00023245887778070674
189.0 -0.0002288395788755731
190.0 -0.0002252202799704395
191.0 -0.00022160877965534724
192.0 -0.0002182159656880921
193.0 -0.000214823151720837
194.0 -0.00021143033775358188
195.0 -0.00020808806591057782
196.0 -0.0002049813307774598
197.0 -0.0002018745956443418
198.0 -0.00019876786051122375
199.0 -0.00019573554451722202
200.0 -0.0001929376295045984
201.0 -0.00019013971449197473
202.0 -0.0001873417994793511
203.0 -0.00018460026897737137
204.0 -0.00018205208656763393
205.0 -0.00017950390415789652
206.0 -0.00017695572174815914
207.0 -0.00017442804031221135
208.0 -0.00017203820604771766
209.0 -0.00016964837178322392
210.0 -0.00016725853751873023
211.0 -0.00016486870325423654
212.0 -0.00016259708636121202
213.0 -0.00016033163841937414
214.0 -0.00015806619047753625
215.0 -0.0001558007425356984
216.0 -0.00015360701566941173
217.0 -0.00015144597746609932
218.0 -0.00014928493926278698
219.0 -0.00014712390105947457
220.0 -0.0001450107757621217
221.0 -0.00014299178347303891
222.0 -0.00014097279118395608
223.0 -0.0001389537988948733
224.0 -0.00013693480660579053
225.0 -0.000135107384971084
226.0 -0.0001333012905779253
227.0 -0.00013149519618476665
228.0 -0.00012968910179160796
229.0 -0.00012796775297552507
230.0 -0.00012638904182420358
231.0 -0.0001248103306728821
232.0 -0.00012323161952156064
233.0 -0.00012165290837023916
234.0 -0.00012017744309888725
235.0 -0.00011873564093789722
236.0 -0.00011729383877690717
237.0 -0.00011585203661591714
238.0 -0.00011440912533094076
239.0 -0.00011294106565284743
240.0 -0.00011147300597475412
241.0 -0.0001100049462966608
242.0 -0.00010853688661856747
243.0 -0.00010703576727604743
244.0 -0.00010542713205122547
245.0 -0.00010381849682640353
246.0 -0.00010220986160158158
247.0 -0.00010060122637675964
248.0 -9.89815788479959e-05
249.0 -9.733967360636258e-05
250.0 -9.569776836472928e-05
251.0 -9.405586312309596e-05
252.0 -9.241395788146265e-05
253.0 -9.080684087511816e-05
254.0 -8.927107787114392e-05
255.0 -8.773531486716968e-05
256.0 -8.619955186319545e-05
257.0 -8.46637888592212e-05
258.0 -8.316811552267786e-05
259.0 -8.181177918617589e-05
260.0 -8.045544284967393e-05
261.0 -7.909910651317195e-05
262.0 -7.774277017666997e-05
263.0 -7.639018408638082e-05
264.0 -7.5268254474063e-05
265.0 -7.414632486174518e-05
266.0 -7.302439524942734e-05
267.0 -7.190246563710954e-05
268.0 -7.078053602479172e-05
269.0 -6.981853493558795e-05
270.0 -6.892398045619528e-05
271.0 -6.802942597680263e-05
272.0 -6.713487149740996e-05
273.0 -6.624031701801732e-05
274.0 -6.539130944829328e-05
275.0 -6.465746188436103e-05
276.0 -6.39236143204288e-05
277.0 -6.318976675649655e-05
278.0 -6.24559191925643e-05
279.0 -6.172207162863207e-05
280.0 -6.103589876725404e-05
281.0 -6.03652825093699e-05
282.0 -5.969466625148577e-05
283.0 -5.9024049993601635e-05
284.0 -5.83534337357175e-05
285.0 -5.7686913442926525e-05
286.0 -5.7052599924396546e-05
287.0 -5.641828640586657e-05
288.0 -5.578397288733659e-05
289.0 -5.514965936880661e-05
290.0 -5.451534585027663e-05
291.0 -5.390737160258456e-05
292.0 -5.3346688193162105e-05
293.0 -5.2786004783739654e-05
294.0 -5.222532137431721e-05
295.0 -5.1664637964894764e-05
296.0 -5.110395455547231e-05
297.0 -5.0582662743540404e-05
298.0 -5.010297208424482e-05
299.0 -4.962328142494923e-05
