10.0 0.40132896503994264
11.0 0.34165628665919634
12.0 0.29239319612843606
13.0 0.2514334965084639
14.0 0.21719582128513082
15.0 0.18842209314707833
16.0 0.16410547400599607
17.0 0.14348694973546128
18.0 0.1259084299930994
19.0 0.11087343757547259
20.0 0.09794950866300034
21.0 0.08681518839695958
22.0 0.07717897913074968
23.0 0.06882155267885107
24.0 0.06154772415566215
25.0 0.0551945993163003
26.0 0.0496360807954079
27.0 0.04474914912307122
28.0 0.04045401499078413
29.0 0.03665745759646968
30.0 0.03330315764473611
31.0 0.030320078200881104
32.0 0.02767231224453509
33.0 0.02530729661379995
34.0 0.023196889910522066
35.0 0.021293852889970835
36.0 0.01960843866654011
37.0 0.01805240973235812
38.0 0.016675909641078283
39.0 0.015432915564275678
40.0 0.01427761907591307
41.0 0.013231480610813608
42.0 0.01229875198642306
43.0 0.011446479315951675
44.0 0.010654394654880097
45.0 0.009919097484188802
46.0 0.009237984680377884
47.0 0.00860905331626702
48.0 0.008032405153795224
49.0 0.007502436069376414
50.0 0.007014671113919821
51.0 0.006559828502713669
52.0 0.00613576113847416
53.0 0.0057452138212932356
54.0 0.005388879497177432
55.0 0.005065846868339186
56.0 0.004764305188241575
57.0 0.00447712974195067
58.0 0.004190570552325322
59.0 0.003901195473379326
60.0 0.003623936808136037
61.0 0.0033925537423410567
62.0 0.003212457293790143
63.0 0.0030425361544948824
64.0 0.002822632477376196
65.0 0.002584205750114837
66.0 0.0024215247895180672
67.0 0.0023225798124110525
68.0 0.0021565578924988673
69.0 0.0019350967208281193
70.0 0.0018245676865324431
71.0 0.0017573400272543904
72.0 0.0015580574344689802
73.0 0.0014109288195290762
74.0 0.0013923165305501153
75.0 0.0012258030019221822
76.0 0.0010760631882089599
77.0 0.0010887395678701572
78.0 0.0009219972040106142
79.0 0.0008262059579879049
80.0 0.0008587213417069757
81.0 0.00067186801180249
82.0 0.0006941894703110528
83.0 0.0006605827594749723
84.0 0.0005532615762932982
85.0 0.0006781975647984408
86.0 0.00054129976467839
87.0 0.0006672030755230175
88.0 0.000657556762734684
89.0 0.0006973126283371629
90.0 0.0008409317743054524
91.0 0.0008030226934728133
92.0 0.0010480445551297175
93.0 0.0009801679908388592
94.0 0.001250932970320816
95.0 0.0011841203550547864
96.0 0.0014428595833407382
97.0 0.001376460131275002
98.0 0.0015882403693827244
99.0 0.001504272479555104
100.0 0.0016780820252533097
101.0 0.001556981737039076
102.0 0.0016947570311255302
103.0 0.0015161582322376467
104.0 0.0016380921836061896
105.0 0.0013938311863344428
106.0 0.001515674489580992
107.0 0.0012215971051369246
108.0 0.0013344627720560207
109.0 0.0010223091958438024
110.0 0.0010967487321142792
111.0 0.0008441698163836702
112.0 0.0008255137948455589
113.0 0.0007001163378022498
114.0 0.0005341341188029031
115.0 0.0005791120104643136
116.0 0.0002832062947392682
117.0 0.00042322848470596644
118.0 0.00012597194364927195
119.0 0.00020342126857142426
120.0 9.206444536371461e-05
121.0 -4.381029993742116e-05
122.0 8.75350184215618e-05
123.0 -0.00020412747769665165
124.0 -3.1034237898662414e-05
125.0 -0.00018850798171254432
126.0 -0.00025048964687034115
127.0 -9.976638720169672e-05
128.0 -0.00037768127792447384
129.0 -0.00019191951676635638
130.0 -0.0002844321093681109
131.0 -0.00039932993379899594
132.0 -0.00017507923264850056
133.0 -0.00043315708445905134
134.0 -0.00033198421684249623
135.0 -0.00024011084723082646
136.0 -0.00048790764415425494
137.0 -0.0002553288780299617
138.0 -0.00032885890368560466
139.0 -0.0004733632555405249
140.0 -0.00021321767637084527
141.0 -0.0004043586198059789
142.0 -0.00043050565084611233
143.0 -0.00019391609205539044
144.0 -0.00044578419296730865
145.0 -0.00038946618938121144
146.0 -0.00018639853477925506
147.0 -0.0004607155797394395
148.0 -0.00035807682908204036
149.0 -0.00017512011217461922
150.0 -0.00045819306467331756
151.0 -0.00034367054991837204
152.0 -0.0001576011141571155
153.0 -0.00044099329420475516
154.0 -0.00034473145324777783
155.0 -0.0001342446352395104
156.0 -0.00040963442334694667
157.0 -0.0003646341083381416
158.0 -0.00011490962324255338
159.0 -0.0003532251283607438
160.0 -0.0003958488810386436
161.0 -0.00011775607221596148
162.0 -0.0002666414007157944
163.0 -0.000425367851214427
164.0 -0.00015624427486289803
165.0 -0.000159218212624479
166.0 -0.0004301770610147971
167.0 -0.00023769077509248435
168.0 -7.223573528686277e-05
169.0 -0.0003681485019301776
170.0 -0.000336405694320015
171.0 -6.193698384030546e-05
172.0 -0.00022247801527816428
173.0 -0.0004059625108790859
174.0 -0.00015172403990335682
175.0 -5.875191873266542e-05
176.0 -0.0003713169416876402
177.0 -0.00029841457173284585
178.0 -2.4304219919645465e-05
179.0 -0.00018611659610170907
180.0 -0.00039102422127163314
181.0 -0.00015830853385775863
182.0 -7.463669459315646e-06
183.0 -0.0003096619075161548
184.0 -0.00032980193498631776
185.0 -4.378367717317636e-05
186.0 -5.8642149998559945e-05
187.0 -0.0003654161523649797
188.0 -0.00025264186736741927
189.0 1.914830172198204e-05
190.0 -0.00012625972498635265
191.0 -0.00037319611871204747
192.0 -0.0001844053014205195
193.0 4.777277991003879e-05
194.0 -0.0001769906257245229
195.0 -0.0003626801265568624
196.0 -0.00013778247513937807
197.0 6.176522639719936e-05
198.0 -0.0001995136520925891
199.0 -0.0003531012503290615
200.0 -0.00011631462501187579
201.0 7.469329061298575e-05
202.0 -0.00018925848732513346
203.0 -0.000346778631741887
204.0 -0.00011905495394640146
205.0 8.768098318270903e-05
206.0 -0.00015342470117530438
207.0 -0.00034945318470196125
208.0 -0.0001467963627178692
209.0 9.553068253583585e-05
210.0 -8.420040332059533e-05
211.0 -0.00034567926139291794
212.0 -0.0001977822123956011
213.0 7.92689157869103e-05
214.0 1.1890408546648373e-05
215.0 -0.0003120461792663024
216.0 -0.00026287085262614174
217.0 1.73067922434542e-05
218.0 9.937885751480651e-05
219.0 -0.00022422716462848008
220.0 -0.0003224207265414046
221.0 -8.691870440328408e-05
222.0 0.0001322295296140783
223.0 -6.756805666025857e-05
224.0 -0.0003338499331480552
225.0 -0.00020829925693453548
226.0 7.17470146306066e-05
227.0 9.958761494378028e-05
228.0 -0.0002366614261758875
229.0 -0.0003125060447331089
230.0 -7.628668464541552e-05
231.0 0.00015184122799717753
232.0 -1.6864086377741436e-05
233.0 -0.0003214510483137379
234.0 -0.0002476796566050975
235.0 2.8194929687847514e-05
236.0 0.00015690745956117256
237.0 -0.00013024089999310047
238.0 -0.0003371106759770177
239.0 -0.0001785582235818587
240.0 0.0001000184967207939
241.0 0.00013527456010380912
242.0 -0.0001990578124572954
243.0 -0.0003249404642530209
244.0 -0.000126311533448851
245.0 0.00013998054254228933
246.0 0.0001139244370305939
247.0 -0.00023029688322171436
248.0 -0.0003134932109222671
249.0 -0.00010050425544452726
250.0 0.00016070775150607574
251.0 0.00011924337995492554
252.0 -0.00022768883996537637
253.0 -0.00031041573739103704
254.0 -0.00010262866470763462
255.0 0.00015994473777874698
256.0 0.00014482844554091965
257.0 -0.00019785648122125067
258.0 -0.0003173666262199734
259.0 -0.00013398961542974446
260.0 0.000136872640065899
261.0 0.0001902652613739943
262.0 -0.00012768105933324729
263.0 -0.00032217214550848495
264.0 -0.00018490862925321796
265.0 8.475511993177363e-05
266.0 0.00022962214853595845
267.0 -1.1106267153638636e-05
268.0 -0.00030198277887354006
269.0 -0.00025018747804057384
270.0 -7.1897923067524905e-06
271.0 0.00022048244833698202
272.0 0.00012823310726447655
273.0 -0.00022075787689200476
274.0 -0.00031061356176201543
275.0 -0.00012885742225910094
276.0 0.00013928228687597844
277.0 0.00023268354337227715
278.0 -4.649349603898249e-05
279.0 -0.00031418070513901326
280.0 -0.00024813949418796543
281.0 -8.631031987573991e-06
282.0 0.00022289718650637155
283.0 0.00016359327364010845
284.0 -0.00018194238097869162
285.0 -0.00032380749473218107
286.0 -0.00018089590756866967
287.0 7.842743328715278e-05
288.0 0.00025557464449043336
289.0 8.70351843672407e-05
290.0 -0.00025536561715185405
291.0 -0.0003096266626234863
292.0 -0.0001272935784679219
293.0 0.00013610209786903504
294.0 0.0002618524748520065
295.0 3.3093098768348375e-05
296.0 -0.0002845302873174904
297.0 -0.0002943646464383862
298.0 -9.941783670939058e-05
299.0 0.00016275891672449922
