10.0 0.44616521135277315
11.0 0.37269254205076924
12.0 0.3138808553752462
13.0 0.2662296347479887
14.0 0.22721696624210153
15.0 0.1949910577385737
16.0 0.16816912353308208
17.0 0.1456987770523907
18.0 0.1267645271065738
19.0 0.11072673631658762
20.0 0.09707958427397406
21.0 0.08541947841330856
22.0 0.0754207976609932
23.0 0.06681785017015285
24.0 0.05939196291665769
25.0 0.05296226099237971
26.0 0.04737865515731021
27.0 0.0425160772928352
28.0 0.03826970263248321
29.0 0.034551197108080106
30.0 0.03128586695950766
31.0 0.028410408298895976
32.0 0.02587102467871588
33.0 0.023621850281544204
34.0 0.02162368630957548
35.0 0.019843014554534452
36.0 0.018251187109007496
37.0 0.016823696650441304
38.0 0.015539515668954878
39.0 0.014380557589977824
40.0 0.013331277907248943
41.0 0.012378352978170226
42.0 0.011510361072044133
43.0 0.010717460949744722
44.0 0.009991123550440632
45.0 0.009323950494457904
46.0 0.008709547908064648
47.0 0.008142401081306917
48.0 0.0076177343214858815
49.0 0.00713138305212221
50.0 0.0066797018377934385
51.0 0.0062594988002587365
52.0 0.005867971265298142
53.0 0.005502634184612223
54.0 0.005161254936665625
55.0 0.004841809137260217
56.0 0.004542456362869447
57.0 0.004261523748109633
58.0 0.003997489248895548
59.0 0.003748966024402409
60.0 0.003514692424163005
61.0 0.003293526865248805
62.0 0.0030844413403978677
63.0 0.0028865082030955593
64.0 0.002698881413072573
65.0 0.0025207794954274273
66.0 0.002351478051085393
67.0 0.0021903147718038956
68.0 0.0020367037292679776
69.0 0.0018901526576667533
70.0 0.0017502783269836922
71.0 0.0016168186635918181
72.0 0.0014896427178562527
73.0 0.0013687594810189803
74.0 0.0012543251196364571
75.0 0.0011466474631967583
76.0 0.0010461871539569226
77.0 0.0009535554959977957
78.0 0.0008695082484282473
79.0 0.0007949324642005078
80.0 0.0007308216298878768
81.0 0.000678234474379635
82.0 0.0006382351323004778
83.0 0.0006118157603784162
84.0 0.0005998059234382538
85.0 0.000602775542225315
86.0 0.0006209399877795743
87.0 0.000654076988185732
88.0 0.0007014649586435845
89.0 0.0007618507510458557
90.0 0.0008334517888243188
91.0 0.0009139938948903448
92.0 0.0010007827727283357
93.0 0.0010908045785216398
94.0 0.0011808492657649976
95.0 0.001267649063563326
96.0 0.0013480233764402438
97.0 0.0014190206829274496
98.0 0.001478047950611338
99.0 0.0015229789004953735
100.0 0.0015522341631270052
101.0 0.0015648287918330578
102.0 0.0015603854271826578
103.0 0.0015391142826444596
104.0 0.0015017636963378866
105.0 0.0014495469907434204
106.0 0.0013840526412735776
107.0 0.0013071452397291885
108.0 0.0012208645039956114
109.0 0.001127328734579745
110.0 0.0010286477921694
111.0 0.0009268490581547836
112.0 0.0008238181825827709
113.0 0.000721254971277867
114.0 0.0006206436998556956
115.0 0.00052323652122634
116.0 0.0004300483719887107
117.0 0.00034186171914729266
118.0 0.00025923946733975715
119.0 0.00018254428915531095
120.0 0.00011196255730057721
121.0 4.753101055437567e-05
122.0 -1.0835662096753527e-05
123.0 -6.331795851188522e-05
124.0 -0.00011016677779558269
125.0 -0.00015168171538561896
126.0 -0.0001881930548058812
127.0 -0.0002200476746503033
128.0 -0.0002475987037635317
129.0 -0.00027119841539181106
130.0 -0.0002911935967680213
131.0 -0.00030792251034157035
132.0 -0.0003217126044241415
133.0 -0.00033287832629343297
134.0 -0.00034171869111157896
135.0 -0.00034851458742095743
136.0 -0.00035352607058159255
137.0 -0.00035699004550112106
138.0 -0.0003591187444937928
139.0 -0.00036009928389569093
140.0 -0.00036009438631971893
141.0 -0.0003592441493068485
142.0 -0.0003576685818860944
143.0 -0.000355470550274877
144.0 -0.0003527387763080109
145.0 -0.00034955059834826434
146.0 -0.00034597430472280453
147.0 -0.00034207095525576217
148.0 -0.0003378956966199217
149.0 -0.00033349864173191354
150.0 -0.00032892542013232204
151.0 -0.00032421751743870903
152.0 -0.000319412511157805
153.0 -0.0003145442815743437
154.0 -0.000309643235742587
155.0 -0.0003047365381600409
156.0 -0.00029984830455883363
157.0 -0.00029499969698938515
158.0 -0.00029020886720360105
159.0 -0.00028549073215655273
160.0 -0.0002808566216990354
161.0 -0.00027631389754645386
162.0 -0.0002718656842286046
163.0 -0.0002675108599373128
164.0 -0.000263244420325894
165.0 -0.00025905825639097567
166.0 -0.00025494229546719463
167.0 -0.0002508858660370656
168.0 -0.0002468790863845706
169.0 -0.0002429140608818465
170.0 -0.00023898570078176927
171.0 -0.00023509206068315564
172.0 -0.00023123417876670427
173.0 -0.00022741550472376508
174.0 -0.00022364107144692851
175.0 -0.0002199165993459744
176.0 -0.00021624771044558716
177.0 -0.00021263937937095718
178.0 -0.00020909567519500095
179.0 -0.00020561977180107532
180.0 -0.00020221414389151184
181.0 -0.0001988808341632755
182.0 -0.00019562167871780078
183.0 -0.0001924384076145839
184.0 -0.0001893325841045249
185.0 -0.00018630539541123766
186.0 -0.00018335734758563078
187.0 -0.0001804879392529908
188.0 -0.0001776953920240434
189.0 -0.00017497650175724063
190.0 -0.0001723266503070793
191.0 -0.0001697399880547188
192.0 -0.00016720976877233676
193.0 -0.00016472879430902217
194.0 -0.00016228991016307775
195.0 -0.0001598864863437685
196.0 -0.00015751282222884917
197.0 -0.0001551644292015165
198.0 -0.0001528381684863816
199.0 -0.00015053224934860975
200.0 -0.00014824611853748797
201.0 -0.00014598028914852284
202.0 -0.00014373616116504417
203.0 -0.00014151587536096537
204.0 -0.00013932221970058977
205.0 -0.0001371585792821952
206.0 -0.00013502889570603875
207.0 -0.00013293758758418532
208.0 -0.00013088938597707598
209.0 -0.00012888905753795634
210.0 -0.0001269410198246549
211.0 -0.00012504888944131834
212.0 -0.00012321503447664407
213.0 -0.00012144021909498891
214.0 -0.00011972342443600502
215.0 -0.00011806190540396218
216.0 -0.00011645150185914777
217.0 -0.00011488717367189541
218.0 -0.00011336368267123267
219.0 -0.0001118763109338865
220.0 -0.00011042149163643673
221.0 -0.00010899723903275241
222.0 -0.0001076032963239053
223.0 -0.00010624096813679256
224.0 -0.00010491265887063233
225.0 -0.00010362118904692537
226.0 -0.00010236899967922351
227.0 -0.00010115737292315181
228.0 -9.998579308361832e-05
229.0 -9.885154689377592e-05
230.0 -9.774962109557736e-05
231.0 -9.667290669085843e-05
232.0 -9.56126717987164e-05
233.0 -9.455922714874881e-05
234.0 -9.350268585211955e-05
235.0 -9.243371483854254e-05
236.0 -9.13441881338757e-05
237.0 -9.022767765461561e-05
238.0 -8.90797490300832e-05
239.0 -8.789806125183468e-05
240.0 -8.668229390593246e-05
241.0 -8.543394086628428e-05
242.0 -8.415601394309951e-05
243.0 -8.285269602379489e-05
244.0 -8.152897437880472e-05
245.0 -8.01902751949287e-05
246.0 -7.884211345232879e-05
247.0 -7.748976974297115e-05
248.0 -7.613800731670579e-05
249.0 -7.479084660955302e-05
250.0 -7.345141787981984e-05
251.0 -7.212191251019224e-05
252.0 -7.08036481384535e-05
253.0 -6.949725171919668e-05
254.0 -6.820294925181075e-05
255.0 -6.692093396922419e-05
256.0 -6.565176970859433e-05
257.0 -6.439677630400564e-05
258.0 -6.315834159009224e-05
259.0 -6.194011098903058e-05
260.0 -6.0747020031268764e-05
261.0 -5.958515538569911e-05
262.0 -5.8461452834605305e-05
263.0 -5.738326246642618e-05
264.0 -5.635782875897741e-05
265.0 -5.539174360966889e-05
266.0 -5.4490432411253676e-05
267.0 -5.365772706208774e-05
268.0 -5.2895566745360746e-05
269.0 -5.220384980508081e-05
270.0 -5.158044099349671e-05
271.0 -5.102132064410838e-05
272.0 -5.0520848314951e-05
273.0 -5.007210467313856e-05
274.0 -4.966727237378318e-05
275.0 -4.929801898143836e-05
276.0 -4.895585139768357e-05
277.0 -4.8632420175831856e-05
278.0 -4.831976182917741e-05
279.0 -4.801047630313677e-05
280.0 -4.769784414478389e-05
281.0 -4.73758930270953e-05
282.0 -4.703942609198229e-05
283.0 -4.668402532211962e-05
284.0 -4.630604227356256e-05
285.0 -4.590258647279008e-05
286.0 -4.547151902279197e-05
287.0 -4.501145580446489e-05
288.0 -4.45217813603619e-05
289.0 -4.400267133700139e-05
290.0 -4.345511847653143e-05
291.0 -4.2880954847391445e-05
292.0 -4.228286155357356e-05
293.0 -4.1664356785130045e-05
294.0 -4.1029753897688766e-05
295.0 -4.038408321816263e-05
296.0 -3.973297428942686e-05
297.0 -3.9082498958421634e-05
298.0 -3.843897964925782e-05
299.0 -3.780877087773999e-05
