10.0 0.4364933893476784
11.0 0.3633129693923532
12.0 0.3048089281091672
13.0 0.25747825259373885
14.0 0.21879652926249823
15.0 0.18690949561435136
16.0 0.16043195514703368
17.0 0.13830919760716667
18.0 0.11972351961704701
19.0 0.10403320403583272
20.0 0.09073050043211173
21.0 0.07941004956814367
22.0 0.06974463697303551
23.0 0.061467157014256334
24.0 0.054357705418135546
25.0 0.04823435831556509
26.0 0.042946156666717486
27.0 0.03836733603847136
28.0 0.03439254096869018
29.0 0.030933062627265417
30.0 0.02791397729682718
31.0 0.02527188373113166
32.0 0.02295300779137337
33.0 0.020911612305227447
34.0 0.019108720024216288
35.0 0.01751111392389385
36.0 0.016090514035370308
37.0 0.014822835429376647
38.0 0.013687515876450531
39.0 0.012666966250320015
40.0 0.011746161871757468
41.0 0.010912312495073372
42.0 0.010154535549663187
43.0 0.00946352791236443
44.0 0.00883129176254596
45.0 0.008250948188213833
46.0 0.0077166069946906285
47.0 0.00722323816283169
48.0 0.006766529248453495
49.0 0.006342755698012368
50.0 0.005948687684697657
51.0 0.0055815238548131176
52.0 0.005238826750719764
53.0 0.0049184513852570545
54.0 0.004618480506808901
55.0 0.004337181126472398
56.0 0.004072981156818465
57.0 0.0038244540760243233
58.0 0.003590303367237072
59.0 0.003369348150314809
60.0 0.0031605144616919344
61.0 0.0029628314417245506
62.0 0.0027754261493114227
63.0 0.0025975116327609233
64.0 0.0024283694268616564
65.0 0.0022673337188925144
66.0 0.0021137850133771726
67.0 0.0019671562430150654
68.0 0.0018269480912886293
69.0 0.0016927472434807326
70.0 0.001564242661765832
71.0 0.001441238540234036
72.0 0.0013236650394546255
73.0 0.0012115878032355528
74.0 0.0011052158265932746
75.0 0.00100490651158453
76.0 0.0009111673212991899
77.0 0.0008246540704794986
78.0 0.0007461650993735773
79.0 0.0006766284341809748
80.0 0.0006170771915792338
81.0 0.0005686085976925938
82.0 0.0005323243100116467
83.0 0.0005092531435070811
84.0 0.0005002605209674689
85.0 0.0005059514434577669
86.0 0.0005265755696439713
87.0 0.0005619440741486288
88.0 0.0006113679005021815
89.0 0.0006736254097332148
90.0 0.0007469643953912384
91.0 0.0008291397779683447
92.0 0.0009174849439474633
93.0 0.001009012172469961
94.0 0.0011005358360453878
95.0 0.0011888107412370752
96.0 0.0012706769015593995
97.0 0.0013432013238656494
98.0 0.0014038073294318839
99.0 0.0014503827455813348
100.0 0.0014813600126895388
101.0 0.0014957636736735416
102.0 0.0014932235411902093
103.0 0.0014739547129565536
104.0 0.0014387081798893154
105.0 0.0013886977681034547
106.0 0.001325510414264412
107.0 0.0012510072583846732
108.0 0.0011672228030241015
109.0 0.0010762685367135937
110.0 0.0009802460926988158
111.0 0.0008811734016414728
112.0 0.0007809256393177012
113.0 0.0006811913175749362
114.0 0.0005834428028432878
115.0 0.0004889199254905733
116.0 0.0003986250823071594
117.0 0.00031332817069226103
118.0 0.0002335796721784766
119.0 0.00015973014567154423
120.0 9.195430733804926e-05
121.0 3.0277827654985232e-05
122.0 -2.5394971010533753e-05
123.0 -7.52541562850298e-05
124.0 -0.00011955932353118039
125.0 -0.00015861783266424238
126.0 -0.00019276675955916844
127.0 -0.00022235877985497238
128.0 -0.0002477518171040863
129.0 -0.0002693019448064892
130.0 -0.0002873587773877391
131.0 -0.00030226246480034716
132.0 -0.00031434144690567153
133.0 -0.00032391031902353557
134.0 -0.00033126746034884205
135.0 -0.0003366924043728972
136.0 -0.0003404432011115863
137.0 -0.0003427541710179939
138.0 -0.0003438344550526231
139.0 -0.00034386764330101395
140.0 -0.00034301256792260485
141.0 -0.0003414051402321339
142.0 -0.00033916095261835505
143.0 -0.0003363782858705717
144.0 -0.0003331411649826359
145.0 -0.0003295221728043198
146.0 -0.0003255848313281741
147.0 -0.0003213854660416328
148.0 -0.0003169745590309992
149.0 -0.0003123976611165788
150.0 -0.00030769597009368813
151.0 -0.0003029066933660501
152.0 -0.0002980633025093258
153.0 -0.000293195758774396
154.0 -0.0002883307478783447
155.0 -0.00028349191800385666
156.0 -0.0002787000777942024
157.0 -0.00027397329287223525
158.0 -0.0002693268282400601
159.0 -0.00026477292071729747
160.0 -0.0002603204218143837
161.0 -0.00025597441043172486
162.0 -0.00025173591637329674
163.0 -0.0002476019028523949
164.0 -0.00024356562127991115
165.0 -0.00023961737967717644
166.0 -0.00023574567393068598
167.0 -0.0002319385427534722
168.0 -0.00022818494652093933
169.0 -0.00022447595388759122
170.0 -0.0002208055531539338
171.0 -0.0002171709796276137
172.0 -0.00021357254713697267
173.0 -0.00021001306766348234
174.0 -0.00020649701519269976
175.0 -0.00020302962266576768
176.0 -0.00019961608919609648
177.0 -0.0001962610246567517
178.0 -0.0001929681856046104
179.0 -0.0001897404801816882
180.0 -0.00018658015910612497
181.0 -0.0001834890782530031
182.0 -0.00018046891986889206
183.0 -0.00017752128930518957
184.0 -0.0001746476507813646
185.0 -0.00017184911502170192
186.0 -0.0001691261312668885
187.0 -0.00016647815845698805
188.0 -0.00016390339333592234
189.0 -0.00016139861964508122
190.0 -0.00015895921802289376
191.0 -0.00015657934689034686
192.0 -0.00015425227585929365
193.0 -0.00015197082913818145
194.0 -0.0001497278799882908
195.0 -0.00014751683062273532
196.0 -0.00014533201624475532
197.0 -0.00014316898699968906
198.0 -0.00014102464525141568
199.0 -0.00013889724333873127
200.0 -0.0001367862726842991
201.0 -0.000134692292421415
202.0 -0.00013261674979044174
203.0 -0.00013056183397701566
204.0 -0.00012853038251798394
205.0 -0.00012652583131137686
206.0 -0.00012455217410025943
207.0 -0.0001226138831367166
208.0 -0.00012071574479951401
209.0 -0.00011886258293506831
210.0 -0.00011705887436979997
211.0 -0.0001153082972452539
212.0 -0.00011361328363176388
213.0 -0.00011197466426678532
214.0 -0.00011039148956416482
215.0 -0.00010886108646698529
216.0 -0.00010737936964902626
217.0 -0.00010594137651930695
218.0 -0.00010454194905696183
219.0 -0.0001031764519189893
220.0 -0.00010184140304200217
221.0 -0.00010053490330006736
222.0 -9.925678398741572e-05
223.0 -9.800843884542114e-05
224.0 -9.67923618977533e-05
225.0 -9.561146323551936e-05
226.0 -9.446827277627602e-05
227.0 -9.336416026618225e-05
228.0 -9.229869561208089e-05
229.0 -9.126924846879558e-05
230.0 -9.027088512293778e-05
231.0 -8.929657205401663e-05
232.0 -8.83376481207639e-05
233.0 -8.738448941436338e-05
234.0 -8.642726843248211e-05
235.0 -8.545670497366555e-05
236.0 -8.446471893758627e-05
237.0 -8.344492071739029e-05
238.0 -8.23929067037772e-05
239.0 -8.130635870799977e-05
240.0 -8.018497106564363e-05
241.0 -7.903024430409836e-05
242.0 -7.784518887088039e-05
243.0 -7.663397846147665e-05
244.0 -7.540158361881935e-05
245.0 -7.415340666484536e-05
246.0 -7.289493207631219e-05
247.0 -7.163140389699212e-05
248.0 -7.036754346506978e-05
249.0 -6.9107324701372e-05
250.0 -6.78538275736258e-05
251.0 -6.660919028312931e-05
252.0 -6.537467532358912e-05
253.0 -6.415085350058756e-05
254.0 -6.29378946323481e-05
255.0 -6.1735936711105e-05
256.0 -6.054549023084753e-05
257.0 -5.936782450607477e-05
258.0 -5.8205280555312044e-05
259.0 -5.706146150723763e-05
260.0 -5.594126586600988e-05
261.0 -5.485074919885125e-05
262.0 -5.379682266993047e-05
263.0 -5.278681868394647e-05
264.0 -5.182797130424696e-05
265.0 -5.092686949628481e-05
266.0 -5.0088943291407e-05
267.0 -4.931803675875491e-05
268.0 -4.861610862092452e-05
269.0 -4.798308384480881e-05
270.0 -4.741686048830565e-05
271.0 -4.691345836536484e-05
272.0 -4.6467282084546674e-05
273.0 -4.6071462244516616e-05
274.0 -4.571823555377167e-05
275.0 -4.539932693833546e-05
276.0 -4.510630311773407e-05
277.0 -4.483087604765804e-05
278.0 -4.4565144353485766e-05
279.0 -4.4301769942734584e-05
280.0 -4.403409434716137e-05
281.0 -4.375620446822356e-05
282.0 -4.346296020508288e-05
283.0 -4.314999718871294e-05
284.0 -4.281371696568884e-05
285.0 -4.2451274944763826e-05
286.0 -4.206057365787509e-05
287.0 -4.1640265726342414e-05
288.0 -4.118976762117708e-05
289.0 -4.070928209291649e-05
290.0 -4.0199824258389155e-05
291.0 -3.966324402817676e-05
292.0 -3.91022361062063e-05
293.0 -3.852032841385663e-05
294.0 -3.7921840614321436e-05
295.0 -3.731180642096542e-05
296.0 -3.669585638788718e-05
297.0 -3.608006157195295e-05
298.0 -3.5470742392378486e-05
299.0 -3.4874250728920704e-05
