10.0 0.500230876342
11.0 0.428181287282
12.0 0.368948541081
13.0 0.31986348836
14.0 0.278881682537
15.0 0.24442390783
16.0 0.21526028112
17.0 0.190424534772
18.0 0.169151023976
19.0 0.150828700873
20.0 0.13496686008
21.0 0.121168943115
22.0 0.109112278703
23.0 0.0985324992449
24.0 0.0892116565152
25.0 0.0809691305661
26.0 0.0736545357978
27.0 0.0671420552714
28.0 0.0613258816024
29.0 0.0561165779404
30.0 0.0514381878544
31.0 0.0472259177373
32.0 0.0434242522849
33.0 0.0399854177917
34.0 0.036868137852
35.0 0.0340366269435
36.0 0.0314597624227
37.0 0.0291103868644
38.0 0.026964718732
39.0 0.0250018662619
40.0 0.023203432636
41.0 0.0215531855885
42.0 0.0200367662558
43.0 0.0186414311248
44.0 0.0173558350511
45.0 0.0161698578749
46.0 0.0150744626829
47.0 0.0140615696539
48.0 0.0131239392039
49.0 0.0122550682948
50.0 0.0114491033962
51.0 0.0107007666551
52.0 0.0100052889219
53.0 0.00935834746663
54.0 0.00875601133819
55.0 0.00819469745944
56.0 0.00767113676787
57.0 0.00718234696085
58.0 0.00672560906727
59.0 0.00629844716311
60.0 0.00589861123641
61.0 0.00552406213809
62.0 0.00517295661205
63.0 0.00484363115331
64.0 0.00453458552631
65.0 0.00424446846153
66.0 0.00397206796869
67.0 0.00371630695081
68.0 0.0034762426755
69.0 0.00325106751376
70.0 0.00304010861643
71.0 0.00284282524914
72.0 0.00265880341196
73.0 0.00248774768682
74.0 0.00232947022427
75.0 0.00218387686025
76.0 0.00205095064378
77.0 0.00193073323487
78.0 0.00182330437557
79.0 0.00172875904874
80.0 0.00164718151237
81.0 0.00157861557875
82.0 0.00152303133728
83.0 0.00148028964555
84.0 0.0014501067166
85.0 0.00143202177494
86.0 0.0014253709902
87.0 0.00142927071357
88.0 0.001442612401
89.0 0.00146407053071
90.0 0.00149212349783
91.0 0.00152508621904
92.0 0.00156115230131
93.0 0.00159844322833
94.0 0.00163506198635
95.0 0.00166914867461
96.0 0.00169893575245
97.0 0.00172280061576
98.0 0.00173931322372
99.0 0.0017472766038
100.0 0.00174575832066
101.0 0.00173411142884
102.0 0.0017119840198
103.0 0.00167931716596
104.0 0.00163633178125
105.0 0.00158350557998
106.0 0.00152154185713
107.0 0.00145133218904
108.0 0.00137391533665
109.0 0.00129043461759
110.0 0.00120209581366
111.0 0.00111012733983
112.0 0.0010157439915
113.0 0.000920115185921
114.0 0.000824338281733
115.0 0.000729417315377
116.0 0.000636247311407
117.0 0.000545604159055
118.0 0.000458139860692
119.0 0.000374382738899
120.0 0.000294741959487
121.0 0.000219515528713
122.0 0.000148900792922
123.0 8.3006430386e-05
124.0 2.18649801236e-05
125.0 -3.45549118445e-05
126.0 -8.63371528567e-05
127.0 -0.000133608162911
128.0 -0.000176528284083
129.0 -0.000215284570721
130.0 -0.000250084722297
131.0 -0.000281151829612
132.0 -0.000308719603525
133.0 -0.000333027836073
134.0 -0.000354317979587
135.0 -0.000372828879894
136.0 -0.000388792822972
137.0 -0.000402432118919
138.0 -0.000413956440224
139.0 -0.000423561061377
140.0 -0.000431426038409
141.0 -0.000437716251628
142.0 -0.000442582141145
143.0 -0.000446160910806
144.0 -0.00044857796657
145.0 -0.000449948383533
146.0 -0.000450378248163
147.0 -0.000449965783807
148.0 -0.000448802225535
149.0 -0.000446972456642
150.0 -0.000444555449512
151.0 -0.000441624567409
152.0 -0.000438247782618
153.0 -0.000434487853377
154.0 -0.000430402481849
155.0 -0.000426044453912
156.0 -0.000421461745202
157.0 -0.000416697572314
158.0 -0.000411790376327
159.0 -0.000406773746793
160.0 -0.000401676322512
161.0 -0.000396521731849
162.0 -0.000391328650244
163.0 -0.000386111048599
164.0 -0.000380878680891
165.0 -0.000375637816631
166.0 -0.00037039217313
167.0 -0.000365143956452
168.0 -0.000359894890369
169.0 -0.000354647107718
170.0 -0.000349403799965
171.0 -0.000344169563859
172.0 -0.000338950438441
173.0 -0.000333753678881
174.0 -0.000328587353552
175.0 -0.000323459869423
176.0 -0.000318379525497
177.0 -0.000313354168125
178.0 -0.000308390983602
179.0 -0.000303496422988
180.0 -0.000298676221489
181.0 -0.000293935457046
182.0 -0.000289278592307
183.0 -0.000284709458883
184.0 -0.000280231166843
185.0 -0.000275845948663
186.0 -0.000271554968669
187.0 -0.00026735814174
188.0 -0.00026325400709
189.0 -0.000259239695101
190.0 -0.000255311010142
191.0 -0.000251462633598
192.0 -0.00024768843247
193.0 -0.000243981842907
194.0 -0.000240336287345
195.0 -0.000236745579934
196.0 -0.000233204278355
197.0 -0.000229707950208
198.0 -0.000226253337147
199.0 -0.000222838416757
200.0 -0.000219462377344
201.0 -0.00021612553079
202.0 -0.000212829191338
203.0 -0.000209575543102
204.0 -0.000206367508154
205.0 -0.000203208613649
206.0 -0.000200102845096
207.0 -0.000197054467509
208.0 -0.000194067799059
209.0 -0.000191146933014
210.0 -0.000188295420592
211.0 -0.000185515945366
212.0 -0.00018281003391
213.0 -0.000180177852824
214.0 -0.000177618136601
215.0 -0.000175128273867
216.0 -0.000172704554333
217.0 -0.000170342550094
218.0 -0.000168037578832
219.0 -0.000165785178588
220.0 -0.000163581518173
221.0 -0.000161423675501
222.0 -0.000159309737014
223.0 -0.000157238701055
224.0 -0.000155210201196
225.0 -0.000153224095963
226.0 -0.000151279993739
227.0 -0.000149376791925
228.0 -0.000147512306203
229.0 -0.00014568304997
230.0 -0.000143884198787
231.0 -0.000142109744968
232.0 -0.000140352818463
233.0 -0.000138606126893
234.0 -0.000136862453579
235.0 -0.00013511514919
236.0 -0.000133358559622
237.0 -0.000131588347599
238.0 -0.000129801684474
239.0 -0.000127997308072
240.0 -0.000126175458641
241.0 -0.000124337715963
242.0 -0.000122486765836
243.0 -0.000120626124114
244.0 -0.000118759843209
245.0 -0.000116892221332
246.0 -0.000115027530695
247.0 -0.000113169778313
248.0 -0.000111322512028
249.0 -0.000109488684102
250.0 -0.000107670583884
251.0 -0.000105869848397
252.0 -0.000104087554476
253.0 -0.000102324388247
254.0 -0.00010058087818
255.0 -9.88576682732e-05
256.0 -9.71557999062e-05
257.0 -9.54769664574e-05
258.0 -9.38237050656e-05
259.0 -9.21994954122e-05
260.0 -9.06087455823e-05
261.0 -8.90566585528e-05
262.0 -8.75489876819e-05
263.0 -8.60917035057e-05
264.0 -8.46906051149e-05
265.0 -8.33509158387e-05
266.0 -8.20769040922e-05
267.0 -8.08715661212e-05
268.0 -7.97363988576e-05
269.0 -7.86712796629e-05
270.0 -7.76744571782e-05
271.0 -7.67426456314e-05
272.0 -7.58712052961e-05
273.0 -7.50543853807e-05
274.0 -7.42856028643e-05
275.0 -7.35577315293e-05
276.0 -7.28633790108e-05
277.0 -7.21951351387e-05
278.0 -7.15457811562e-05
279.0 -7.09084555792e-05
280.0 -7.02767777851e-05
281.0 -6.96449344145e-05
282.0 -6.90077361578e-05
283.0 -6.83606535221e-05
284.0 -6.76998399307e-05
285.0 -6.70221492844e-05
286.0 -6.63251531916e-05
287.0 -6.56071607491e-05
288.0 -6.48672412834e-05
289.0 -6.41052480727e-05
290.0 -6.33218390089e-05
291.0 -6.25184886078e-05
292.0 -6.16974849442e-05
293.0 -6.08619050737e-05
294.0 -6.00155633735e-05
295.0 -5.91629289198e-05
296.0 -5.83090103821e-05
297.0 -5.74592096947e-05
298.0 -5.66191486729e-05
299.0 -5.5794475448e-05
