10.0 0.44727684786760774
11.0 0.37365647835794874
12.0 0.314666447587564
13.0 0.2668337675914269
14.0 0.22765353469480187
15.0 0.1952828189609796
16.0 0.1683420051398535
17.0 0.14577827593853787
18.0 0.1267736918459423
19.0 0.11068524854503027
20.0 0.09700354337047051
21.0 0.08532159583300168
22.0 0.07531079819831052
23.0 0.06670294930821762
24.0 0.05927734215213686
25.0 0.05285149952591077
26.0 0.047274100166621015
27.0 0.042419149425518804
28.0 0.03818114112086865
29.0 0.034471252280372386
30.0 0.031214448695533532
31.0 0.028347198471263452
32.0 0.02581556066225936
33.0 0.02357358561604894
34.0 0.021582033685526653
35.0 0.019807375446769252
36.0 0.018220971578637335
37.0 0.016798336076081312
38.0 0.01551847049011295
39.0 0.01436332158539427
40.0 0.013317380101454002
41.0 0.012367357953955552
42.0 0.011501868234000828
43.0 0.01071110310851299
44.0 0.009986565067410335
45.0 0.009320885141184194
46.0 0.008707696551450792
47.0 0.008141509293863886
48.0 0.007617570017857879
49.0 0.007131734251885732
50.0 0.006680374642660304
51.0 0.00626031565471332
52.0 0.005868769553532452
53.0 0.005503265212622826
54.0 0.005161583358711562
55.0 0.004841712904211262
56.0 0.004541827285146211
57.0 0.004260268768487483
58.0 0.003995532508042961
59.0 0.003746251780284382
60.0 0.003511188864823814
61.0 0.0032892308395032
62.0 0.00307938402083602
63.0 0.002880761679651721
64.0 0.0026925661769651157
65.0 0.0025140726967999797
66.0 0.002344622288672371
67.0 0.0021836269960557697
68.0 0.0020305836149660237
69.0 0.0018850895375926682
70.0 0.0017468554913736968
71.0 0.0016157135480958503
72.0 0.0014916212672473406
73.0 0.0013746628452118868
74.0 0.001265046884928055
75.0 0.0011630999224372144
76.0 0.0010692557420459814
77.0 0.0009840414996082033
78.0 0.0009080612291616373
79.0 0.0008419754338500369
80.0 0.0007864737321225796
81.0 0.0007422375371267008
82.0 0.0007098916900195458
83.0 0.0006899467253077135
84.0 0.0006827357677302616
85.0 0.0006883514874074468
86.0 0.0007065892702363597
87.0 0.0007369029317876784
88.0 0.0007783786588235053
89.0 0.0008297311167567708
90.0 0.0008893230346072524
91.0 0.0009552068532418652
92.0 0.0010251850401609471
93.0 0.0010968847767523608
94.0 0.0011678426278959463
95.0 0.0012355949432263497
96.0 0.0012977697177449
97.0 0.0013521754300604937
98.0 0.0013968822118965688
99.0 0.0014302908437194353
100.0 0.0014511856569008816
101.0 0.0014587684472079383
102.0 0.0014526718600579413
103.0 0.0014329522269607455
104.0 0.0014000633208907953
105.0 0.0013548137777377347
106.0 0.0012983118782986592
107.0 0.0012319019432583329
108.0 0.001157096749391362
109.0 0.0010755101369027897
110.0 0.0009887933797670966
111.0 0.0008985780226686337
112.0 0.0008064269077863119
113.0 0.000713794214440003
114.0 0.0006219946675467913
115.0 0.000532181684684932
116.0 0.00044533405658692354
117.0 0.00036225065577399044
118.0 0.0002835525213834571
119.0 0.00020969143002639375
120.0 0.00014096377374962256
121.0 7.75283150616093e-05
122.0 1.9426255738820247e-05
123.0 -3.33979237029766e-05
124.0 -8.10762352705951e-05
125.0 -0.0001237986807736637
126.0 -0.00016179725801856312
127.0 -0.00019533288961707604
128.0 -0.00022468530971802046
129.0 -0.0002501455936642384
130.0 -0.0002720107429338237
131.0 -0.0002905795931706944
132.0 -0.00030614932774833853
133.0 -0.0003190120475397472
134.0 -0.000329451122493359
135.0 -0.00033773735545758986
136.0 -0.0003441252402331924
137.0 -0.0003488497305193912
138.0 -0.00035212392930965313
139.0 -0.0003541379778888828
140.0 -0.0003550592215847369
141.0 -0.000355033520445165
142.0 -0.00035418741277199904
143.0 -0.0003526307595034511
144.0 -0.00035045950102225516
145.0 -0.0003477582258423228
146.0 -0.00034460235277525384
147.0 -0.000341059835436496
148.0 -0.00033719238952302245
149.0 -0.0003330563088091162
150.0 -0.00032870297313888143
151.0 -0.0003241791631517395
152.0 -0.00031952728582962083
153.0 -0.00031478558653679265
154.0 -0.00030998838279339044
155.0 -0.0003051663109918691
156.0 -0.00030034654065441496
157.0 -0.00029555289312627165
158.0 -0.00029080581090226086
159.0 -0.0002861221608875173
160.0 -0.00028151491122888056
161.0 -0.0002769927802749235
162.0 -0.00027255999767240787
163.0 -0.000268216324692875
164.0 -0.00026395744604325766
165.0 -0.00025977577371857734
166.0 -0.0002556616117685687
167.0 -0.0002516045430326348
168.0 -0.00024759483869423826
169.0 -0.0002436246755506447
170.0 -0.00023968897896328392
171.0 -0.000235785783392147
172.0 -0.00023191609869400762
173.0 -0.00022808336535396208
174.0 -0.00022429265312572363
175.0 -0.00022054978968659254
176.0 -0.00021686059387218288
177.0 -0.00021323033809230528
178.0 -0.00020966349191346077
179.0 -0.00020616372335161115
180.0 -0.00020273407500693115
181.0 -0.00019937720174839909
182.0 -0.00019609555929862648
183.0 -0.00019289146378002902
184.0 -0.00018976698944825685
185.0 -0.0001867237213234725
186.0 -0.000183762418843511
187.0 -0.0001808826683490113
188.0 -0.00017808260425808604
189.0 -0.00017535876409866392
190.0 -0.00017270611682414553
191.0 -0.00017011827334880176
192.0 -0.00016758785850180425
193.0 -0.00016510699879921257
194.0 -0.0001626678635971778
195.0 -0.00016026319046243386
196.0 -0.0001578867301645688
197.0 -0.00015553356231343363
198.0 -0.0001532002570397642
199.0 -0.00015088488670766817
200.0 -0.0001485869182303259
201.0 -0.00014630703466308258
202.0 -0.000144046939531353
203.0 -0.00014180918731387056
204.0 -0.00013959706131976826
205.0 -0.00013741449228167642
206.0 -0.00013526598580204533
207.0 -0.00013315651242741465
208.0 -0.00013109131583757892
209.0 -0.00012907561316146323
210.0 -0.00012711419257596334
211.0 -0.0001252109490141789
212.0 -0.00012336842914685236
213.0 -0.00012158747284764156
214.0 -0.00011986703447187975
215.0 -0.00011820424269922975
216.0 -0.00011659471677646406
217.0 -0.00011503310821504075
218.0 -0.00011351379089238089
219.0 -0.00011203158922281454
220.0 -0.00011058242105713578
221.0 -0.00010916374238536501
222.0 -0.00010777471303137803
223.0 -0.00010641605021985103
224.0 -0.00010508959104511759
225.0 -0.00010379763527083607
226.0 -0.00010254217727849342
227.0 -0.0001013241537950658
228.0 -0.00010014282954353272
229.0 -9.899541767775098e-05
230.0 -9.787699107411496e-05
231.0 -9.678069220855674e-05
232.0 -9.569820243150994e-05
233.0 -9.462039421840938e-05
234.0 -9.35380683460017e-05
235.0 -9.244267446378612e-05
236.0 -9.132692702353363e-05
237.0 -9.018525460064255e-05
238.0 -8.90140528494584e-05
239.0 -8.781174276485699e-05
240.0 -8.6578660773925e-05
241.0 -8.531682196446537e-05
242.0 -8.40296018315861e-05
243.0 -8.272137727581661e-05
244.0 -8.139715794584052e-05
245.0 -8.006222862081547e-05
246.0 -7.872181565126943e-05
247.0 -7.738078735289979e-05
248.0 -7.604339950407167e-05
249.0 -7.471310084173596e-05
250.0 -7.339241681654708e-05
251.0 -7.20829300047072e-05
252.0 -7.078537056089427e-05
253.0 -6.94998195486717e-05
254.0 -6.822601320033336e-05
255.0 -6.696371980643951e-05
256.0 -6.571314639655693e-05
257.0 -6.44753229207507e-05
258.0 -6.325240967841163e-05
259.0 -6.204788025487498e-05
260.0 -6.086654657911826e-05
261.0 -5.9714412780464836e-05
262.0 -5.8598367119116645e-05
263.0 -5.752574277992595e-05
264.0 -5.6503795379035215e-05
265.0 -5.553915510242999e-05
266.0 -5.4637313181086234e-05
267.0 -5.3802196022472117e-05
268.0 -5.3035867179957646e-05
269.0 -5.23383798421449e-05
270.0 -5.1707783558100834e-05
271.0 -5.1140271342868206e-05
272.0 -5.0630439486374323e-05
273.0 -5.017162381912666e-05
274.0 -4.975627336759784e-05
275.0 -4.9376324799335034e-05
276.0 -4.902354760585022e-05
277.0 -4.868983897290312e-05
278.0 -4.836745704512283e-05
279.0 -4.804919033637702e-05
280.0 -4.77284683342626e-05
281.0 -4.739942336599387e-05
282.0 -4.7056916466137915e-05
283.0 -4.669654058204766e-05
284.0 -4.63146134196369e-05
285.0 -4.5908170056095204e-05
286.0 -4.547496255801386e-05
287.0 -4.5013470583720263e-05
288.0 -4.4522923582338434e-05
289.0 -4.400333196168161e-05
290.0 -4.345552171933225e-05
291.0 -4.2881164771388934e-05
292.0 -4.228279583182336e-05
293.0 -4.166380640589141e-05
294.0 -4.1028407383560595e-05
295.0 -4.038155382696903e-05
296.0 -3.972882865400027e-05
297.0 -3.907628569260668e-05
298.0 -3.843025658362662e-05
299.0 -3.779712977459421e-05
