10.0 0.4010960057739311
11.0 0.32903257189944285
12.0 0.271703357503052
13.0 0.22559561928188313
14.0 0.18817521068584692
15.0 0.15757826202705374
16.0 0.1324102145468638
17.0 0.11160734872079751
18.0 0.09434340033327296
19.0 0.07996862157302961
20.0 0.06796782882624862
21.0 0.0579288797639954
22.0 0.04951846487171538
23.0 0.04246409524261963
24.0 0.03654120529989188
25.0 0.031563929494048244
26.0 0.027378073005457495
27.0 0.023855317756600356
28.0 0.020888404402694925
29.0 0.018387330499591396
30.0 0.016276443869785686
31.0 0.014492130690554857
32.0 0.012980868103172753
33.0 0.011697580590192677
34.0 0.010604309179185766
35.0 0.009669158764328181
36.0 0.008865423634980262
37.0 0.008170796582084546
38.0 0.007566650704974724
39.0 0.00703744743881768
40.0 0.006570289315621952
41.0 0.006154555350363965
42.0 0.005781543741014546
43.0 0.005444117136164312
44.0 0.0051364059169153875
45.0 0.004853602988162885
46.0 0.004591818304596869
47.0 0.00434793831309094
48.0 0.00411947431161664
49.0 0.0039044263934031836
50.0 0.0037011862693564533
51.0 0.0035084690510094963
52.0 0.003325248463054111
53.0 0.0031506866788498715
54.0 0.0029840720561924326
55.0 0.002824779105213595
56.0 0.002672249322163527
57.0 0.0025259806115513835
58.0 0.0023855168794302234
59.0 0.0022504390712845767
60.0 0.002120361988633734
61.0 0.001994936042444036
62.0 0.0018738475803415711
63.0 0.0017568123502149948
64.0 0.0016435632181396368
65.0 0.0015338393436558075
66.0 0.0014273846128960554
67.0 0.0013239582562826046
68.0 0.0012233544025642752
69.0 0.0011254242777457206
70.0 0.0010300961407107864
71.0 0.0009373916108278577
72.0 0.000847439489027008
73.0 0.0007604880786938911
74.0 0.0006769155804041717
75.0 0.0005972374031489091
76.0 0.000522109809132308
77.0 0.00045232993807671246
78.0 0.0003888314657858776
79.0 0.00033267300918972024
80.0 0.00028501454503767644
81.0 0.0002470772232021716
82.0 0.0002200842747365637
83.0 0.00020518412869965276
84.0 0.00020336007175066208
85.0 0.0002153332616222375
86.0 0.000241467699651313
87.0 0.00028168685012423946
88.0 0.00033541154063075217
89.0 0.0004015271639646705
90.0 0.0004783851725014936
91.0 0.0005638401985317246
92.0 0.0006553207863615899
93.0 0.0007499291995006364
94.0 0.0008445640090818983
95.0 0.0009360578482181266
96.0 0.0010213216420041193
97.0 0.001097485910300439
98.0 0.0011620296784504375
99.0 0.0012128883435610798
100.0 0.0012485335506111082
101.0 0.0012680205524057075
102.0 0.0012710013529262196
103.0 0.0012577048061984475
104.0 0.001228887414517967
105.0 0.0011857605637495073
106.0 0.0011299011895730003
107.0 0.0010631533510621722
108.0 0.00098752795103032
109.0 0.0009051069899172917
110.0 0.0008179574120745755
111.0 0.0007280579899955645
112.0 0.0006372410339396438
113.0 0.0005471492614674519
114.0 0.00045920709761923593
115.0 0.0003746050559543264
116.0 0.00029429559044120545
117.0 0.00021899874549524885
118.0 0.00014921591175367342
119.0 8.524993930739937e-05
120.0 2.7229778170908583e-05
121.0 -2.4862229071640444e-05
122.0 -7.116222304990302e-05
123.0 -0.00011189751420444277
124.0 -0.00014736143745437268
125.0 -0.00017789137757434842
126.0 -0.00020385057890242304
127.0 -0.00022561395411339647
128.0 -0.00024355771991761374
129.0 -0.0002580523442925808
130.0 -0.00026945803470742143
131.0 -0.00027812187593228535
132.0 -0.00028437576718741116
133.0 -0.00028853450346783194
134.0 -0.00029089364619464724
135.0 -0.00029172715592397103
136.0 -0.0002912850307707764
137.0 -0.00028979134464393055
138.0 -0.00028744308443076877
139.0 -0.0002844100636953972
140.0 -0.0002808359944023998
141.0 -0.00027684059277546905
142.0 -0.00027252243689320546
143.0 -0.00026796221407544596
144.0 -0.00026322599917956316
145.0 -0.0002583682717651532
146.0 -0.0002534344810052377
147.0 -0.0002484630733213402
148.0 -0.0002434869883855605
149.0 -0.0002385346940835006
150.0 -0.00023363086813229391
151.0 -0.00022879684551311012
152.0 -0.00022405094033123632
153.0 -0.00021940872234330695
154.0 -0.00021488328783942024
155.0 -0.00021048552021011113
156.0 -0.00020622429842758884
157.0 -0.00020210659341316365
158.0 -0.00019813740106545616
159.0 -0.00019431949747688839
160.0 -0.00019065305803797156
161.0 -0.00018713524104300736
162.0 -0.0001837598779175457
163.0 -0.00018051741927947902
164.0 -0.00017739525105656332
165.0 -0.00017437842283196843
166.0 -0.00017145073836253436
167.0 -0.0001685960697624491
168.0 -0.000165799696053116
169.0 -0.0001630494504285759
170.0 -0.00016033649356511564
171.0 -0.00015765560450173587
172.0 -0.00015500497746262233
173.0 -0.00015238560873877103
174.0 -0.000149800429824358
175.0 -0.0001472533757382485
176.0 -0.00014474856570317895
177.0 -0.00014228972326217065
178.0 -0.00013987988974506577
179.0 -0.0001375214086506269
180.0 -0.00013521609796559483
181.0 -0.00013296549581851195
182.0 -0.0001307710664026107
183.0 -0.00012863428294001717
184.0 -0.00012655655108518985
185.0 -0.0001245389855005775
186.0 -0.00012258209199954683
187.0 -0.00012068542995297528
188.0 -0.00011884733261642256
189.0 -0.00011706474946023606
190.0 -0.00011533325004206557
191.0 -0.00011364719963219168
192.0 -0.00011200008806668667
193.0 -0.00011038496924787912
194.0 -0.00010879495229624996
195.0 -0.0001072236787020732
196.0 -0.00010566572413369296
197.0 -0.00010411687864007606
198.0 -0.000102574282623984
199.0 -0.00010103642370774424
200.0 -9.95030253312549e-05
201.0 -9.797487521396225e-05
202.0 -9.645364589821754e-05
203.0 -9.494174901028295e-05
204.0 -9.344224232758156e-05
205.0 -9.195878064932143e-05
206.0 -9.049557629974823e-05
207.0 -8.905732092815078e-05
208.0 -8.764902233630696e-05
209.0 -8.627572905946248e-05
210.0 -8.494214710570472e-05
211.0 -8.365218946247795e-05
212.0 -8.240852978509181e-05
213.0 -8.121224807447349e-05
214.0 -8.006265245458439e-05
215.0 -7.895733658988332e-05
216.0 -7.789249121997204e-05
217.0 -7.686343924280971e-05
218.0 -7.586531735604049e-05
219.0 -7.489379368717177e-05
220.0 -7.394569762777252e-05
221.0 -7.301944843438083e-05
222.0 -7.211520137164117e-05
223.0 -7.123467813010555e-05
224.0 -7.038070280177115e-05
225.0 -6.95565155800711e-05
226.0 -6.876497423846282e-05
227.0 -6.800777169192414e-05
228.0 -6.728479376746536e-05
229.0 -6.659371615154741e-05
230.0 -6.59298986012424e-05
231.0 -6.52865858470968e-05
232.0 -6.46553771838536e-05
233.0 -6.402688883899714e-05
234.0 -6.339151082047983e-05
235.0 -6.274015568889957e-05
236.0 -6.206490948273235e-05
237.0 -6.135952052260757e-05
238.0 -6.061969364976749e-05
239.0 -5.984318873661979e-05
240.0 -5.9029747256448275e-05
241.0 -5.818088581446413e-05
242.0 -5.72996001502054e-05
243.0 -5.639001915605511e-05
244.0 -5.5457039583306604e-05
245.0 -5.450596248835112e-05
246.0 -5.3542145516473556e-05
247.0 -5.257068259363764e-05
248.0 -5.1596124276874983e-05
249.0 -5.062225597430665e-05
250.0 -4.965195460959471e-05
251.0 -4.868714423154761e-05
252.0 -4.772886566830639e-05
253.0 -4.6777464260451544e-05
254.0 -4.583288433648691e-05
255.0 -4.489504215072234e-05
256.0 -4.396423392890373e-05
257.0 -4.3041525785718387e-05
258.0 -4.212907002845077e-05
259.0 -4.1230298747266864e-05
260.0 -4.0349959974548654e-05
261.0 -3.949398192653016e-05
262.0 -3.866917370685182e-05
263.0 -3.788279269731985e-05
264.0 -3.7142026269959614e-05
265.0 -3.6453445848385166e-05
266.0 -3.582249339942878e-05
267.0 -3.525305423794934e-05
268.0 -3.4747156984993084e-05
269.0 -3.430482402492575e-05
270.0 -3.392407676572451e-05
271.0 -3.360108229763541e-05
272.0 -3.3330414046525e-05
273.0 -3.310539025434853e-05
274.0 -3.291845110983975e-05
275.0 -3.276153765457024e-05
276.0 -3.262644201046148e-05
277.0 -3.250510739583305e-05
278.0 -3.238986612419909e-05
279.0 -3.2273612843638e-05
280.0 -3.21499176354496e-05
281.0 -3.201308871034781e-05
282.0 -3.185819724098484e-05
283.0 -3.1681077607663464e-05
284.0 -3.147831544654157e-05
285.0 -3.124723385054866e-05
286.0 -3.0985885302284487e-05
287.0 -3.06930537471978e-05
288.0 -3.0368267903126608e-05
289.0 -3.001182367824353e-05
290.0 -2.9624810671120764e-05
291.0 -2.9209135413233e-05
292.0 -2.87675325526521e-05
293.0 -2.8303554790567822e-05
294.0 -2.7821533198513963e-05
295.0 -2.732650154657519e-05
296.0 -2.6824081283008572e-05
297.0 -2.6320327494182006e-05
298.0 -2.582154010943065e-05
299.0 -2.5334048330988624e-05
