10.0 0.446131524954
11.0 0.375931407799
12.0 0.318639176516
13.0 0.271540391152
14.0 0.232559760035
15.0 0.200097505746
16.0 0.172910196746
17.0 0.150022602226
18.0 0.130662977153
19.0 0.114215870819
20.0 0.100187126607
21.0 0.0881772430611
22.0 0.0778608785431
23.0 0.0689711677538
24.0 0.0612878207238
25.0 0.054628060548
26.0 0.0488395773054
27.0 0.0437949118248
28.0 0.0393869379579
29.0 0.0355252530915
30.0 0.0321333054671
31.0 0.0291460829656
32.0 0.026508224959
33.0 0.024172472781
34.0 0.0220984042964
35.0 0.0202513993417
36.0 0.0186017782943
37.0 0.0171240676369
38.0 0.0157963723355
39.0 0.0145998514285
40.0 0.0135182859999
41.0 0.0125377134374
42.0 0.0116461033272
43.0 0.0108330692791
44.0 0.0100896250126
45.0 0.00940798744406
46.0 0.00878141483792
47.0 0.00820406379508
48.0 0.00767085852317
49.0 0.00717737598084
50.0 0.00671975015039
51.0 0.00629459179131
52.0 0.00589891711255
53.0 0.00553008295231
54.0 0.00518573112769
55.0 0.00486374473939
56.0 0.00456221545037
57.0 0.00427941807043
58.0 0.00401378952318
59.0 0.00376391143945
60.0 0.00352849634505
61.0 0.00330637634097
62.0 0.00309649221733
63.0 0.00289788170559
64.0 0.00270966770537
65.0 0.00253104909383
66.0 0.00236129674315
67.0 0.0021997557008
68.0 0.00204585240996
69.0 0.00189910471741
70.0 0.00175913265831
71.0 0.00162566900289
72.0 0.00149856934966
73.0 0.0013778216853
74.0 0.0012635550227
75.0 0.00115604642379
76.0 0.00105572552771
77.0 0.000963175357672
78.0 0.000879127423776
79.0 0.00080444818041
80.0 0.000740113342512
81.0 0.000687166973512
82.0 0.000646663743528
83.0 0.000619594991266
84.0 0.000606801730917
85.0 0.000608880148932
86.0 0.000626087161441
87.0 0.000658254960715
88.0 0.000704723839307
89.0 0.000764301717663
90.0 0.00083525675538
91.0 0.000915346519475
92.0 0.00100188387094
93.0 0.00109183642561
94.0 0.00118195343946
95.0 0.0012689114753
96.0 0.00134946843299
97.0 0.00142061467849
98.0 0.00147971024049
99.0 0.00152459838025
100.0 0.00155368813242
101.0 0.00156600136977
102.0 0.00156118318174
103.0 0.00153947748049
104.0 0.00150167240904
105.0 0.0014490220748
106.0 0.00138315224136
107.0 0.00130595787759
108.0 0.00121949998035
109.0 0.00112590801545
110.0 0.00102729286031
111.0 0.000925673496483
112.0 0.000822919103323
113.0 0.000720706822138
114.0 0.000620494406085
115.0 0.000523506276332
116.0 0.000430731125432
117.0 0.000342929056686
118.0 0.000260646231226
119.0 0.000184235047327
120.0 0.00011387797075
121.0 4.96132700218e-05
122.0 -8.63890523057e-06
123.0 -6.10514289226e-05
124.0 -0.000107867133112
125.0 -0.000149378513211
126.0 -0.000185910628937
127.0 -0.000217807319238
128.0 -0.000245420570094
129.0 -0.00026910264427
130.0 -0.000289200425282
131.0 -0.000306051363092
132.0 -0.000319980442854
133.0 -0.000331297718535
134.0 -0.000340296129575
135.0 -0.000347249508013
136.0 -0.000352410841771
137.0 -0.000356010954377
138.0 -0.000358257779061
139.0 -0.000359336354352
140.0 -0.000359409573991
141.0 -0.000358619618455
142.0 -0.00035708990795
143.0 -0.000354927366106
144.0 -0.000352224775286
145.0 -0.000349063032256
146.0 -0.000345513164072
147.0 -0.00034163802396
148.0 -0.000337493643445
149.0 -0.000333130262142
150.0 -0.000328593086407
151.0 -0.000323922841755
152.0 -0.000319156182829
153.0 -0.000314326011644
154.0 -0.000309461734253
155.0 -0.000304589463707
156.0 -0.00029973215973
157.0 -0.000294909688693
158.0 -0.000290138794647
159.0 -0.000285432992344
160.0 -0.000280802421006
161.0 -0.00027625372408
162.0 -0.0002717900354
163.0 -0.000267411148455
164.0 -0.000263113920095
165.0 -0.000258892916964
166.0 -0.00025474126149
167.0 -0.00025065158718
168.0 -0.000246616982455
169.0 -0.0002426317966
170.0 -0.000238692202642
171.0 -0.000234796455433
172.0 -0.000230944838589
173.0 -0.000227139348437
174.0 -0.000223383204453
175.0 -0.000219680295372
176.0 -0.000216034665321
177.0 -0.000212450118159
178.0 -0.000208929978797
179.0 -0.000205477008132
180.0 -0.000202093433646
181.0 -0.000198781037879
182.0 -0.000195541244612
183.0 -0.00019237515579
184.0 -0.000189283515412
185.0 -0.000186266602616
186.0 -0.000183324078487
187.0 -0.000180454824968
188.0 -0.000177656817892
189.0 -0.000174927070322
190.0 -0.000172261669477
191.0 -0.000169655913941
192.0 -0.000167104540771
193.0 -0.000164602017548
194.0 -0.000162142864461
195.0 -0.00015972196768
196.0 -0.000157334848207
197.0 -0.000154977859466
198.0 -0.000152648300527
199.0 -0.000150344447129
200.0 -0.000148065516234
201.0 -0.000145811588381
202.0 -0.000143583513543
203.0 -0.000141382820154
204.0 -0.000139211635318
205.0 -0.000137072610514
206.0 -0.000134968835718
207.0 -0.000132903719746
208.0 -0.00013088081809
209.0 -0.000128903601471
210.0 -0.000126975176027
211.0 -0.000125097985033
212.0 -0.000123273536955
213.0 -0.000121502210727
214.0 -0.000119783183886
215.0 -0.000118114512406
216.0 -0.000116493365688
217.0 -0.000114916391163
218.0 -0.000113380156381
219.0 -0.000111881598184
220.0 -0.000110418402611
221.0 -0.000108989247357
222.0 -0.000107593859627
223.0 -0.000106232872377
224.0 -0.000104907495717
225.0 -0.000103619051483
226.0 -0.000102368442108
227.0 -0.000101155635913
228.0 -9.99792481831e-05
229.0 -9.88362817511e-05
230.0 -9.77220654015e-05
231.0 -9.66303980811e-05
232.0 -9.55538769767e-05
233.0 -9.44843630395e-05
234.0 -9.34135221351e-05
235.0 -9.23333753809e-05
236.0 -9.12367979735e-05
237.0 -9.01179196097e-05
238.0 -8.89723979669e-05
239.0 -8.77975557685e-05
240.0 -8.65923883891e-05
241.0 -8.53574605616e-05
242.0 -8.40947168557e-05
243.0 -8.28072318683e-05
244.0 -8.14989241467e-05
245.0 -8.01742547033e-05
246.0 -7.88379282289e-05
247.0 -7.7494613657e-05
248.0 -7.61487005086e-05
249.0 -7.48041075926e-05
250.0 -7.34641598424e-05
251.0 -7.21315460902e-05
252.0 -7.08083646871e-05
253.0 -6.94962551623e-05
254.0 -6.8196603552e-05
255.0 -6.69107982751e-05
256.0 -6.56405045001e-05
257.0 -6.43879196973e-05
258.0 -6.31559728257e-05
259.0 -6.19484348293e-05
260.0 -6.07699182938e-05
261.0 -5.96257578449e-05
262.0 -5.8521778108e-05
263.0 -5.74639705132e-05
264.0 -5.64581117661e-05
265.0 -5.55093637927e-05
266.0 -5.46218965472e-05
267.0 -5.37985712635e-05
268.0 -5.30407133836e-05
269.0 -5.2347992968e-05
270.0 -5.17184177218e-05
271.0 -5.11484316681e-05
272.0 -5.0633102546e-05
273.0 -5.01663742595e-05
274.0 -4.97413576164e-05
275.0 -4.93506330358e-05
276.0 -4.89865422462e-05
277.0 -4.86414513087e-05
278.0 -4.83079735426e-05
279.0 -4.79791471471e-05
280.0 -4.76485677447e-05
281.0 -4.73104802524e-05
282.0 -4.69598372056e-05
283.0 -4.659233195e-05
284.0 -4.62044151552e-05
285.0 -4.57933021382e-05
286.0 -4.53569768036e-05
287.0 -4.48941958651e-05
288.0 -4.44044946606e-05
289.0 -4.3888193544e-05
290.0 -4.33464017531e-05
291.0 -4.27810140311e-05
292.0 -4.21946943095e-05
293.0 -4.15908405804e-05
294.0 -4.09735257651e-05
295.0 -4.0347410877e-05
296.0 -3.97176289527e-05
297.0 -3.90896408436e-05
298.0 -3.84690667261e-05
299.0 -3.78614997947e-05
