10.0 0.44802059478495654
11.0 0.374334386013939
12.0 0.3152557652805427
13.0 0.2673234368702383
14.0 0.22804188927447935
15.0 0.19557499748664134
16.0 0.1685475209575101
17.0 0.14590898466335778
18.0 0.12684224140470127
19.0 0.11070399583574965
20.0 0.09698386897086712
21.0 0.08527352953815702
22.0 0.0752428700940057
23.0 0.06662219319133669
24.0 0.05918939359081882
25.0 0.05276074589387569
26.0 0.04718385283576359
27.0 0.042331818443149545
28.0 0.03809840026160364
29.0 0.03439418775037679
30.0 0.031143688448917812
31.0 0.02828302151032719
32.0 0.025757987193654124
33.0 0.023522449798052656
34.0 0.021537041127189443
35.0 0.01976814774985672
36.0 0.018187080149688787
37.0 0.01676932725277081
38.0 0.015493883778592888
39.0 0.014342702533832082
40.0 0.013300289067670184
41.0 0.012353375779757926
42.0 0.011490599625160709
43.0 0.010702178341093853
44.0 0.009979640498038645
45.0 0.009315642887879817
46.0 0.008703843628156373
47.0 0.008138776420373932
48.0 0.007615710282040358
49.0 0.007130521768348826
50.0 0.006679603328021833
51.0 0.00625979822227008
52.0 0.005868336817986245
53.0 0.005502765787274126
54.0 0.005160883821509217
55.0 0.0048406985031995255
56.0 0.0045404032460772785
57.0 0.0042583622559007
58.0 0.003993095274708632
59.0 0.0037432635176625068
60.0 0.003507661238040426
61.0 0.003285212152608615
62.0 0.003074964409270344
63.0 0.002876078663880433
64.0 0.002687810331438155
65.0 0.0025094930904031813
66.0 0.0023405312379315407
67.0 0.002180403545406964
68.0 0.002028675028794041
69.0 0.0018850099709098848
70.0 0.001749180919674139
71.0 0.0016210720066216573
72.0 0.001500677503573883
73.0 0.0013880966551992064
74.0 0.0012835247053872795
75.0 0.0011872397094107518
76.0 0.0010995857703392498
77.0 0.0010209544537612273
78.0 0.0009517657684142069
79.0 0.0008924482263723614
80.0 0.0008434156658710336
81.0 0.0008050383110419807
82.0 0.0007776071552675427
83.0 0.000761293085935282
84.0 0.0007561040055568522
85.0 0.0007618441442547304
86.0 0.0007780800646177041
87.0 0.0008041177373780946
88.0 0.0008389943170221593
89.0 0.0008814866219433374
90.0 0.0009301360537458679
91.0 0.000983287532412681
92.0 0.001039138763940495
93.0 0.001095796054672868
94.0 0.0011513335621522452
95.0 0.001203853664496143
96.0 0.0012515465618507257
97.0 0.0012927472137471132
98.0 0.0013259874781895702
99.0 0.001350041129711892
100.0 0.0013639594816819472
101.0 0.0013670956895321122
102.0 0.001359116442862596
103.0 0.0013400005810746127
104.0 0.0013100250671386508
105.0 0.0012697396009418009
106.0 0.0012199318518561083
107.0 0.0011615857854959397
108.0 0.0010958358206773398
109.0 0.0010239195528864622
110.0 0.0009471315106767933
111.0 0.0008667799146717349
112.0 0.0007841478006076797
113.0 0.0007004593053984332
114.0 0.0006168515268636264
115.0 0.0005343521875469165
116.0 0.00045386328758413374
117.0 0.0003761508892191986
118.0 0.0003018410254322729
119.0 0.00023142143616188985
120.0 0.0001652484638042347
121.0 0.0001035580875784214
122.0 4.647983653929353e-05
123.0 -5.947761265604753e-06
124.0 -5.3761465805080945e-05
125.0 -9.705843094696463e-05
126.0 -0.00013598293928194374
127.0 -0.00017071524983228398
128.0 -0.0002014626919543816
129.0 -0.00022845280304116422
130.0 -0.00025192803896687465
131.0 -0.0002721414376117536
132.0 -0.0002893526207934828
133.0 -0.0003038236750542798
134.0 -0.00031581471189301647
135.0 -0.0003255791978073938
136.0 -0.00033335938172842305
137.0 -0.00033938226923831827
138.0 -0.00034385657482035567
139.0 -0.00034697094396546574
140.0 -0.0003488935279382669
141.0 -0.00034977277985123094
142.0 -0.00034973917689705344
143.0 -0.0003489074914352706
144.0 -0.0003473792360430024
145.0 -0.0003452449751112814
146.0 -0.00034258629782555087
147.0 -0.0003394773550388594
148.0 -0.0003359859546718522
149.0 -0.00033217427637525034
150.0 -0.0003280993040816856
151.0 -0.00032381308704064525
152.0 -0.0003193629297457856
153.0 -0.00031479158317810154
154.0 -0.00031013746977363117
155.0 -0.00030543493089574546
156.0 -0.000300714449365755
157.0 -0.00029600278225441285
158.0 -0.0002913229487418983
159.0 -0.00028669405520084513
160.0 -0.0002821309961775521
161.0 -0.0002776441290085325
162.0 -0.00027323906137746826
163.0 -0.0002689166983231716
164.0 -0.0002646736605070336
165.0 -0.00026050311401146475
166.0 -0.00025639596042107603
167.0 -0.0002523422482676107
168.0 -0.00024833260680900905
169.0 -0.00024435948716619094
170.0 -0.0002404180288173866
171.0 -0.00023650644319814652
172.0 -0.00023262590217220194
173.0 -0.0002287800138473939
174.0 -0.00022497403927357665
175.0 -0.00022121403554297586
176.0 -0.00021750609876851218
177.0 -0.00021385583061512732
178.0 -0.00021026807977127132
179.0 -0.00020674693476905082
180.0 -0.00020329588569594577
181.0 -0.0001999180424805316
182.0 -0.0001966163005879013
183.0 -0.0001933933760650165
184.0 -0.000190251679268174
185.0 -0.00018719304611984847
186.0 -0.00018421838498186436
187.0 -0.00018132731855554558
188.0 -0.00017851790175160782
189.0 -0.0001757864811663738
190.0 -0.0001731277354018004
191.0 -0.00017053490434517691
192.0 -0.0001680001852389038
193.0 -0.0001655152481567959
194.0 -0.00016307180642006688
195.0 -0.00016066217069367637
196.0 -0.00015827972018469047
197.0 -0.00015591924025213898
198.0 -0.00015357710050373244
199.0 -0.00015125127651572615
200.0 -0.00014894124539889425
201.0 -0.00014664780402969297
202.0 -0.00014437286399254632
203.0 -0.0001421192676050952
204.0 -0.00013989064747649054
205.0 -0.0001376913242782405
206.0 -0.0001355262122523885
207.0 -0.00013340068754201376
208.0 -0.00013132037597462395
209.0 -0.00012929083522249593
210.0 -0.00012731713714276446
211.0 -0.00012540339150174455
212.0 -0.00012355228238400114
213.0 -0.00012176470444269886
214.0 -0.00012003958214138452
215.0 -0.000118373930501039
216.0 -0.00011676317495533576
217.0 -0.00011520169918078762
218.0 -0.00011368354372506661
219.0 -0.0001122031450260063
220.0 -0.00011075599142385811
221.0 -0.00010933908314903088
222.0 -0.00010795111528468662
223.0 -0.00010659235024144044
224.0 -0.0001052642002351708
225.0 -0.00010396859044635318
226.0 -0.00010270721073105932
227.0 -0.00010148078141575546
228.0 -0.00010028845414754876
229.0 -9.912744351410561e-05
230.0 -9.799294449288622e-05
231.0 -9.68783426885676e-05
232.0 -9.577567773871894e-05
233.0 -9.467628343821031e-05
234.0 -9.357150694421499e-05
235.0 -9.245340637483891e-05
236.0 -9.131533999284669e-05
237.0 -9.01523865373272e-05
238.0 -8.896156866142531e-05
239.0 -8.774188291912906e-05
240.0 -8.649416451194259e-05
241.0 -8.522082957407678e-05
242.0 -8.39255415219647e-05
243.0 -8.261284293597349e-05
244.0 -8.128778434526784e-05
245.0 -7.995557042612112e-05
246.0 -7.862123601883485e-05
247.0 -7.728936088389561e-05
248.0 -7.596383311165952e-05
249.0 -7.464767469618018e-05
250.0 -7.334294612383198e-05
251.0 -7.205074705424381e-05
252.0 -7.07713253480733e-05
253.0 -6.950429641324507e-05
254.0 -6.82489603662127e-05
255.0 -6.700468847358647e-05
256.0 -6.57713361008114e-05
257.0 -6.454963019520763e-05
258.0 -6.334147755311424e-05
259.0 -6.215014674215725e-05
260.0 -6.0980290930268946e-05
261.0 -5.983779889322872e-05
262.0 -5.872948396671498e-05
263.0 -5.766264208182656e-05
264.0 -5.664452692377296e-05
265.0 -5.568180016639071e-05
266.0 -5.4780016385327496e-05
267.0 -5.394319576688948e-05
268.0 -5.317352453328648e-05
269.0 -5.247120549244768e-05
270.0 -5.183446218408466e-05
271.0 -5.1259682586734875e-05
272.0 -5.074167461908812e-05
273.0 -5.0273997202279666e-05
274.0 -4.9849327933733706e-05
275.0 -4.9459830984944005e-05
276.0 -4.909749545943716e-05
277.0 -4.875442349901808e-05
278.0 -4.842305720491411e-05
279.0 -4.809634247584723e-05
280.0 -4.776783512462945e-05
281.0 -4.7431759591976646e-05
282.0 -4.7083033168963374e-05
283.0 -4.6717269142907966e-05
284.0 -4.633077115206732e-05
285.0 -4.592052876567e-05
286.0 -4.5484221335051815e-05
287.0 -4.5020233835155394e-05
288.0 -4.452768500239983e-05
289.0 -4.400646480962297e-05
290.0 -4.345727543848865e-05
291.0 -4.2881667668218576e-05
292.0 -4.228206325414461e-05
293.0 -4.1661753630036374e-05
294.0 -4.102486624972716e-05
295.0 -4.037629205493452e-05
296.0 -3.972157072746127e-05
297.0 -3.9066734215783794e-05
298.0 -3.841811308169683e-05
299.0 -3.7782114021158995e-05
