10.0 0.41526590500025934
11.0 0.3506558117940737
12.0 0.297926959350547
13.0 0.25465230008663403
14.0 0.21891190572847116
15.0 0.18917921573639257
16.0 0.16427362252025454
17.0 0.14332266700285706
18.0 0.12556950989517637
19.0 0.1104667851097257
20.0 0.09750346399796551
21.0 0.08638257218733877
22.0 0.07674922471331899
23.0 0.06843501481066537
24.0 0.06120453714400583
25.0 0.0548927940678783
26.0 0.049368009616948275
27.0 0.044516469307501055
28.0 0.04024051599469824
29.0 0.03649115619052454
30.0 0.03316543274134912
31.0 0.03020036991480647
32.0 0.027580096057640047
33.0 0.02523264445694604
34.0 0.023137326781327135
35.0 0.021253145540317243
36.0 0.01956694603330001
37.0 0.018034538270566024
38.0 0.01666207791623124
39.0 0.015414949446530875
40.0 0.014276882730940686
41.0 0.013241859417953044
42.0 0.012302928479875836
43.0 0.011441607502282848
44.0 0.010650499870811304
45.0 0.00992293143503061
46.0 0.009252892740597094
47.0 0.008634978069932355
48.0 0.008064322514596892
49.0 0.007536546394018457
50.0 0.007047710628475627
51.0 0.006594276341777894
52.0 0.006173058260049605
53.0 0.005781176825375109
54.0 0.0054160217670761015
55.0 0.005075231518562252
56.0 0.004756675134869254
57.0 0.004458427531791124
58.0 0.004178742156674919
59.0 0.0039160294958183305
60.0 0.0036688417370943317
61.0 0.003437085493637576
62.0 0.0032205552192094648
63.0 0.003015713266800909
64.0 0.0028215370815504264
65.0 0.0026371062353327352
66.0 0.0024634526504926256
67.0 0.0022994786267778533
68.0 0.002142640559817685
69.0 0.001992360563073624
70.0 0.0018503350240621117
71.0 0.001714897935725172
72.0 0.0015843922978284802
73.0 0.001459422518212069
74.0 0.0013414796736479597
75.0 0.0012277740255775707
76.0 0.0011189235765961267
77.0 0.0010180377590150343
78.0 0.0009218180695607879
79.0 0.0008322837270393039
80.0 0.000753077222382284
81.0 0.0006798323686198073
82.0 0.0006202966842248228
83.0 0.0005730248452074272
84.0 0.0005354607180638257
85.0 0.0005225866665414726
86.0 0.0005190356457565717
87.0 0.0005419517434020238
88.0 0.0005812267317300767
89.0 0.0006396863198614956
90.0 0.0007213448182103285
91.0 0.0008133371118519666
92.0 0.0009274991777631149
93.0 0.0010449197053718012
94.0 0.0011715144719590068
95.0 0.0012963682114329287
96.0 0.001412680473477967
97.0 0.001521314617401295
98.0 0.001607351838624517
99.0 0.0016798631234193541
100.0 0.0017206941042025305
101.0 0.0017458607424569391
102.0 0.0017353864370867737
103.0 0.0017119900643119326
104.0 0.001653858948356706
105.0 0.0015886023021052485
106.0 0.0014940955616212274
107.0 0.001397910929927062
108.0 0.0012820850621848001
109.0 0.0011662591944425382
110.0 0.0010445030852910373
111.0 0.000922222530593693
112.0 0.0008038275154280089
113.0 0.0006869800524567333
114.0 0.0005763045968586383
115.0 0.00047267176947761886
116.0 0.00037199536619703414
117.0 0.0002853984765389158
118.0 0.0001988015868807975
119.0 0.00012702308106728798
120.0 5.820063884382858e-05
121.0 -3.2369836227186153e-06
122.0 -5.552274171922386e-05
123.0 -0.00010764808154163046
124.0 -0.0001456499224942459
125.0 -0.00018365176344686135
126.0 -0.00021549927834995362
127.0 -0.00024181625742179455
128.0 -0.0002681332364936355
129.0 -0.00028534901943947527
130.0 -0.0003024910612747111
131.0 -0.0003168107178930751
132.0 -0.0003270015574493434
133.0 -0.0003371923970056117
134.0 -0.00034347647078143137
135.0 -0.0003485794124020939
136.0 -0.0003534076721310442
137.0 -0.0003549146500486321
138.0 -0.00035642162796622
139.0 -0.0003571129318660581
140.0 -0.00035615225668773464
141.0 -0.00035519158150941124
142.0 -0.0003533772873907377
143.0 -0.0003508036887908551
144.0 -0.00034823009019097247
145.0 -0.0003449930082750785
146.0 -0.00034143110905523224
147.0 -0.00033786920983538597
148.0 -0.0003338645431400993
149.0 -0.00032971674369759285
150.0 -0.0003255689442550864
151.0 -0.00032117636015376527
152.0 -0.0003167152050161474
153.0 -0.00031225404987852957
154.0 -0.0003077090596579836
155.0 -0.0003031356077910698
156.0 -0.00029856215592415607
157.0 -0.00029399130831254223
158.0 -0.0002894218591499607
159.0 -0.0002848524099873791
160.0 -0.0002803270073694145
161.0 -0.00027584705525467656
162.0 -0.00027136710313993854
163.0 -0.0002669294372685838
164.0 -0.00026260616844407626
165.0 -0.0002582828996195686
166.0 -0.000253959630795061
167.0 -0.0002498363353033562
168.0 -0.00024571659826567224
169.0 -0.00024159686122798832
170.0 -0.00023762859545948473
171.0 -0.00023374977077440332
172.0 -0.00022987094608932192
173.0 -0.00022604852950541956
174.0 -0.00022244192755359508
175.0 -0.0002188353256017706
176.0 -0.00021522872364994618
177.0 -0.00021183253828564247
178.0 -0.00020851958192103393
179.0 -0.00020520662555642536
180.0 -0.00020193007109831602
181.0 -0.00019885135493213771
182.0 -0.0001957726387659594
183.0 -0.00019269392259978115
184.0 -0.00018970019787013467
185.0 -0.00018678420652597634
186.0 -0.000183868215181818
187.0 -0.00018095222383765968
188.0 -0.00017812009818433684
189.0 -0.00017530690792775036
190.0 -0.00017249371767116386
191.0 -0.0001696858097840076
192.0 -0.00016702602893936736
193.0 -0.00016436624809472718
194.0 -0.00016170646725008694
195.0 -0.00015909381956657524
196.0 -0.000156700822122606
197.0 -0.00015430782467863683
198.0 -0.0001519148272346676
199.0 -0.00014959101631151857
200.0 -0.0001474851249796328
201.0 -0.00014537923364774704
202.0 -0.00014327334231586128
203.0 -0.00014121531394385812
204.0 -0.00013932141241940017
205.0 -0.0001374275108949423
206.0 -0.00013553360937048435
207.0 -0.00013365317214067554
208.0 -0.0001318632679241786
209.0 -0.00013007336370768167
210.0 -0.00012828345949118474
211.0 -0.00012649355527468779
212.0 -0.00012475854668655615
213.0 -0.00012302640272354292
214.0 -0.00012129425876052971
215.0 -0.0001195621147975165
216.0 -0.00011786881324564459
217.0 -0.00011619321508816758
218.0 -0.00011451761693069054
219.0 -0.00011284201877321352
220.0 -0.00011119961380222353
221.0 -0.00010962242246074575
222.0 -0.00010804523111926796
223.0 -0.00010646803977779016
224.0 -0.00010489084843631238
225.0 -0.00010348752974444234
226.0 -0.00010210356800475698
227.0 -0.00010071960626507163
228.0 -9.933564452538627e-05
229.0 -9.8039009117291e-05
230.0 -9.688935511447967e-05
231.0 -9.573970111166834e-05
232.0 -9.4590047108857e-05
233.0 -9.344039310604568e-05
234.0 -9.240753101275061e-05
235.0 -9.141274868535592e-05
236.0 -9.041796635796123e-05
237.0 -8.942318403056652e-05
238.0 -8.842523689637991e-05
239.0 -8.73555306024214e-05
240.0 -8.628582430846287e-05
241.0 -8.521611801450434e-05
242.0 -8.414641172054582e-05
243.0 -8.302515035963873e-05
244.0 -8.173622279260928e-05
245.0 -8.044729522557982e-05
246.0 -7.915836765855036e-05
247.0 -7.786944009152089e-05
248.0 -7.655943781910552e-05
249.0 -7.520684003318362e-05
250.0 -7.385424224726172e-05
251.0 -7.250164446133983e-05
252.0 -7.114904667541793e-05
253.0 -6.983146811781997e-05
254.0 -6.85857173514303e-05
255.0 -6.733996658504063e-05
256.0 -6.609421581865096e-05
257.0 -6.484846505226128e-05
258.0 -6.363880480605248e-05
259.0 -6.255458198884215e-05
260.0 -6.147035917163183e-05
261.0 -6.03861363544215e-05
262.0 -5.9301913537211176e-05
263.0 -5.822108726536498e-05
264.0 -5.734916332859289e-05
265.0 -5.647723939182079e-05
266.0 -5.5605315455048693e-05
267.0 -5.473339151827659e-05
268.0 -5.3861467581504506e-05
269.0 -5.314323802850384e-05
270.0 -5.248982596353186e-05
271.0 -5.1836413898559885e-05
272.0 -5.11830018335879e-05
273.0 -5.0529589768615926e-05
274.0 -4.991549045176703e-05
275.0 -4.9400788796241006e-05
276.0 -4.8886087140714985e-05
277.0 -4.8371385485188964e-05
278.0 -4.7856683829662936e-05
279.0 -4.7341982174136915e-05
280.0 -4.684275588146895e-05
281.0 -4.6348579312679876e-05
282.0 -4.58544027438908e-05
283.0 -4.5360226175101725e-05
284.0 -4.486604960631264e-05
285.0 -4.4371896779436686e-05
286.0 -4.387793063638712e-05
287.0 -4.3383964493337553e-05
288.0 -4.2889998350287994e-05
289.0 -4.239603220723843e-05
290.0 -4.190206606418886e-05
291.0 -4.1431888636535894e-05
292.0 -4.1004422652923465e-05
293.0 -4.057695666931104e-05
294.0 -4.0149490685698614e-05
295.0 -3.9722024702086185e-05
296.0 -3.9294558718473756e-05
297.0 -3.8905768522126825e-05
298.0 -3.855782351693386e-05
299.0 -3.82098785117409e-05
