10.0 0.445753984508
11.0 0.378972454095
12.0 0.325042235792
13.0 0.280914597642
14.0 0.244396545638
15.0 0.213878635204
16.0 0.188158583955
17.0 0.16632035043
18.0 0.147652964952
19.0 0.131597804434
20.0 0.117712380686
21.0 0.105643100545
22.0 0.0951042938682
23.0 0.0858625740323
24.0 0.077725620672
25.0 0.0705341460246
26.0 0.0641557620615
27.0 0.0584799190206
28.0 0.0534136987374
29.0 0.0488785063367
30.0 0.0448075573633
31.0 0.0411438960138
32.0 0.0378387409766
33.0 0.034850104689
34.0 0.0321416931551
35.0 0.0296820543319
36.0 0.027443885099
37.0 0.0254034114118
38.0 0.0235398305027
39.0 0.0218348612151
40.0 0.020272417774
41.0 0.0188383511182
42.0 0.0175201904761
43.0 0.0163068806194
44.0 0.0151885637856
45.0 0.0141564360033
46.0 0.0132026498977
47.0 0.0123202157708
48.0 0.0115028872447
49.0 0.0107450556123
50.0 0.0100416740768
51.0 0.00938820363289
52.0 0.00878055850664
53.0 0.00821504387621
54.0 0.00768829813802
55.0 0.00719725287732
56.0 0.00673910973294
57.0 0.0063113236046
58.0 0.00591158499345
59.0 0.00553780277983
60.0 0.00518809139101
61.0 0.00486076167173
62.0 0.0045543098285
63.0 0.00426739958649
64.0 0.00399883844971
65.0 0.00374755429124
66.0 0.0035125789833
67.0 0.00329304143401
68.0 0.00308816693448
69.0 0.00289727707442
70.0 0.0027197858119
71.0 0.00255519060304
72.0 0.00240305989499
73.0 0.00226301850378
74.0 0.00213473149931
75.0 0.00201788698791
76.0 0.00191217911557
77.0 0.00181729354071
78.0 0.00173289715856
79.0 0.00165863197238
80.0 0.00159411107667
81.0 0.00153891415819
82.0 0.00149258093364
83.0 0.00145460258729
84.0 0.0014244125163
85.0 0.00140137822537
86.0 0.0013847963121
87.0 0.00137389236748
88.0 0.00136782712708
89.0 0.00136570912936
90.0 0.00136661265279
91.0 0.00136959844371
92.0 0.00137373435242
93.0 0.00137811362793
94.0 0.00138186987447
95.0 0.0013841888947
96.0 0.00138431835945
97.0 0.00138157634894
98.0 0.00137535948545
99.0 0.00136515088272
100.0 0.00135052767692
101.0 0.00133116758839
102.0 0.00130685383588
103.0 0.00127747777482
104.0 0.00124303880977
105.0 0.00120364137528
106.0 0.00115948903676
107.0 0.0011108760031
108.0 0.00105817653458
109.0 0.00100183283706
110.0 0.00094234201893
111.0 0.000880242557352
112.0 0.000816100540251
113.0 0.000750495824701
114.0 0.000684008264397
115.0 0.000617204314428
116.0 0.00055062453944
117.0 0.000484772705702
118.0 0.00042010712862
119.0 0.000357034750979
120.0 0.000295908101457
121.0 0.000237024929194
122.0 0.000180630022336
123.0 0.000126918548444
124.0 7.6040208775e-05
125.0 2.81035566268e-05
126.0 -1.6820032743e-05
127.0 -5.86930577066e-05
128.0 -9.75093372635e-05
129.0 -0.000133292061815
130.0 -0.000166092110155
131.0 -0.000195986196684
132.0 -0.000223074437175
133.0 -0.000247477067566
134.0 -0.000269330280406
135.0 -0.00028878139321
136.0 -0.000305983761345
137.0 -0.000321091941253
138.0 -0.000334257577696
139.0 -0.000345626348916
140.0 -0.00035533610293
141.0 -0.000363516114273
142.0 -0.000370287232964
143.0 -0.000375762614104
144.0 -0.000380048709971
145.0 -0.000383246259352
146.0 -0.000385451094101
147.0 -0.000386754674376
148.0 -0.000387244342802
149.0 -0.000387003344494
150.0 -0.000386110692316
151.0 -0.000384640966752
152.0 -0.000382664130607
153.0 -0.000380245414088
154.0 -0.000377445290754
155.0 -0.000374319526659
156.0 -0.000370919253507
157.0 -0.000367291001909
158.0 -0.000363476639965
159.0 -0.000359513196101
160.0 -0.000355432595772
161.0 -0.000351261394496
162.0 -0.000347020627043
163.0 -0.000342725899397
164.0 -0.000338387819809
165.0 -0.000334012802173
166.0 -0.000329604194186
167.0 -0.000325163605265
168.0 -0.000320692256126
169.0 -0.000316192157872
170.0 -0.000311666957731
171.0 -0.000307122353962
172.0 -0.00030256606755
173.0 -0.000298007442317
174.0 -0.00029345680814
175.0 -0.000288924770572
176.0 -0.000284421579747
177.0 -0.000279956687795
178.0 -0.000275538540385
179.0 -0.000271174582163
180.0 -0.000266871404198
181.0 -0.000262634935625
182.0 -0.000258470584857
183.0 -0.000254383263562
184.0 -0.00025037726868
185.0 -0.000246456041547
186.0 -0.000242621857638
187.0 -0.000238875518905
188.0 -0.00023521612142
189.0 -0.000231640956816
190.0 -0.000228145581898
191.0 -0.00022472406255
192.0 -0.000221369370664
193.0 -0.00021807388997
194.0 -0.000214829971296
195.0 -0.000211630471604
196.0 -0.000208469215432
197.0 -0.000205341331689
198.0 -0.000202243441111
199.0 -0.000199173695947
200.0 -0.000196131698019
201.0 -0.000193118338381
202.0 -0.000190135606972
203.0 -0.000187186412606
204.0 -0.000184274434618
205.0 -0.000181404003133
206.0 -0.000178579982843
207.0 -0.000175807622399
208.0 -0.000173092332817
209.0 -0.000170439374386
210.0 -0.000167853458664
211.0 -0.000165338303295
212.0 -0.000162896203725
213.0 -0.000160527699707
214.0 -0.000158231410659
215.0 -0.000156004091868
216.0 -0.000153840927088
217.0 -0.000151736029691
218.0 -0.000149683083564
219.0 -0.00014767602531
220.0 -0.000145709657625
221.0 -0.000143780092742
222.0 -0.000141884952995
223.0 -0.000140023297511
224.0 -0.00013819529167
225.0 -0.000136401680348
226.0 -0.000134643158827
227.0 -0.000132919750961
228.0 -0.000131230300257
229.0 -0.000129572157383
230.0 -0.000127941111915
231.0 -0.000126331573948
232.0 -0.000124736970398
233.0 -0.000123150288714
234.0 -0.000121564682463
235.0 -0.000119974051051
236.0 -0.000118373518505
237.0 -0.000116759759951
238.0 -0.000115131153242
239.0 -0.000113487761125
240.0 -0.000111831171131
241.0 -0.000110164232988
242.0 -0.000108490736298
243.0 -0.000106815066217
244.0 -0.000105141865419
245.0 -0.000103475720456
246.0 -0.000101820882893
247.0 -0.000100181032136
248.0 -9.85590873327e-05
249.0 -9.69570787457e-05
250.0 -9.5376091826e-05
251.0 -9.38162974481e-05
252.0 -9.22770776369e-05
253.0 -9.07572472227e-05
254.0 -8.92553593281e-05
255.0 -8.77700687006e-05
256.0 -8.63005146135e-05
257.0 -8.4846677198e-05
258.0 -8.34096597469e-05
259.0 -8.19918555807e-05
260.0 -8.05969709297e-05
261.0 -7.92298930748e-05
262.0 -7.78964129134e-05
263.0 -7.66028299941e-05
264.0 -7.53554829566e-05
265.0 -7.41602569876e-05
266.0 -7.302212127e-05
267.0 -7.19447435664e-05
268.0 -7.09302173274e-05
269.0 -6.9978921168e-05
270.0 -6.90895137817e-05
271.0 -6.82590518807e-05
272.0 -6.7483206642e-05
273.0 -6.67565467073e-05
274.0 -6.60728534507e-05
275.0 -6.54254365709e-05
276.0 -6.48074239828e-05
277.0 -6.42120080382e-05
278.0 -6.3632638774e-05
279.0 -6.30631628638e-05
280.0 -6.24979133313e-05
281.0 -6.19317593943e-05
282.0 -6.13601280074e-05
283.0 -6.07790090077e-05
284.0 -6.01849546479e-05
285.0 -5.95750821813e-05
286.0 -5.89470854293e-05
287.0 -5.82992582323e-05
288.0 -5.76305295996e-05
289.0 -5.69405074512e-05
290.0 -5.62295252833e-05
291.0 -5.54986841291e-05
292.0 -5.47498810396e-05
293.0 -5.3985815163e-05
294.0 -5.32099634576e-05
295.0 -5.2426520087e-05
296.0 -5.16402964559e-05
297.0 -5.08565823361e-05
298.0 -5.00809722159e-05
299.0 -4.93191644609e-05
