10.0 0.42898113453392744
11.0 0.35587568879187226
12.0 0.297408311211514
13.0 0.25011272330796996
14.0 0.2114884252535364
15.0 0.17969436339892877
16.0 0.1533504888484482
17.0 0.13140169358002882
18.0 0.1130264214608696
19.0 0.09757723409441542
20.0 0.08453990988534257
21.0 0.07350260253240774
22.0 0.06413203689117565
23.0 0.056155707699951464
24.0 0.049349067511075734
25.0 0.04352631368868668
26.0 0.03853333029788202
27.0 0.03424184975504134
28.0 0.03054458916306944
29.0 0.027351409175652396
30.0 0.0245863777471743
31.0 0.022185439100575178
32.0 0.020094457209221983
33.0 0.018267571932297163
34.0 0.01666587548932934
35.0 0.015256373069415081
36.0 0.014011126124652074
37.0 0.012906482217755103
38.0 0.011922379175110928
39.0 0.0110417758974676
40.0 0.010250227410680322
41.0 0.009535541347871263
42.0 0.00888744005068854
43.0 0.008297223208165934
44.0 0.007757486287393337
45.0 0.007261928185795789
46.0 0.006805216374221158
47.0 0.006382854838826908
48.0 0.005991038997831778
49.0 0.005626524457555623
50.0 0.00528653309785389
51.0 0.004968686762800963
52.0 0.004670943219396751
53.0 0.004391525775505349
54.0 0.004128860033790428
55.0 0.0038815323043240525
56.0 0.003648268477367946
57.0 0.0034279212118819907
58.0 0.0032194571175373824
59.0 0.003021945265995122
60.0 0.0028345514046225827
61.0 0.0026565370526784103
62.0 0.0024872571189637877
63.0 0.0023261505732537924
64.0 0.0021727252094878055
65.0 0.002026543558596518
66.0 0.0018872175333328211
67.0 0.0017544144436211946
68.0 0.0016278707898695487
69.0 0.0015074071673306464
70.0 0.0013929390040211822
71.0 0.0012844814768620315
72.0 0.0011821495258083274
73.0 0.0010861540067065932
74.0 0.0009967939046635593
75.0 0.0009144442043951804
76.0 0.0008395400609915412
77.0 0.0007725590304894509
78.0 0.0007140027534815506
79.0 0.0006643776112898483
80.0 0.000624172043892098
81.0 0.0005938280102074473
82.0 0.0005737056840070428
83.0 0.0005640428100166328
84.0 0.000564911982187472
85.0 0.0005761800463715043
86.0 0.0005974741358364371
87.0 0.0006281587256808296
88.0 0.0006673273429992414
89.0 0.000713810945221237
90.0 0.000766202709055942
91.0 0.0008228968145122593
92.0 0.0008821375482010623
93.0 0.0009420749475087699
94.0 0.001000823882483138
95.0 0.0010565242640230234
96.0 0.0011074004979870083
97.0 0.0011518182944985436
98.0 0.0011883367030430532
99.0 0.0012157530546099543
100.0 0.00123313853937557
101.0 0.0012398624989858704
102.0 0.001235604142914338
103.0 0.0012203512242271884
104.0 0.0011943861092011286
105.0 0.0011582605212770692
106.0 0.0011127609372818185
107.0 0.0010588671084927465
108.0 0.0009977064395612829
109.0 0.0009305069580911214
110.0 0.0008585513373634275
111.0 0.0007831339376459729
112.0 0.0007055222230756459
113.0 0.0006269233485500887
114.0 0.0005484563227302555
115.0 0.0004711299731419873
116.0 0.00039582689409313503
117.0 0.0003232935160367439
118.0 0.00025413628522455184
119.0 0.00018882365391858905
120.0 0.0001276932100820562
121.0 7.096292386134301e-05
122.0 1.8745248868031483e-05
123.0 -2.8937265504309853e-05
124.0 -7.213612379532648e-05
125.0 -0.00011096187920083328
126.0 -0.00014557078317790177
127.0 -0.00017615357325621893
128.0 -0.00020292653136173272
129.0 -0.00022612460891959776
130.0 -0.0002459961460557843
131.0 -0.0002627985633813456
132.0 -0.0002767944096565144
133.0 -0.00028824730363177667
134.0 -0.00029741756843280393
135.0 -0.00030455764660992403
136.0 -0.00030990762121278857
137.0 -0.00031369129012218523
138.0 -0.00031611322282609023
139.0 -0.00031735708952973653
140.0 -0.00031758534361769105
141.0 -0.00031694012450032063
142.0 -0.000315545084259059
143.0 -0.00031350775953920576
144.0 -0.00031092211274366194
145.0 -0.000307870934241866
146.0 -0.0003044278997494657
147.0 -0.00030065918487948975
148.0 -0.00029662463115597416
149.0 -0.00029237852403388805
150.0 -0.0002879700814972389
151.0 -0.0002834437638953352
152.0 -0.0002788395055982517
153.0 -0.0002741929411558738
154.0 -0.0002695356587038523
155.0 -0.00026489546978947974
156.0 -0.00026029664860857064
157.0 -0.00025576007632397086
158.0 -0.00025130323576044185
159.0 -0.0002469400391256428
160.0 -0.00024268052792605628
161.0 -0.00023853054329927166
162.0 -0.00023449150653544415
163.0 -0.00023056045674417535
164.0 -0.0002267304578945126
165.0 -0.00022299141588879505
166.0 -0.00021933125477922153
167.0 -0.00021573731353141884
168.0 -0.0002121977645945798
169.0 -0.00020870283955653514
170.0 -0.00020524568010488146
171.0 -0.00020182270623121432
172.0 -0.00019843348960185887
173.0 -0.0001950802146986508
174.0 -0.00019176688136954482
175.0 -0.0001884984343881288
176.0 -0.00018527999355460133
177.0 -0.00018211630805104
178.0 -0.0001790114864595752
179.0 -0.00017596897885929647
180.0 -0.00017299172854050613
181.0 -0.00017008238100526814
182.0 -0.00016724344106913347
183.0 -0.0001644772999782682
184.0 -0.00016178610184446873
185.0 -0.0001591714682136405
186.0 -0.00015663413882202346
187.0 -0.00015417360791836126
188.0 -0.00015178783706308973
189.0 -0.00014947311001104325
190.0 -0.0001472240688867611
191.0 -0.0001450339397417916
192.0 -0.00014289492529996915
193.0 -0.00014079871748439755
194.0 -0.00013873706523823335
195.0 -0.00013670232636005527
196.0 -0.00013468793675657415
197.0 -0.00013268874640369046
198.0 -0.00013070119607298206
199.0 -0.000128723337941334
200.0 -0.00012675473028769116
201.0 -0.00012479625507618531
202.0 -0.00012284991245084412
203.0 -0.00012091863649202781
204.0 -0.00011900615466196687
205.0 -0.00011711688559529134
206.0 -0.0001152558447349855
207.0 -0.00011342851287387347
208.0 -0.00011164062420718974
209.0 -0.00010989784879532626
210.0 -0.0001082053752151691
211.0 -0.00010656743458099994
212.0 -0.00010498683721331146
213.0 -0.00010346460909160309
214.0 -0.00010199981122290295
215.0 -0.00010058960042387332
216.0 -9.92295491061717e-05
217.0 -9.791419292138148e-05
218.0 -9.663772908155301e-05
219.0 -9.539475494387651e-05
220.0 -9.418092346121625e-05
221.0 -9.299340248326686e-05
222.0 -9.183105691327323e-05
223.0 -9.069432026614775e-05
224.0 -8.958477613033638e-05
225.0 -8.850452022573794e-05
226.0 -8.745541094385782e-05
227.0 -8.643833392023633e-05
228.0 -8.545260163023381e-05
229.0 -8.449558374279311e-05
230.0 -8.356262331306124e-05
231.0 -8.26472457941104e-05
232.0 -8.174162126912943e-05
233.0 -8.083720347532479e-05
234.0 -7.992544800127717e-05
235.0 -7.899850898939777e-05
236.0 -7.804982755204445e-05
237.0 -7.707455147935543e-05
238.0 -7.606975821005634e-05
239.0 -7.503448451908738e-05
240.0 -7.396959114119385e-05
241.0 -7.287750511488461e-05
242.0 -7.17618863755776e-05
243.0 -7.062726006600721e-05
244.0 -6.947864593235615e-05
245.0 -6.832120531098899e-05
246.0 -6.715991810286767e-05
247.0 -6.599929864543755e-05
248.0 -6.484316038292836e-05
249.0 -6.369444282983399e-05
250.0 -6.255511766014543e-05
251.0 -6.142619097968606e-05
252.0 -6.030781401410406e-05
253.0 -5.919950416061538e-05
254.0 -5.8100463875292334e-05
255.0 -5.700996883558919e-05
256.0 -5.592778257861187e-05
257.0 -5.485454561616732e-05
258.0 -5.3792085250402504e-05
259.0 -5.274359893589183e-05
260.0 -5.171367841590123e-05
261.0 -5.070816188243781e-05
262.0 -4.9733823906125175e-05
263.0 -4.87979342575263e-05
264.0 -4.790773364542888e-05
265.0 -4.7069884313976056e-05
266.0 -4.628995509450004e-05
267.0 -4.557199402619749e-05
268.0 -4.4918228467644386e-05
269.0 -4.432891511305554e-05
270.0 -4.380234339492864e-05
271.0 -4.3334978252078e-05
272.0 -4.292171451461775e-05
273.0 -4.255620669456787e-05
274.0 -4.223123525800792e-05
275.0 -4.193907301927119e-05
276.0 -4.167182192376865e-05
277.0 -4.142169953949897e-05
278.0 -4.1181264356629114e-05
279.0 -4.094357803008734e-05
280.0 -4.070230995903167e-05
281.0 -4.0451794552745215e-05
282.0 -4.01870541231012e-05
283.0 -3.9903800844273594e-05
284.0 -3.9598430087490533e-05
285.0 -3.9268015165812464e-05
286.0 -3.8910310548683427e-05
287.0 -3.8523767274733654e-05
288.0 -3.8107560873103325e-05
289.0 -3.766162883317493e-05
290.0 -3.718671177730225e-05
291.0 -3.6684390244798786e-05
292.0 -3.6157107645556666e-05
293.0 -3.560816969810099e-05
294.0 -3.504171164487513e-05
295.0 -3.4462626706092833e-05
296.0 -3.3876452402497916e-05
297.0 -3.328921520783619e-05
298.0 -3.2707238046767e-05
299.0 -3.2136918962578626e-05
