10.0 0.4473971511072437
11.0 0.37694358115928156
12.0 0.319425166869262
13.0 0.2721338541551586
14.0 0.23299464548405602
15.0 0.20040499835963363
16.0 0.17311743419340409
17.0 0.15015237753612484
18.0 0.13073395386911815
19.0 0.11424303734263729
20.0 0.10018233365557445
21.0 0.0881497386798677
22.0 0.07781779751059252
23.0 0.0689179567592193
24.0 0.06122859427932317
25.0 0.05456589044792311
26.0 0.04877672328473131
27.0 0.043733003614385854
28.0 0.03932711911719623
29.0 0.03546829526997717
30.0 0.032079699242440314
31.0 0.029096109345125968
32.0 0.026462010587152245
33.0 0.02413003166717421
34.0 0.022059668912402526
35.0 0.02021624378760431
36.0 0.018570035779239834
37.0 0.017095543896224162
38.0 0.015770856017384285
39.0 0.014577122072717694
40.0 0.01349812004904041
41.0 0.012519888683897789
42.0 0.011630402195009219
43.0 0.010819281270237681
44.0 0.010077548513265614
45.0 0.009397430958017273
46.0 0.008772197666037629
47.0 0.008196016217425486
48.0 0.007663821612550891
49.0 0.007171201215086463
50.0 0.00671429896976227
51.0 0.006289735184709763
52.0 0.0058945352527783185
53.0 0.005526064869537773
54.0 0.005181974423333509
55.0 0.004860155387928408
56.0 0.004558707786634322
57.0 0.00427591508402933
58.0 0.004010223562328731
59.0 0.00376022537262883
60.0 0.003524645170193589
61.0 0.003302329200956748
62.0 0.0030922347911928726
63.0 0.0028934189820937622
64.0 0.0027050271778308764
65.0 0.00252628441197229
66.0 0.0023564918072253487
67.0 0.002195029092436258
68.0 0.0020413619387013517
69.0 0.0018950517333080567
70.0 0.001755765641373221
71.0 0.0016232857867545534
72.0 0.001497517171466159
73.0 0.0013784940935524387
74.0 0.0012663845572499556
75.0 0.0011614919604397754
76.0 0.0010642533181870752
77.0 0.0009752331515153484
78.0 0.0008951116691499914
79.0 0.0008246651637945649
80.0 0.000764736188886559
81.0 0.0007161915763997268
82.0 0.000679867762493317
83.0 0.0006565048412053837
84.0 0.0006466727848034107
85.0 0.00065069500950234
86.0 0.0006685757312137097
87.0 0.0006999381730214471
88.0 0.0007439804619654943
89.0 0.0007994548931793116
90.0 0.0008646742798082694
91.0 0.0009375467011521733
92.0 0.0010156375199822543
93.0 0.0010962553561603705
94.0 0.001176556897820447
95.0 0.0012536640253626734
96.0 0.0013247857497065583
97.0 0.0013873370127104852
98.0 0.001439046570244503
99.0 0.0014780470292638835
100.0 0.0015029415907117619
101.0 0.0015128440090472139
102.0 0.0015073904933959631
103.0 0.0014867244915586367
104.0 0.0014514572756517273
105.0 0.0014026087959234936
106.0 0.0013415342702092542
107.0 0.001269842393075594
108.0 0.001189310911872193
109.0 0.001101804709216125
110.0 0.0010092005738813728
111.0 0.0009133216841584712
112.0 0.0008158836319541678
113.0 0.0007184527311777346
114.0 0.0006224164844020375
115.0 0.0005289654654876489
116.0 0.0004390854870203191
117.0 0.0003535586956227864
118.0 0.0002729721079445956
119.0 0.00019773202224185755
120.0 0.0001280827043444323
121.0 6.412776408604798e-05
122.0 5.852724540795772e-06
123.0 -4.6852552896674094e-05
124.0 -9.41726981234416e-05
125.0 -0.00013634775334453637
126.0 -0.00017365672263912153
127.0 -0.00020640398371808173
128.0 -0.0002349085108166635
129.0 -0.0002594956169930128
130.0 -0.0002804907534615057
131.0 -0.00029821482387055716
132.0 -0.0003129804904045534
133.0 -0.0003250890550592331
134.0 -0.00033482766320954284
135.0 -0.00034246675502322584
136.0 -0.00034825783971323876
137.0 -0.00035243175539289694
138.0 -0.0003551975901422371
139.0 -0.0003567423859463525
140.0 -0.00035723165111877463
141.0 -0.0003568106006043837
142.0 -0.0003556059561684286
143.0 -0.0003537280884504119
144.0 -0.0003512732754827927
145.0 -0.0003483258813157306
146.0 -0.0003449603107863142
147.0 -0.000341242657558603
148.0 -0.0003372320200109768
149.0 -0.0003329815052281868
150.0 -0.0003285389713294049
151.0 -0.00032394757190477185
152.0 -0.0003192461649020713
153.0 -0.00031446963499221273
154.0 -0.00030964915781442505
155.0 -0.0003048124124386172
156.0 -0.0002999837313789018
157.0 -0.0002951841712593719
158.0 -0.0002904314948733606
159.0 -0.0002857400758991477
160.0 -0.00028112076540222483
161.0 -0.00027658078551704655
162.0 -0.000272123730533953
163.0 -0.000267749751489415
164.0 -0.0002634559748066562
165.0 -0.0002592371624295625
166.0 -0.0002550865697361335
167.0 -0.0002509969108916617
168.0 -0.0002469613112993873
169.0 -0.0002429741215881457
170.0 -0.00023903148904216035
171.0 -0.00023513162570241945
172.0 -0.00023127476735211721
173.0 -0.0002274628714398963
174.0 -0.00022369914261922706
175.0 -0.00021998749364758688
176.0 -0.00021633204417469303
177.0 -0.0002127367337362205
178.0 -0.00020920508613596169
179.0 -0.00020574012086964068
180.0 -0.00020234437340314277
181.0 -0.0001990199670883164
182.0 -0.00019576867789324027
183.0 -0.0001925919468843949
184.0 -0.00018949081894097848
185.0 -0.00018646581234281568
186.0 -0.0001835167460032542
187.0 -0.0001806425646408237
188.0 -0.00017784120529597917
189.0 -0.00017510954206380452
190.0 -0.00017244343228256864
191.0 -0.00016983787005402212
192.0 -0.00016728723526825004
193.0 -0.0001647856112091608
194.0 -0.00016232713360086635
195.0 -0.0001599063301195937
196.0 -0.00015751841250564766
197.0 -0.0001551594929188516
198.0 -0.0001528267103013092
199.0 -0.0001505182683621627
200.0 -0.00014823340088068745
201.0 -0.00014597228904219506
202.0 -0.00014373595730360908
203.0 -0.0001415261685241226
204.0 -0.0001393453276082828
205.0 -0.00013719638926803498
206.0 -0.00013508275410433209
207.0 -0.00013300813199154971
208.0 -0.00013097635502351513
209.0 -0.00012899113394258832
210.0 -0.00012705576938779533
211.0 -0.00012517284792737306
212.0 -0.00012334396740724702
213.0 -0.00012156954204536359
214.0 -0.00011984873225175231
215.0 -0.00011817952737531267
216.0 -0.00011655898427883726
217.0 -0.00011498359581798658
218.0 -0.00011344973699158445
219.0 -0.00011195411845970256
220.0 -0.00011049417141300871
221.0 -0.00010906829603663463
222.0 -0.0001076759268419075
223.0 -0.00010631739818380669
224.0 -0.00010499362684242133
225.0 -0.00010370565949797503
226.0 -0.00010245415572155764
227.0 -0.00010123888780701017
228.0 -0.000100058335762934
229.0 -9.89094399863399e-05
230.0 -9.778754873736005e-05
231.0 -9.668656730921096e-05
232.0 -9.559928613225133e-05
233.0 -9.451784093704431e-05
234.0 -9.343424314507811e-05
235.0 -9.234091451361554e-05
236.0 -9.123116625175129e-05
237.0 -9.009957700422675e-05
238.0 -8.894224272449994e-05
239.0 -8.775689064403767e-05
240.0 -8.654286593828965e-05
241.0 -8.530101112199996e-05
242.0 -8.403346399833128e-05
243.0 -8.274340085389477e-05
244.0 -8.143474920570504e-05
245.0 -8.011189077092438e-05
246.0 -7.877937213774643e-05
247.0 -7.744163879245107e-05
248.0 -7.610280767506067e-05
249.0 -7.476649344539198e-05
250.0 -7.34357028447442e-05
251.0 -7.211280868363193e-05
252.0 -7.079960932664094e-05
253.0 -6.949747114287371e-05
254.0 -6.820754117800617e-05
255.0 -6.693100691020196e-05
256.0 -6.56693713369701e-05
257.0 -6.442470664488961e-05
258.0 -6.319984963717091e-05
259.0 -6.199850738784606e-05
260.0 -6.082525174515945e-05
261.0 -5.968539492877845e-05
262.0 -5.858475354193681e-05
263.0 -5.752932258170842e-05
264.0 -5.6524892362073676e-05
265.0 -5.5576648063031086e-05
266.0 -5.4688793046526833e-05
267.0 -5.386423316972808e-05
268.0 -5.3104350926971007e-05
269.0 -5.2408886833549274e-05
270.0 -5.177593283836063e-05
271.0 -5.1202030541427584e-05
272.0 -5.0682357145299825e-05
273.0 -5.021097543563277e-05
274.0 -4.9781121113135915e-05
275.0 -4.9385501338887494e-05
276.0 -4.9016581774968125e-05
277.0 -4.866684476518472e-05
278.0 -4.8329007566879284e-05
279.0 -4.79961957523316e-05
280.0 -4.766207229945516e-05
281.0 -4.732092701381443e-05
282.0 -4.6967733572715816e-05
283.0 -4.659818268802616e-05
284.0 -4.620869983251051e-05
285.0 -4.5796454926565345e-05
286.0 -4.5359369621401056e-05
287.0 -4.489612561241863e-05
288.0 -4.4406175023257865e-05
289.0 -4.388975155248125e-05
290.0 -4.334787899646376e-05
291.0 -4.2782372165517254e-05
292.0 -4.2195824283639295e-05
293.0 -4.159157483821449e-05
294.0 -4.097365258265539e-05
295.0 -4.034668994930021e-05
296.0 -3.9715807358012085e-05
297.0 -3.908646857037679e-05
298.0 -3.846431104370326e-05
299.0 -3.785495786468128e-05
