10.0 0.441867066924
11.0 0.377976444865
12.0 0.325594859679
13.0 0.282277858142
14.0 0.246165975045
15.0 0.215832286832
16.0 0.190172342208
17.0 0.168323270559
18.0 0.149604741769
19.0 0.133476156435
20.0 0.119505022286
21.0 0.10734292986
22.0 0.096707088379
23.0 0.0873662192052
24.0 0.0791298785918
25.0 0.0718403513252
26.0 0.0653663633885
27.0 0.0595980801436
28.0 0.0544430939049
29.0 0.0498232337002
30.0 0.0456720429782
31.0 0.0419327641811
32.0 0.038556703196
33.0 0.0355018976797
34.0 0.0327320410118
35.0 0.0302156137185
36.0 0.0279251688012
37.0 0.0258367277925
38.0 0.0239292689973
39.0 0.0221843053035
40.0 0.0205855420119
41.0 0.0191185903046
42.0 0.0177707131932
43.0 0.0165305989135
44.0 0.0153881702431
45.0 0.0143344328737
46.0 0.0133613518656
47.0 0.012461741107
48.0 0.0116291600339
49.0 0.010857821613
50.0 0.0101425151919
51.0 0.00947854107938
52.0 0.00886165085588
53.0 0.00828799140268
54.0 0.00775405554155
55.0 0.00725664230239
56.0 0.00679282619663
57.0 0.00635993225769
58.0 0.00595551429081
59.0 0.00557733582614
60.0 0.00522335393735
61.0 0.00489170503623
62.0 0.00458069080709
63.0 0.00428876313993
64.0 0.00401450892049
65.0 0.00375663718928
66.0 0.00351397116912
67.0 0.00328544605023
68.0 0.00307011143925
69.0 0.00286713630594
70.0 0.00267581449658
71.0 0.00249556982869
72.0 0.00232596053515
73.0 0.00216668295197
74.0 0.00201757407315
75.0 0.00187861236897
76.0 0.0017499161994
77.0 0.00163173897311
78.0 0.00152445964524
79.0 0.00142856637741
80.0 0.00134463074282
81.0 0.0012732702445
82.0 0.00121509820541
83.0 0.00117066195687
84.0 0.00114037225003
85.0 0.00112442861938
86.0 0.00112274684025
87.0 0.00113489544824
88.0 0.00116004830185
89.0 0.00119695923293
90.0 0.00124396303212
91.0 0.00129900467332
92.0 0.00135969618841
93.0 0.00142339826762
94.0 0.0014873216445
95.0 0.00154864170267
96.0 0.00160461859734
97.0 0.00165271463864
98.0 0.00169070085159
99.0 0.00171674555057
100.0 0.00172947936921
101.0 0.00172803328632
102.0 0.00171204852822
103.0 0.00168165953072
104.0 0.00163745315417
105.0 0.00158040887019
106.0 0.00151182557034
107.0 0.00143324096374
108.0 0.00134634928316
109.0 0.00125292230917
110.0 0.0011547376842
111.0 0.00105351728275
112.0 0.000950877191573
113.0 0.000848289781717
114.0 0.000747057518449
115.0 0.000648297587022
116.0 0.00055293607972
117.0 0.000461710323868
118.0 0.000375177859719
119.0 0.00029373055412
120.0 0.000217612345898
121.0 0.000146939169952
122.0 8.17197123393e-05
123.0 2.18758133789e-05
124.0 -3.27384475139e-05
125.0 -8.23196983011e-05
126.0 -0.000127100693697
127.0 -0.000167338377359
128.0 -0.000203304503971
129.0 -0.000235278526044
130.0 -0.000263542301541
131.0 -0.000288376112281
132.0 -0.000310055506531
133.0 -0.000328848582214
134.0 -0.000345013482015
135.0 -0.000358796039086
136.0 -0.000370427651827
137.0 -0.000380123548175
138.0 -0.000388081611856
139.0 -0.000394481892965
140.0 -0.000399486835954
141.0 -0.000403242159412
142.0 -0.000405878240824
143.0 -0.000407511812807
144.0 -0.000408247769939
145.0 -0.000408180911385
146.0 -0.000407397491817
147.0 -0.000405976508318
148.0 -0.000403990702558
149.0 -0.000401507298497
150.0 -0.000398588522425
151.0 -0.000395291963954
152.0 -0.000391670834785
153.0 -0.000387774169458
154.0 -0.000383646993055
155.0 -0.000379330460073
156.0 -0.000374861952665
157.0 -0.000370275120215
158.0 -0.000365599848992
159.0 -0.000360862169449
160.0 -0.000356084134616
161.0 -0.000351283727769
162.0 -0.000346474871863
163.0 -0.000341667610147
164.0 -0.000336868504422
165.0 -0.000332081258045
166.0 -0.000327307523784
167.0 -0.000322547813539
168.0 -0.000317802399065
169.0 -0.000313072087756
170.0 -0.00030835877708
171.0 -0.000303665731107
172.0 -0.000298997573234
173.0 -0.000294360038975
174.0 -0.000289759570276
175.0 -0.000285202850582
176.0 -0.000280696375173
177.0 -0.000276246127139
178.0 -0.000271857393254
179.0 -0.000267534715588
180.0 -0.000263281943387
181.0 -0.000259102332056
182.0 -0.000254998634529
183.0 -0.000250973142933
184.0 -0.000247027660106
185.0 -0.000243163404658
186.0 -0.000239380873623
187.0 -0.000235679699295
188.0 -0.000232058539792
189.0 -0.000228515037061
190.0 -0.000225045863769
191.0 -0.000221646864827
192.0 -0.000218313283348
193.0 -0.000215040047177
194.0 -0.000211822082875
195.0 -0.00020865462054
196.0 -0.000205533455582
197.0 -0.000202455142133
198.0 -0.000199417105551
199.0 -0.000196417675827
200.0 -0.000193456056504
201.0 -0.00019053225188
202.0 -0.000187646976772
203.0 -0.000184801567755
204.0 -0.000181997904047
205.0 -0.000179238333557
206.0 -0.000176525588961
207.0 -0.00017386267374
208.0 -0.000171252701121
209.0 -0.000168698679542
210.0 -0.00016620325449
211.0 -0.000163768433831
212.0 -0.000161395337449
213.0 -0.000159084017721
214.0 -0.000156833392559
215.0 -0.000154641317574
216.0 -0.000152504800705
217.0 -0.000150420336211
218.0 -0.000148384310642
219.0 -0.000146393416662
220.0 -0.000144445005139
221.0 -0.000142537313318
222.0 -0.00014066952601
223.0 -0.000138841654178
224.0 -0.000137054246033
225.0 -0.000135307974137
226.0 -0.00013360316298
227.0 -0.000131939331395
228.0 -0.000130314821556
229.0 -0.00012872657192
230.0 -0.000127170068308
231.0 -0.00012563947967
232.0 -0.000124127957946
233.0 -0.000122628059328
234.0 -0.000121132230503
235.0 -0.000119633299589
236.0 -0.000118124917116
237.0 -0.000116601905292
238.0 -0.000115060490796
239.0 -0.000113498413824
240.0 -0.000111914921027
241.0 -0.000110310660388
242.0 -0.000108687501275
243.0 -0.000107048303665
244.0 -0.000105396658357
245.0 -0.000103736616637
246.0 -0.000102072425114
247.0 -0.000100408279848
248.0 -9.8748113675e-05
249.0 -9.7095430813e-05
250.0 -9.54532022806e-05
251.0 -9.38238331822e-05
252.0 -9.2209207808e-05
253.0 -9.06108108175e-05
254.0 -8.90299133816e-05
255.0 -8.74678035485e-05
256.0 -8.59260320871e-05
257.0 -8.44066403509e-05
258.0 -8.2912336505e-05
259.0 -8.14465911841e-05
260.0 -8.00136328566e-05
261.0 -7.86183355721e-05
262.0 -7.72660055331e-05
263.0 -7.59620859704e-05
264.0 -7.47118101802e-05
265.0 -7.35198388183e-05
266.0 -7.23899188844e-05
267.0 -7.13245982862e-05
268.0 -7.03250222266e-05
269.0 -6.93908272508e-05
270.0 -6.85201372859e-05
271.0 -6.77096550546e-05
272.0 -6.69548332824e-05
273.0 -6.62501040823e-05
274.0 -6.55891422091e-05
275.0 -6.49651383861e-05
276.0 -6.43710620326e-05
277.0 -6.37998976154e-05
278.0 -6.32448445469e-05
279.0 -6.26994761934e-05
280.0 -6.21578584554e-05
281.0 -6.16146321133e-05
282.0 -6.10650655257e-05
283.0 -6.05050853574e-05
284.0 -5.99312929732e-05
285.0 -5.93409731944e-05
286.0 -5.8732100543e-05
287.0 -5.81033461255e-05
288.0 -5.7454086164e-05
289.0 -5.67844110704e-05
290.0 -5.60951320867e-05
291.0 -5.53877810645e-05
292.0 -5.46645981078e-05
293.0 -5.39285016717e-05
294.0 -5.31830363573e-05
295.0 -5.24322950307e-05
296.0 -5.16808138931e-05
297.0 -5.09334415281e-05
298.0 -5.01951854831e-05
299.0 -4.94710423108e-05
