10.0 0.390858271073
11.0 0.332242115888
12.0 0.284928193895
13.0 0.246234481886
14.0 0.214230870184
15.0 0.187500173543
16.0 0.164983295428
17.0 0.145873086107
18.0 0.129543082314
19.0 0.115501194842
20.0 0.103357867914
21.0 0.092802093283
22.0 0.0835829138033
23.0 0.0754956044386
24.0 0.0683717387816
25.0 0.0620720583956
26.0 0.0564810213435
27.0 0.0515023029511
28.0 0.0470550589688
29.0 0.0430709889297
30.0 0.0394921081153
31.0 0.0362689943439
32.0 0.0333593291546
33.0 0.0307266842289
34.0 0.0283395579395
35.0 0.0261706327234
36.0 0.0241961732246
37.0 0.0223954893968
38.0 0.0207504542133
39.0 0.019245116088
40.0 0.0178654191969
41.0 0.0165989824415
42.0 0.0154348778192
43.0 0.0143634041809
44.0 0.013375899457
45.0 0.0124646175428
46.0 0.0116226453693
47.0 0.0108438178722
48.0 0.0101226188822
49.0 0.00945408923131
50.0 0.00883376075727
51.0 0.00825760902368
52.0 0.00772200540839
53.0 0.0072236622209
54.0 0.00675958168483
55.0 0.00632702040713
56.0 0.00592346868175
57.0 0.00554663541758
58.0 0.00519443242252
59.0 0.00486495926204
60.0 0.00455649224243
61.0 0.00426747699288
62.0 0.003996519776
63.0 0.00374237332463
64.0 0.00350391804562
65.0 0.00328014409965
66.0 0.00307014026121
67.0 0.00287309160656
68.0 0.00268828322709
69.0 0.00251510478324
70.0 0.00235305181809
71.0 0.00220172260359
72.0 0.00206081133944
73.0 0.00193009866804
74.0 0.00180943964852
75.0 0.00169874912634
76.0 0.00159798528496
77.0 0.00150713304925
78.0 0.00142618871005
79.0 0.00135514562973
80.0 0.00129397937355
81.0 0.00124263032211
82.0 0.00120098291733
83.0 0.00116884233361
84.0 0.00114591061866
85.0 0.00113176492355
86.0 0.00112584056411
87.0 0.00112742150656
88.0 0.00113564030768
89.0 0.00114948837798
90.0 0.00116783584892
91.0 0.00118945888946
92.0 0.00121307162123
93.0 0.00123735999901
94.0 0.00126101582677
95.0 0.00128276992282
96.0 0.00130142393527
97.0 0.00131588036216
98.0 0.00132517010896
99.0 0.00132847664337
100.0 0.00132515564465
101.0 0.00131474906701
102.0 0.00129699275507
103.0 0.00127181712494
104.0 0.00123934088854
105.0 0.00119985827258
106.0 0.0011538206046
107.0 0.00110181346995
108.0 0.00104453085752
109.0 0.000982747778303
110.0 0.000917292739999
111.0 0.000849021209429
112.0 0.000778790867722
113.0 0.000707439168948
114.0 0.000635763539367
115.0 0.000564504520443
116.0 0.000494332202443
117.0 0.000425836313076
118.0 0.000359520232555
119.0 0.000295798981846
120.0 0.000235000923285
121.0 0.00017737260716
122.0 0.000123085971612
123.0 7.22469961094e-05
124.0 2.49049206926e-05
125.0 -1.89387487339e-05
126.0 -5.93220509556e-05
127.0 -9.63155721432e-05
128.0 -0.000130016765805
129.0 -0.00016054546929
130.0 -0.000188040296832
131.0 -0.000212655478444
132.0 -0.000234557718989
133.0 -0.000253922770655
134.0 -0.000270931610713
135.0 -0.000285766336757
136.0 -0.000298606070431
137.0 -0.000309623249401
138.0 -0.000318980667291
139.0 -0.000326829507417
140.0 -0.000333308448593
141.0 -0.000338543750538
142.0 -0.000342650095565
143.0 -0.000345731896652
144.0 -0.000347884781837
145.0 -0.000349197015961
146.0 -0.00034975069932
147.0 -0.00034962266585
148.0 -0.000348885074764
149.0 -0.000347605740671
150.0 -0.000345848276534
151.0 -0.00034367213309
152.0 -0.000341132610367
153.0 -0.000338280895184
154.0 -0.00033516414746
155.0 -0.000331825624241
156.0 -0.000328304802289
157.0 -0.000324637446694
158.0 -0.000320855580567
159.0 -0.0003169873401
160.0 -0.000313056743436
161.0 -0.000309083447892
162.0 -0.000305082602615
163.0 -0.000301064909454
164.0 -0.000297036977985
165.0 -0.000293002005009
166.0 -0.000288960737707
167.0 -0.000284912611468
168.0 -0.000280856906665
169.0 -0.000276793756282
170.0 -0.000272724862023
171.0 -0.000268653833926
172.0 -0.000264586143319
173.0 -0.000260528752657
174.0 -0.000256489541178
175.0 -0.000252476670253
176.0 -0.000248498023027
177.0 -0.000244560814325
178.0 -0.000240671410672
179.0 -0.000236835342126
180.0 -0.000233057442023
181.0 -0.000229342027666
182.0 -0.000225693037683
183.0 -0.000222114066126
184.0 -0.000218608270321
185.0 -0.000215178168104
186.0 -0.000211825370476
187.0 -0.00020855031219
188.0 -0.000205352043762
189.0 -0.000202228136208
190.0 -0.000199174728981
191.0 -0.000196186727103
192.0 -0.000193258129654
193.0 -0.000190382451995
194.0 -0.000187553190671
195.0 -0.000184764274623
196.0 -0.000182010450033
197.0 -0.000179287558574
198.0 -0.000176592688316
199.0 -0.000173924199335
200.0 -0.00017128164739
201.0 -0.000168665643755
202.0 -0.00016607769352
203.0 -0.000163520047353
204.0 -0.000160995584765
205.0 -0.000158507725365
206.0 -0.000156060345064
207.0 -0.000153657662916
208.0 -0.000151304065451
209.0 -0.000149003849509
210.0 -0.000146760888551
211.0 -0.000144578254862
212.0 -0.00014245785343
213.0 -0.000140400135488
214.0 -0.00013840395658
215.0 -0.000136466624688
216.0 -0.000134584152139
217.0 -0.000132751686957
218.0 -0.000130964063482
219.0 -0.000129216386167
220.0 -0.000127504550289
221.0 -0.000125825611377
222.0 -0.000124177939987
223.0 -0.000122561135449
224.0 -0.000120975714104
225.0 -0.000119422626599
226.0 -0.000117902687688
227.0 -0.000116416015736
228.0 -0.000114961575554
229.0 -0.000113536898594
230.0 -0.000112138022957
231.0 -0.000110759658321
232.0 -0.000109395544831
233.0 -0.000108038946433
234.0 -0.00010668320289
235.0 -0.000105322262477
236.0 -0.000103951128353
237.0 -0.000102566172225
238.0 -0.00010116529427
239.0 -9.97479327635e-05
240.0 -9.83149461476e-05
241.0 -9.68684014965e-05
242.0 -9.54113061323e-05
243.0 -9.39473150205e-05
244.0 -9.2480438525e-05
245.0 -9.10147664473e-05
246.0 -8.95542177823e-05
247.0 -8.8102322756e-05
248.0 -8.6662044368e-05
249.0 -8.52356493949e-05
250.0 -8.38246413907e-05
251.0 -8.24297684254e-05
252.0 -8.10511146163e-05
253.0 -7.96882765995e-05
254.0 -7.83406149384e-05
255.0 -7.70075581112e-05
256.0 -7.56889257575e-05
257.0 -7.43852308055e-05
258.0 -7.30979188072e-05
259.0 -7.18295080188e-05
260.0 -7.05836049898e-05
261.0 -6.93647860119e-05
262.0 -6.81783522675e-05
263.0 -6.70299831191e-05
264.0 -6.59253250818e-05
265.0 -6.48695616853e-05
266.0 -6.386701066e-05
267.0 -6.29207897852e-05
268.0 -6.20325824308e-05
269.0 -6.12025201692e-05
270.0 -6.04291850851e-05
271.0 -5.97097207943e-05
272.0 -5.9040030508e-05
273.0 -5.84150339177e-05
274.0 -5.78289525938e-05
275.0 -5.72755956114e-05
276.0 -5.6748622303e-05
277.0 -5.62417660997e-05
278.0 -5.57490110427e-05
279.0 -5.52647195778e-05
280.0 -5.47837158823e-05
281.0 -5.43013328087e-05
282.0 -5.38134325162e-05
283.0 -5.33164112187e-05
284.0 -5.28071975599e-05
285.0 -5.22832523262e-05
286.0 -5.17425748647e-05
287.0 -5.11837189593e-05
288.0 -5.06058182504e-05
289.0 -5.00086187309e-05
290.0 -4.9392513622e-05
291.0 -4.87585741936e-05
292.0 -4.81085690781e-05
293.0 -4.74449644623e-05
294.0 -4.67708983432e-05
295.0 -4.6090123761e-05
296.0 -4.54069184232e-05
297.0 -4.47259611548e-05
298.0 -4.40521787952e-05
299.0 -4.33905701512e-05
