10.0 0.44550401506743653
11.0 0.3721732469751414
12.0 0.31350065205316907
13.0 0.26597039860575217
14.0 0.22705520821266792
15.0 0.1949035362749516
16.0 0.16813551922783795
17.0 0.14570259203078392
18.0 0.1267930301734065
19.0 0.11077047393382494
20.0 0.09713175641606611
21.0 0.08547533296599048
22.0 0.07547710966978861
23.0 0.06687250441510863
24.0 0.05944363481889971
25.0 0.05301018098249445
26.0 0.04742243879790841
27.0 0.04255560424318637
28.0 0.03830503029027644
29.0 0.03458249836671687
30.0 0.03131338501855611
31.0 0.028434424136653598
32.0 0.025891834371825642
33.0 0.023639750035264497
34.0 0.021638963281334883
35.0 0.01985594171070525
36.0 0.01826202064591679
37.0 0.01683267492523253
38.0 0.015546859003825802
39.0 0.014386468617494496
40.0 0.013335942274167033
41.0 0.01238194026502499
42.0 0.011513025798464395
43.0 0.010719343578089447
44.0 0.009992351471273576
45.0 0.009324639034267262
46.0 0.008709801406033321
47.0 0.008142314039574312
48.0 0.007617392577381784
49.0 0.007130864890127016
50.0 0.006679078969601739
51.0 0.006258837181211729
52.0 0.005867331756978451
53.0 0.005502073091336278
54.0 0.00516082442817645
55.0 0.004841557530706917
56.0 0.004542428197382082
57.0 0.004261759568655848
58.0 0.003998025032634138
59.0 0.003749832222107073
60.0 0.003515912626978226
61.0 0.0032951161198445478
62.0 0.003086404116124987
63.0 0.0028888359755378217
64.0 0.0027015497937315862
65.0 0.002523744829543585
66.0 0.0023546734355762997
67.0 0.0021936455118143953
68.0 0.002040042348810127
69.0 0.0018933337043116213
70.0 0.0017530933654117042
71.0 0.0016190120422570574
72.0 0.0014909089135174893
73.0 0.0013687430568176608
74.0 0.0012526245309429562
75.0 0.0011428240480580352
76.0 0.0010397805761582224
77.0 0.0009441065962789546
78.0 0.0008565896538554257
79.0 0.0007781864007012279
80.0 0.0007100032315246389
81.0 0.0006532576052296388
82.0 0.0006092165152697835
83.0 0.0005791122668242398
84.0 0.000564039451022027
85.0 0.0005648401915071083
86.0 0.0005819873502488741
87.0 0.0006154772624793002
88.0 0.0006647441525849767
89.0 0.0007286071000612695
90.0 0.0008052573219261972
91.0 0.0008922893709759191
92.0 0.000986775603840662
93.0 0.0010853795891588107
94.0 0.0011845011239143893
95.0 0.0012804430748920743
96.0 0.0013695883531391875
97.0 0.001448574204580495
98.0 0.0015144509980632686
99.0 0.0015648140059377211
100.0 0.0015978992201541953
101.0 0.001612637700034445
102.0 0.0016086668352544682
103.0 0.0015863007204463167
104.0 0.0015464651154066488
105.0 0.0014906048677299267
106.0 0.0014205730330606983
107.0 0.0013385112417879594
108.0 0.0012467302515138735
109.0 0.001147598278792113
110.0 0.0010434428450256086
111.0 0.0009364697609727968
112.0 0.0008287008040844342
113.0 0.0007219298918343756
114.0 0.0006176963140780771
115.0 0.000517272903042094
116.0 0.0004216667869256838
117.0 0.0003316304029075628
118.0 0.00024768055580931477
119.0 0.0001701233965450137
120.0 9.908325117108904e-05
121.0 3.45333074417249e-05
122.0 -2.3673683283048372e-05
123.0 -7.577628264670648e-05
124.0 -0.00012207808404492474
125.0 -0.00016292515869631842
126.0 -0.00019868771802859184
127.0 -0.00022974608718013607
128.0 -0.0002564807097911428
129.0 -0.000279265577317187
130.0 -0.00029846423875590965
131.0 -0.0003144274433933842
132.0 -0.00032749152665793337
133.0 -0.0003379768587110261
134.0 -0.0003461859880047929
135.0 -0.0003524014495608011
136.0 -0.00035688348621621394
137.0 -0.00035986808678903245
138.0 -0.0003615657533376365
139.0 -0.00036216128954286213
140.0 -0.00036181470625532545
141.0 -0.00036066313395010714
142.0 -0.00035882347180005327
143.0 -0.0003563954216375308
144.0 -0.0003534645560699518
145.0 -0.0003501051347556066
146.0 -0.00034638248178694124
147.0 -0.00034235484151481905
148.0 -0.00033807471949483925
149.0 -0.0003335897793377074
150.0 -0.0003289434029519222
151.0 -0.00032417503308483517
152.0 -0.00031932040664392063
153.0 -0.00031441175900475543
154.0 -0.00030947803888571596
155.0 -0.0003045451287060004
156.0 -0.0002996360277530289
157.0 -0.00029477093668308247
158.0 -0.0002899671902417758
159.0 -0.0002852390216446021
160.0 -0.0002805971983298526
161.0 -0.00027604862807461357
162.0 -0.00027159607648238204
163.0 -0.0002672381444364216
164.0 -0.00026296961944713524
165.0 -0.0002587822428243574
166.0 -0.0002546658421533375
167.0 -0.0002506096896782623
168.0 -0.00024660388593311113
169.0 -0.00024264055126119177
170.0 -0.00023871464076728746
171.0 -0.00023482427271460815
172.0 -0.00023097055782398106
173.0 -0.00022715701350364836
174.0 -0.00022338871999774744
175.0 -0.00021967140892920178
176.0 -0.00021601066342302763
177.0 -0.00021241135899672972
178.0 -0.00020887740094786256
179.0 -0.00020541173701727456
180.0 -0.00020201656276345374
181.0 -0.00019869360460710885
182.0 -0.0001954443662650231
183.0 -0.00019227025352813897
184.0 -0.0001891725385962956
185.0 -0.00018615217440487227
186.0 -0.00018320950917930737
187.0 -0.00018034397411840735
188.0 -0.00017755382061669572
189.0 -0.00017483597054070437
190.0 -0.00017218601927421952
191.0 -0.00016959840264627434
192.0 -0.00016706671075118304
193.0 -0.00016458410807599787
194.0 -0.00016214380317595587
195.0 -0.00015973950448396924
196.0 -0.00015736580292722042
197.0 -0.0001550184367089657
198.0 -0.0001526944167483732
199.0 -0.0001503920184761397
200.0 -0.00014811067088367746
201.0 -0.00014585079056451895
202.0 -0.00014361361220959932
203.0 -0.00014140105617080635
204.0 -0.00013921565098960653
205.0 -0.0001370605006217417
206.0 -0.00013493926094276245
207.0 -0.00013285607607430063
208.0 -0.0001308154273528673
209.0 -0.00012882186705677508
210.0 -0.00012687964103866745
211.0 -0.00012499224098225624
212.0 -0.0001231619581382381
213.0 -0.00012138952703123713
214.0 -0.00011967394405258086
215.0 -0.00011801252126124481
216.0 -0.00011640119449470237
217.0 -0.00011483505558568545
218.0 -0.00011330903174757612
219.0 -0.00011181860130866836
220.0 -0.00011036042152262318
221.0 -0.00010893275440238834
222.0 -0.00010753560874616218
223.0 -0.0001061705646262623
224.0 -0.0001048403014240614
225.0 -0.00010354790171707646
226.0 -0.00010229604157769608
227.0 -0.00010108619643153575
228.0 -9.991798770462784e-05
229.0 -9.87887704709527e-05
230.0 -9.769352142630594e-05
231.0 -9.662503770064285e-05
232.0 -9.557440929508703e-05
233.0 -9.453168962042134e-05
234.0 -9.348666575577061e-05
235.0 -9.242962530501811e-05
236.0 -9.135202906336337e-05
237.0 -9.024702383937217e-05
238.0 -8.910976136424e-05
239.0 -8.793752040518655e-05
240.0 -8.672965420519241e-05
241.0 -8.548740068880706e-05
242.0 -8.421359780922434e-05
243.0 -8.291234286721927e-05
244.0 -8.158862623253995e-05
245.0 -8.024796076236899e-05
246.0 -7.889602170414647e-05
247.0 -7.753830971648793e-05
248.0 -7.617985158833921e-05
249.0 -7.482495733437074e-05
250.0 -7.347705570797015e-05
251.0 -7.213862996600942e-05
252.0 -7.081127007169024e-05
253.0 -6.94958461272978e-05
254.0 -6.819279208489809e-05
255.0 -6.690247146581279e-05
256.0 -6.562558141114102e-05
257.0 -6.436354124444048e-05
258.0 -6.311880931474479e-05
259.0 -6.189507821778982e-05
260.0 -6.0697312921269725e-05
261.0 -5.9531616682846115e-05
262.0 -5.8404932708985735e-05
263.0 -5.732461157194833e-05
264.0 -5.629789203419964e-05
265.0 -5.533135351931047e-05
266.0 -5.4430400668654076e-05
267.0 -5.359883431185046e-05
268.0 -5.283855015850301e-05
269.0 -5.214938898627712e-05
270.0 -5.152914297194511e-05
271.0 -5.0973704981111656e-05
272.0 -5.047733349359193e-05
273.0 -5.003299693531816e-05
274.0 -4.963275804774107e-05
275.0 -4.926816111952683e-05
276.0 -4.893059124713204e-05
277.0 -4.8611583665313915e-05
278.0 -4.830307090224681e-05
279.0 -4.799756459498298e-05
280.0 -4.7688276206470945e-05
281.0 -4.736918607189085e-05
282.0 -4.7035073086147885e-05
283.0 -4.668151817623212e-05
284.0 -4.630489391198466e-05
285.0 -4.590235066373112e-05
286.0 -4.54718070285525e-05
287.0 -4.501194914450544e-05
288.0 -4.45222402482728e-05
289.0 -4.40029386335569e-05
290.0 -4.345511927234906e-05
291.0 -4.28806920301591e-05
292.0 -4.2282407910913346e-05
293.0 -4.166384433514406e-05
294.0 -4.102936122173574e-05
295.0 -4.038402159683346e-05
296.0 -3.973347342009331e-05
297.0 -3.908379297100219e-05
298.0 -3.844129404697407e-05
299.0 -3.781231092197879e-05
