10.0 0.48673782502778323
11.0 0.4116407488685082
12.0 0.3510792544339543
13.0 0.3016045788019104
14.0 0.26073375302368257
15.0 0.22664303945216593
16.0 0.19796927628945432
17.0 0.17367361924073552
18.0 0.1529499803378571
19.0 0.1351654458678965
20.0 0.11981925307449193
21.0 0.10651185242212169
22.0 0.09492103328316642
23.0 0.08478407785231516
24.0 0.07588492840514797
25.0 0.0680449760806304
26.0 0.06111602496223483
27.0 0.054974493998617105
28.0 0.04951660917001592
29.0 0.04465463112454272
30.0 0.04031399799913823
31.0 0.03643108116594807
32.0 0.03295132072162897
33.0 0.02982767654546862
34.0 0.0270194005041163
35.0 0.02449109172612904
36.0 0.022211931878002928
37.0 0.020155002957296525
38.0 0.018296674263325208
39.0 0.016616110062766747
40.0 0.01509491493962328
41.0 0.013716853650724684
42.0 0.012467569504339405
43.0 0.011334296185200085
44.0 0.010305618433541303
45.0 0.00937131528340771
46.0 0.008522254501158663
47.0 0.007750283975772519
48.0 0.0070481047300948235
49.0 0.006409152939929791
50.0 0.005827514985472269
51.0 0.005297866342443746
52.0 0.004815409492224014
53.0 0.004375802734180009
54.0 0.003975093837306782
55.0 0.0036096734776317457
56.0 0.0032762476470808415
57.0 0.0029718172326417625
58.0 0.002693656746000548
59.0 0.002439293802071098
60.0 0.002206493944507044
61.0 0.0019932501880130364
62.0 0.0017977710741359596
63.0 0.0016184619016835773
64.0 0.0014539002730676702
65.0 0.0013028130955471074
66.0 0.001164062681767845
67.0 0.0010366446340210297
68.0 0.0009196939521330167
69.0 0.0008124927195028624
70.0 0.0007144741022765296
71.0 0.0006252210116447309
72.0 0.0005444603486941701
73.0 0.000472053867768198
74.0 0.0004079855718667613
75.0 0.0003523452255698348
76.0 0.0003053086157592847
77.0 0.00026711630458298315
78.0 0.00023805225141613728
79.0 0.00021842180550815497
80.0 0.00020852673938729393
81.0 0.0002086347832796009
82.0 0.00021894273224569793
83.0 0.00023953452784452995
84.0 0.0002703375523790226
85.0 0.0003110813129308179
86.0 0.0003612629975773598
87.0 0.00042012426292969025
88.0 0.0004866428622184057
89.0 0.0005595410982514207
90.0 0.0006373108153607133
91.0 0.0007182524865788988
92.0 0.0008005246924348351
93.0 0.0008822001858992239
94.0 0.0009613254143764853
95.0 0.0010359811628569539
96.0 0.0011043424151742978
97.0 0.0011647355220995317
98.0 0.0012156905287281482
99.0 0.0012559863269207268
100.0 0.0012846863486366974
101.0 0.0013011628695321353
102.0 0.0013051086256486762
103.0 0.0012965352749251058
104.0 0.0012757591373680217
105.0 0.0012433754966297596
106.0 0.0012002234458875197
107.0 0.0011473437580273957
108.0 0.0010859325227678789
109.0 0.0010172932950120092
110.0 0.0009427902299428138
111.0 0.0008638041844848138
112.0 0.0007816931570946314
113.0 0.0006977578757006525
114.0 0.0006132129553215171
115.0 0.0005291638664722447
116.0 0.0004465899095650588
117.0 0.00036633334750262237
118.0 0.00028909469769982044
119.0 0.00021543389480610753
120.0 0.00014577666250157288
121.0 8.042507945874876e-05
122.0 1.9571083515000108e-05
123.0 -3.668842544359058e-05
124.0 -8.833615444227786e-05
125.0 -0.00013541974038373356
126.0 -0.00017803863768748568
127.0 -0.00021633305620525944
128.0 -0.0002504750853340429
129.0 -0.0002806618053824399
130.0 -0.00030710991929046717
131.0 -0.0003300512897721532
132.0 -0.000349728772378707
133.0 -0.0003663918904057454
134.0 -0.0003802921578840603
135.0 -0.00039167814672151874
136.0 -0.00040079063122174565
137.0 -0.0004078582648543694
138.0 -0.0004130942257610184
139.0 -0.00041669412773612946
140.0 -0.0004188352840181004
141.0 -0.00041967719664435306
142.0 -0.00041936297986625964
143.0 -0.00041802134348629185
144.0 -0.00041576876390757414
145.0 -0.00041271153767454097
146.0 -0.00040894751407026346
147.0 -0.0004045674105567574
148.0 -0.0003996557065483584
149.0 -0.000394291176720528
150.0 -0.00038854716259486714
151.0 -0.0003824916927943863
152.0 -0.0003761875519047944
153.0 -0.0003696923696589145
154.0 -0.00036305876195355736
155.0 -0.00035633451142478374
156.0 -0.00034956273896312044
157.0 -0.00034278200011509047
158.0 -0.000336026249868967
159.0 -0.0003293246566446516
160.0 -0.00032270130282760175
161.0 -0.000316174868269349
162.0 -0.00030975843478437385
163.0 -0.0003034595569324101
164.0 -0.0002972807097394004
165.0 -0.0002912201525484621
166.0 -0.00028527315675467375
167.0 -0.0002794334575932179
168.0 -0.00027369473012822795
169.0 -0.0002680518737323442
170.0 -0.00026250192241117636
171.0 -0.00025704447216060277
172.0 -0.0002516816126439575
173.0 -0.0002464174452624556
174.0 -0.0002412573408270278
175.0 -0.00023620712208953873
176.0 -0.00023127234440652853
177.0 -0.0002264577980620161
178.0 -0.00022176728353499558
179.0 -0.0002172036360599083
180.0 -0.00021276891699738962
181.0 -0.0002084646597010631
182.0 -0.00020429206074286719
183.0 -0.00020025203848232938
184.0 -0.00019634512837108753
185.0 -0.0001925712339088411
186.0 -0.00018892929141318404
187.0 -0.00018541692809304752
188.0 -0.00018203019444917935
189.0 -0.00017876343671832553
190.0 -0.00017560934867737855
191.0 -0.0001725592109999071
192.0 -0.00016960329606926646
193.0 -0.00016673139093615065
194.0 -0.00016393337402276868
195.0 -0.00016119977438172012
196.0 -0.0001585222469972408
197.0 -0.00015589391350413303
198.0 -0.00015330954246558376
199.0 -0.00015076557241306218
200.0 -0.0001482600079394915
201.0 -0.00014579223773483237
202.0 -0.00014336282868220065
203.0 -0.0001409733404606235
204.0 -0.00013862618318066582
205.0 -0.00013632451281036254
206.0 -0.00013407213399505913
207.0 -0.00013187336543564655
208.0 -0.00012973282453456538
209.0 -0.00012765510631140985
210.0 -0.00012564436246615145
211.0 -0.0001237038218665698
212.0 -0.00012183532382793139
213.0 -0.00012003895140380903
214.0 -0.00011831284789412285
215.0 -0.00011665327513318614
216.0 -0.00011505493120175469
217.0 -0.00011351149646245459
218.0 -0.00011201633076586972
219.0 -0.00011056321143463524
220.0 -0.00010914698863410995
221.0 -0.00010776404510865007
222.0 -0.00010641247927112666
223.0 -0.00010509197816296949
224.0 -0.00010380340074806968
225.0 -0.00010254814218440206
226.0 -0.00010132738690284558
227.0 -0.00010014137597953669
228.0 -9.898880972338969e-05
229.0 -9.786648113997434e-05
230.0 -9.676919527619194e-05
231.0 -9.568998134853874e-05
232.0 -9.462055797904262e-05
233.0 -9.35519750344845e-05
234.0 -9.247533437801609e-05
235.0 -9.138248879647506e-05
236.0 -9.026663224908324e-05
237.0 -8.912272095909172e-05
238.0 -8.794769727064476e-05
239.0 -8.67405196837326e-05
240.0 -8.550202725432859e-05
241.0 -8.4234681121279e-05
242.0 -8.294222967561263e-05
243.0 -8.162933883720478e-05
244.0 -8.030121881388874e-05
245.0 -7.896326786477414e-05
246.0 -7.762074549139667e-05
247.0 -7.627848400275404e-05
248.0 -7.494064840055751e-05
249.0 -7.361055813362192e-05
250.0 -7.229058761621838e-05
251.0 -7.098216263736825e-05
252.0 -6.968586496976076e-05
253.0 -6.840164720805103e-05
254.0 -6.712914539439687e-05
255.0 -6.586806096018013e-05
256.0 -6.461856927554186e-05
257.0 -6.338170289922307e-05
258.0 -6.215965584284019e-05
259.0 -6.095596178297581e-05
260.0 -5.9775513531907607e-05
261.0 -5.862441109353905e-05
262.0 -5.7509648119695005e-05
263.0 -5.643866794826021e-05
264.0 -5.5418837297489796e-05
265.0 -5.4456895595061255e-05
266.0 -5.3558439561024546e-05
267.0 -5.2727496167691614e-05
268.0 -5.1966223892571756e-05
269.0 -5.1274764656926445e-05
270.0 -5.065124989511401e-05
271.0 -5.0091946682257724e-05
272.0 -4.959151610624853e-05
273.0 -4.9143347594092066e-05
274.0 -4.873993017819093e-05
275.0 -4.837322424295922e-05
276.0 -4.803500391046141e-05
277.0 -4.771714927171738e-05
278.0 -4.7411877446760355e-05
279.0 -4.7111910491735456e-05
280.0 -4.681058543263208e-05
281.0 -4.6501916665916175e-05
282.0 -4.618062356466974e-05
283.0 -4.584213663933684e-05
284.0 -4.5482594481662996e-05
285.0 -4.509884146168421e-05
286.0 -4.468843318817371e-05
287.0 -4.4249653428568106e-05
288.0 -4.378154278377186e-05
289.0 -4.328393616071717e-05
290.0 -4.2757503218006575e-05
291.0 -4.2203783730526544e-05
292.0 -4.1625208485024785e-05
293.0 -4.102509608938092e-05
294.0 -4.0407617068827596e-05
295.0 -3.9777718801061616e-05
296.0 -3.914100801914034e-05
297.0 -3.850359144647865e-05
298.0 -3.7871879185668783e-05
299.0 -3.7252359291028876e-05
