10.0 0.4023548951560436
11.0 0.34259946220810517
12.0 0.29319387081788
13.0 0.2521516820167773
14.0 0.21781597085054802
15.0 0.18895013964884433
16.0 0.16456621720547576
17.0 0.14388649634031947
18.0 0.12626965484393096
19.0 0.111211515134127
20.0 0.09824217226152843
21.0 0.08708529758942325
22.0 0.07740076898205396
23.0 0.06902837313688745
24.0 0.061738136935459695
25.0 0.05536825678252862
26.0 0.04978857170125142
27.0 0.044886343892984605
28.0 0.04056414317014989
29.0 0.03677326300760566
30.0 0.03341020263985588
31.0 0.030411770709630113
32.0 0.027762228057957784
33.0 0.025388803070042525
34.0 0.023270789342327458
35.0 0.02136674958149741
36.0 0.01966335787866194
37.0 0.018115876279514873
38.0 0.016730741433299546
39.0 0.015472653641465963
40.0 0.01432511119188147
41.0 0.01328204720192878
42.0 0.012336394603075066
43.0 0.011469430692100945
44.0 0.010673603602194617
45.0 0.009942030303970693
46.0 0.009268573174251392
47.0 0.008647845489815247
48.0 0.008074938443793823
49.0 0.0075452978073802315
50.0 0.007054858031366348
51.0 0.006599971989378203
52.0 0.0061775682762179734
53.0 0.005784715019561147
54.0 0.005418701976173246
55.0 0.0050770579000219435
56.0 0.004757679357003215
57.0 0.004458685083732751
58.0 0.0041782992404906715
59.0 0.003914890651956764
60.0 0.0036669949752682843
61.0 0.0034344993962086923
62.0 0.0032172750646268216
63.0 0.0030117832334869824
64.0 0.0028170147075542726
65.0 0.0026320668359907373
66.0 0.0024580312846786082
67.0 0.0022938728550973165
68.0 0.002137050549002326
69.0 0.0019870160892059177
70.0 0.0018456646160622543
71.0 0.00171141656924513
72.0 0.0015825584185443996
73.0 0.0014598180109997997
74.0 0.0013450457751282773
75.0 0.0012351888499419583
76.0 0.0011310008648117544
77.0 0.0010361326587606727
78.0 0.0009466519790522423
79.0 0.0008648647549447336
80.0 0.0007943438342058473
81.0 0.0007301597778804708
82.0 0.0006802236462379039
83.0 0.0006421447954430355
84.0 0.0006134518315810266
85.0 0.0006070560214773477
86.0 0.0006087807354804948
87.0 0.0006331626993211721
88.0 0.0006707473635443504
89.0 0.0007238152612016531
90.0 0.0007947244818149825
91.0 0.0008735809972560665
92.0 0.0009684860079657593
93.0 0.0010656957733231115
94.0 0.0011684536968272537
95.0 0.001269584892728834
96.0 0.00136273536449682
97.0 0.0014495989349482396
98.0 0.0015179599738129198
99.0 0.0015754439696683766
100.0 0.0016074518714208786
101.0 0.0016267422080324368
102.0 0.0016170963782266821
103.0 0.0015967137851125627
104.0 0.0015474705844481596
105.0 0.0014920183017666957
106.0 0.0014110779183339358
107.0 0.0013285434273907662
108.0 0.0012273484644761648
109.0 0.0011261535015615637
110.0 0.0010173919531819388
111.0 0.0009079612478876913
112.0 0.0007999962766724252
113.0 0.0006926150853857544
114.0 0.0005896889341815619
115.0 0.0004918462491976787
116.0 0.00039640552484298245
117.0 0.0003124037673788259
118.0 0.00022840200991466943
119.0 0.0001573017403729958
120.0 8.877514007251942e-05
121.0 2.700305144645777e-05
122.0 -2.63983014318222e-05
123.0 -7.964650122405844e-05
124.0 -0.00011941084171287011
125.0 -0.00015917518220168178
126.0 -0.00019287685077600393
127.0 -0.00022113034777371552
128.0 -0.0002493838447714271
129.0 -0.0002683857371868124
130.0 -0.0002873126698290729
131.0 -0.00030330915886995347
132.0 -0.00031501875416275197
133.0 -0.0003267283494555505
134.0 -0.00033428484506554463
135.0 -0.00034058573441332515
136.0 -0.00034658948752777614
137.0 -0.0003490004549616627
138.0 -0.00035141142239554924
139.0 -0.0003529198006512675
140.0 -0.0003526001711415521
141.0 -0.0003522805416318367
142.0 -0.0003509988651964684
143.0 -0.000348861436261651
144.0 -0.00034672400732683355
145.0 -0.0003438123771341186
146.0 -0.0003405217261593612
147.0 -0.00033723107518460383
148.0 -0.0003334154772446576
149.0 -0.0003294301805227549
150.0 -0.00032544488380085215
151.0 -0.0003211615679424096
152.0 -0.00031679476858002624
153.0 -0.0003124279692176428
154.0 -0.00030794309643963777
155.0 -0.00030341813825009026
156.0 -0.0002988931800605428
157.0 -0.0002943544536196377
158.0 -0.00028980833381841655
159.0 -0.00028526221401719534
160.0 -0.00028075508041313345
161.0 -0.0002762881756691375
162.0 -0.00027182127092514164
163.0 -0.00026739531451725694
164.0 -0.0002630801357133783
165.0 -0.00025876495690949975
166.0 -0.0002544497781056212
167.0 -0.0002503266110644594
168.0 -0.00024620686080402285
169.0 -0.00024208711054358632
170.0 -0.000238117863373351
171.0 -0.00023423748559411533
172.0 -0.00023035710781487963
173.0 -0.0002265318102569888
174.0 -0.00022291724692797402
175.0 -0.00021930268359895923
176.0 -0.00021568812026994443
177.0 -0.00021227096941624246
178.0 -0.00020893190386485057
179.0 -0.00020559283831345866
180.0 -0.00020228889028997196
181.0 -0.00019917580017492345
182.0 -0.00019606271005987496
183.0 -0.00019294961994482644
184.0 -0.00018992956126152343
185.0 -0.00018699458936391884
186.0 -0.00018405961746631425
187.0 -0.0001811246455687097
188.0 -0.000178296210854588
189.0 -0.00017549183036116522
190.0 -0.0001726874498677424
191.0 -0.00016988893699775595
192.0 -0.00016725496273448798
193.0 -0.00016462098847122
194.0 -0.00016198701420795203
195.0 -0.00015939598054959172
196.0 -0.00015700505895518477
197.0 -0.0001546141373607778
198.0 -0.0001522232157663708
199.0 -0.0001498953879271674
200.0 -0.00014776628904820412
201.0 -0.0001456371901692408
202.0 -0.0001435080912902775
203.0 -0.0001414249526805448
204.0 -0.00013949941640296326
205.0 -0.0001375738801253817
206.0 -0.00013564834384780015
207.0 -0.00013373778363054802
208.0 -0.00013192792143755183
209.0 -0.00013011805924455566
210.0 -0.00012830819705155947
211.0 -0.00012649833485856325
212.0 -0.00012476173522088678
213.0 -0.00012302895865186732
214.0 -0.00012129618208284784
215.0 -0.00011956340551382836
216.0 -0.00011787738277390531
217.0 -0.00011621266925376661
218.0 -0.00011454795573362791
219.0 -0.00011288324221348921
220.0 -0.0001112545775963699
221.0 -0.00010969673714693773
222.0 -0.00010813889669750556
223.0 -0.00010658105624807338
224.0 -0.00010502321579864119
225.0 -0.00010362902657091095
226.0 -0.00010225305636083871
227.0 -0.00010087708615076648
228.0 -9.950111594069424e-05
229.0 -9.820132199618875e-05
230.0 -9.702974246717983e-05
231.0 -9.585816293817092e-05
232.0 -9.4686583409162e-05
233.0 -9.351500388015309e-05
234.0 -9.243669302239944e-05
235.0 -9.138879222628406e-05
236.0 -9.034089143016867e-05
237.0 -8.929299063405328e-05
238.0 -8.824290993584877e-05
239.0 -8.714340190997919e-05
240.0 -8.604389388410962e-05
241.0 -8.494438585824005e-05
242.0 -8.384487783237045e-05
243.0 -8.270662491244628e-05
244.0 -8.144236673683634e-05
245.0 -8.01781085612264e-05
246.0 -7.891385038561648e-05
247.0 -7.764959221000654e-05
248.0 -7.636778447207098e-05
249.0 -7.505050612586894e-05
250.0 -7.373322777966691e-05
251.0 -7.241594943346488e-05
252.0 -7.109867108726282e-05
253.0 -6.981016800607437e-05
254.0 -6.858068574933812e-05
255.0 -6.735120349260184e-05
256.0 -6.612172123586557e-05
257.0 -6.489223897912932e-05
258.0 -6.369729903063171e-05
259.0 -6.262241549349688e-05
260.0 -6.154753195636206e-05
261.0 -6.0472648419227226e-05
262.0 -5.93977648820924e-05
263.0 -5.832616087492886e-05
264.0 -5.745626224646709e-05
265.0 -5.6586363618005304e-05
266.0 -5.571646498954353e-05
267.0 -5.4846566361081754e-05
268.0 -5.3976667732619976e-05
269.0 -5.324899930489589e-05
270.0 -5.2581313578604425e-05
271.0 -5.191362785231296e-05
272.0 -5.12459421260215e-05
273.0 -5.0578256399730036e-05
274.0 -4.994828832638295e-05
275.0 -4.941368490374716e-05
276.0 -4.8879081481111366e-05
277.0 -4.8344478058475574e-05
278.0 -4.7809874635839776e-05
279.0 -4.7275271213203985e-05
280.0 -4.6767871082791396e-05
281.0 -4.6269347585229615e-05
282.0 -4.577082408766783e-05
283.0 -4.527230059010605e-05
284.0 -4.477377709254427e-05
285.0 -4.4276816476017724e-05
286.0 -4.379214486966424e-05
287.0 -4.330747326331076e-05
288.0 -4.282280165695729e-05
289.0 -4.233813005060381e-05
290.0 -4.185345844425033e-05
291.0 -4.139006479448331e-05
292.0 -4.096487464738083e-05
293.0 -4.0539684500278344e-05
294.0 -4.011449435317586e-05
295.0 -3.968930420607338e-05
296.0 -3.92641140589709e-05
297.0 -3.8873270665913956e-05
298.0 -3.8518700606477306e-05
299.0 -3.816413054704065e-05
