10.0 0.48950056195
11.0 0.418920631456
12.0 0.360937721771
13.0 0.312918367017
14.0 0.272846752108
15.0 0.23916712666
16.0 0.210669205371
17.0 0.18640331854
18.0 0.165617995524
19.0 0.147714332698
20.0 0.132212028772
21.0 0.118723422429
22.0 0.106933432367
23.0 0.0965841491329
24.0 0.0874631053982
25.0 0.0793943211055
26.0 0.0722313297941
27.0 0.0658516189735
28.0 0.0601521639206
29.0 0.0550458691869
30.0 0.0504587476919
31.0 0.0463276623486
32.0 0.0425984920634
33.0 0.0392246379082
34.0 0.0361658149661
35.0 0.0333870762303
36.0 0.0308580099926
37.0 0.028552063442
38.0 0.0264459710472
39.0 0.0245192830726
40.0 0.0227539827812
41.0 0.021134165984
42.0 0.0196457581859
43.0 0.0182762634516
44.0 0.0170145531146
45.0 0.0158506970169
46.0 0.0147758255456
47.0 0.0137820066232
48.0 0.0128621314979
49.0 0.0120098132513
50.0 0.0112193015527
51.0 0.0104854102808
52.0 0.0098034517309
53.0 0.00916917527693
54.0 0.00857871344245
55.0 0.0080285384737
56.0 0.0075154287509
57.0 0.00703644164745
58.0 0.00658889011135
59.0 0.00617032233223
60.0 0.00577850454606
61.0 0.00541140596982
62.0 0.00506718392375
63.0 0.00474416795011
64.0 0.00444084381178
65.0 0.00415583993657
66.0 0.00388791880431
67.0 0.00363597404169
68.0 0.00339903187888
69.0 0.00317625447373
70.0 0.00296694284024
71.0 0.002770538114
72.0 0.00258662071877
73.0 0.00241490722457
74.0 0.00225524455354
75.0 0.00210760115697
76.0 0.00197205496932
77.0 0.00184877803751
78.0 0.00173801742365
79.0 0.00164007140906
80.0 0.00155525969037
81.0 0.00148388661106
82.0 0.00142619754839
83.0 0.00138233001752
84.0 0.00135226241406
85.0 0.00133576432113
86.0 0.00133235285725
87.0 0.00134125957599
88.0 0.00136141186517
89.0 0.00139143162545
90.0 0.00142965241293
91.0 0.0014741545475
92.0 0.00152281625454
93.0 0.00157337789234
94.0 0.00162351568699
95.0 0.00167092101274
96.0 0.00171338101098
97.0 0.00174885622893
98.0 0.00177555104587
99.0 0.00179197302068
100.0 0.00179697797004
101.0 0.00178979854246
102.0 0.00177005520499
103.0 0.00173774978593
104.0 0.0016932428884
105.0 0.00163721748635
106.0 0.00157063174986
107.0 0.00149466457329
108.0 0.00141065738561
109.0 0.00132005562683
110.0 0.00122435282572
111.0 0.00112503959139
112.0 0.00102355913699
113.0 0.000921270292719
114.0 0.00081941841631
115.0 0.000719114200315
116.0 0.000621320088437
117.0 0.000526843797699
118.0 0.000436338254021
119.0 0.000350307064973
120.0 0.000269114485637
121.0 0.000192998710964
122.0 0.000122087279614
123.0 5.64134147028e-05
124.0 -4.0677474987e-06
125.0 -5.94638952375e-05
126.0 -0.000109931858019
127.0 -0.000155665850229
128.0 -0.000196887726734
129.0 -0.00023383910327
130.0 -0.000266775021566
131.0 -0.000295958749226
132.0 -0.000321657307789
133.0 -0.000344137410053
134.0 -0.000363661631592
135.0 -0.000380484800577
136.0 -0.000394850722226
137.0 -0.000406989427762
138.0 -0.000417115139705
139.0 -0.000425425083815
140.0 -0.000432099177057
141.0 -0.000437300511943
142.0 -0.000441176468776
143.0 -0.0004438602365
144.0 -0.000445472515106
145.0 -0.000446123201148
146.0 -0.000445912909991
147.0 -0.000444934248984
148.0 -0.000443272812761
149.0 -0.000441007917054
150.0 -0.000438213116996
151.0 -0.000434956569139
152.0 -0.000431301294918
153.0 -0.000427305390126
154.0 -0.000423022204714
155.0 -0.000418500495663
156.0 -0.000413784539252
157.0 -0.000408914183198
158.0 -0.000403924827049
159.0 -0.000398847339668
160.0 -0.000393707950306
161.0 -0.000388528175753
162.0 -0.000383324860773
163.0 -0.000378110405055
164.0 -0.000372893224923
165.0 -0.000367678455847
166.0 -0.000362468851715
167.0 -0.000357265791288
168.0 -0.000352070272998
169.0 -0.000346883774341
170.0 -0.000341708873294
171.0 -0.000336549571715
172.0 -0.000331411314491
173.0 -0.000326300750845
174.0 -0.000321225323733
175.0 -0.00031619279176
176.0 -0.000311210782726
177.0 -0.000306286452238
178.0 -0.000301426282656
179.0 -0.000296636017352
180.0 -0.000291920692732
181.0 -0.000287284712555
182.0 -0.00028273190828
183.0 -0.0002782655434
184.0 -0.000273888243267
185.0 -0.000269601857849
186.0 -0.000265407286447
187.0 -0.000261304306303
188.0 -0.000257291449405
189.0 -0.000253365964588
190.0 -0.000249523887701
191.0 -0.000245760224695
192.0 -0.000242069234345
193.0 -0.000238444781911
194.0 -0.000234880724663
195.0 -0.000231371286386
196.0 -0.000227911381195
197.0 -0.000224496856739
198.0 -0.000221124641306
199.0 -0.000217792795576
200.0 -0.000214500484273
201.0 -0.000211247892454
202.0 -0.00020803611346
203.0 -0.000204867030275
204.0 -0.000201743200989
205.0 -0.000198667745738
206.0 -0.000195644221241
207.0 -0.000192676463743
208.0 -0.000189768384166
209.0 -0.000186923710426
210.0 -0.000184145688663
211.0 -0.000181436773167
212.0 -0.000178798348801
213.0 -0.000176230535358
214.0 -0.00017373211776
215.0 -0.000171300629508
216.0 -0.000168932591916
217.0 -0.000166623883426
218.0 -0.000164370187539
219.0 -0.000162167450241
220.0 -0.000160012272254
221.0 -0.000157902169569
222.0 -0.000155835656338
223.0 -0.000153812133554
224.0 -0.000151831599733
225.0 -0.000149894229974
226.0 -0.000147999891874
227.0 -0.000146147677065
228.0 -0.000144335523991
229.0 -0.000142559991941
230.0 -0.000140816221473
231.0 -0.000139098086816
232.0 -0.000137398517081
233.0 -0.000135709939846
234.0 -0.000134024786532
235.0 -0.00013233599548
236.0 -0.000130637455261
237.0 -0.000128924345136
238.0 -0.000127193348181
239.0 -0.000125442731594
240.0 -0.000123672304752
241.0 -0.000121883276544
242.0 -0.000120078038826
243.0 -0.000118259903129
244.0 -0.000116432814828
245.0 -0.000114601064807
246.0 -0.000112769014973
247.0 -0.000110940851741
248.0 -0.000109120380834
249.0 -0.00010731087663
250.0 -0.000105514998489
251.0 -0.000103734783897
252.0 -0.000101971722939
253.0 -0.000100226910751
254.0 -9.85012649579e-05
255.0 -9.67957852802e-05
256.0 -9.51118244094e-05
257.0 -9.34513346159e-05
258.0 -9.1817054692e-05
259.0 -9.0212607131e-05
260.0 -8.86424854241e-05
261.0 -8.71119246564e-05
262.0 -8.56266632403e-05
263.0 -8.41926174407e-05
264.0 -8.28155012538e-05
265.0 -8.15004306732e-05
266.0 -8.02515525869e-05
267.0 -7.90717345668e-05
268.0 -7.79623434752e-05
269.0 -7.692312956e-05
270.0 -7.59522203414e-05
271.0 -7.50462168588e-05
272.0 -7.42003752926e-05
273.0 -7.34088505817e-05
274.0 -7.26649758783e-05
275.0 -7.19615523366e-05
276.0 -7.12911271936e-05
277.0 -7.06462434433e-05
278.0 -7.0019650591e-05
279.0 -6.94044720693e-05
280.0 -6.87943301602e-05
281.0 -6.81834332434e-05
282.0 -6.75666326952e-05
283.0 -6.69394578402e-05
284.0 -6.62981371895e-05
285.0 -6.56396130691e-05
286.0 -6.49615549149e-05
287.0 -6.4262374284e-05
288.0 -6.35412422318e-05
289.0 -6.27981073849e-05
290.0 -6.20337110102e-05
291.0 -6.12495938434e-05
292.0 -6.04480885944e-05
293.0 -5.96322919871e-05
294.0 -5.88060110011e-05
295.0 -5.79736795861e-05
296.0 -5.7140244387e-05
297.0 -5.63110207062e-05
298.0 -5.54915227377e-05
299.0 -5.4687274737e-05
