10.0 0.43759841575297914
11.0 0.3642706916894511
12.0 0.30558871892914663
13.0 0.258077008906303
14.0 0.21922815403179846
15.0 0.18719674980764542
16.0 0.16060076614301008
17.0 0.13838505821159872
18.0 0.11972947069823921
19.0 0.10398891618581896
20.0 0.09065205895993529
21.0 0.07931014917189683
22.0 0.06963298336135273
23.0 0.06135094462598177
24.0 0.054242093121992054
25.0 0.04812290147297312
26.0 0.04284117776833944
27.0 0.0382702305454958
28.0 0.03430402275603164
29.0 0.030853356798357403
30.0 0.02784296891466281
31.0 0.02520923050353531
32.0 0.02289822379140587
33.0 0.020864128810600572
34.0 0.019067928645157377
35.0 0.0174763963448023
36.0 0.016061261891800595
37.0 0.01479846308318107
38.0 0.013667468174273788
39.0 0.01265072279103308
40.0 0.011733238879255694
41.0 0.010902263077560986
42.0 0.010146948894176935
43.0 0.009458027787868263
44.0 0.008827534575021901
45.0 0.008248620745620366
46.0 0.007715424096295314
47.0 0.007222940115464494
48.0 0.0067668794138304915
49.0 0.006343538173771877
50.0 0.005949705209543952
51.0 0.005582596008658949
52.0 0.005239788504121342
53.0 0.004919152047983718
54.0 0.004618783135263757
55.0 0.004336962467542699
56.0 0.004072132220444788
57.0 0.0038228814308970006
58.0 0.0035879312411968094
59.0 0.0033661213948922
60.0 0.003156402418240092
61.0 0.0029578327312938715
62.0 0.0027695743980273137
63.0 0.0025908821281054335
64.0 0.002421086661684047
65.0 0.0022595797034356178
66.0 0.0021058081106215907
67.0 0.0019592801058593646
68.0 0.0018195800548680742
69.0 0.001686385261737354
70.0 0.0015594795909020095
71.0 0.001438762290105857
72.0 0.0013242528789846153
73.0 0.0012160929757965152
74.0 0.0011145446782691586
75.0 0.0010199846366420275
76.0 0.0009328938525310832
77.0 0.0008538442252251172
78.0 0.0007834824229360451
79.0 0.0007225097823959186
80.0 0.0006716552104334923
81.0 0.0006316380682746488
82.0 0.0006031199623186034
83.0 0.0005866471227344071
84.0 0.0005825873728410386
85.0 0.0005910671196548156
86.0 0.0006119145264504323
87.0 0.0006446151996415748
88.0 0.0006882860783121675
89.0 0.0007416714690530472
90.0 0.0008031625420718376
91.0 0.0008708388788022601
92.0 0.0009425286786808122
93.0 0.0010158833353232626
94.0 0.0010884619961336478
95.0 0.0011578218585778584
96.0 0.0012216099344466954
97.0 0.0012776518036736592
98.0 0.0013240327142268206
99.0 0.001359166525363903
100.0 0.0013818485766126673
101.0 0.0013912895887077676
102.0 0.0013871290578356147
103.0 0.0013694281229949929
104.0 0.0013386433740839258
105.0 0.0012955843472323533
106.0 0.0012413584007499028
107.0 0.0011773072226184298
108.0 0.0011049393758746574
109.0 0.0010258630495964744
110.0 0.0009417225848988357
111.0 0.000854141476903586
112.0 0.0007646735731712709
113.0 0.0006747632888090189
114.0 0.0005857149914170058
115.0 0.0004986713229653953
116.0 0.00041460005085398795
117.0 0.00033428894048490227
118.0 0.00025834799524838167
119.0 0.0001872181718730613
120.0 0.00012118539062072419
121.0 6.039840900037751e-05
122.0 4.8889947523816186e-06
123.0 -4.54071456596225e-05
124.0 -9.063006478131598e-05
125.0 -0.00013097701344587248
126.0 -0.00016668640425053768
127.0 -0.00019802471243678685
128.0 -0.00022527634876254692
129.0 -0.0002487361884568992
130.0 -0.00026870416754624064
131.0 -0.0002854812131636987
132.0 -0.0002993657890035038
133.0 -0.0003106505052560852
134.0 -0.00031961851726284923
135.0 -0.0003265397419780817
136.0 -0.0003316671728943552
137.0 -0.00033523370882940055
138.0 -0.0003374499049371067
139.0 -0.0003385029239914337
140.0 -0.0003385567640954388
141.0 -0.00033775363009808416
142.0 -0.0003362161558752259
143.0 -0.0003340501048125084
144.0 -0.0003313471795291326
145.0 -0.0003281876398717245
146.0 -0.00032464253046493965
147.0 -0.0003207754264657095
148.0 -0.00031664369783366956
149.0 -0.00031229935802934764
150.0 -0.0003077896004581995
151.0 -0.0003031571375004915
152.0 -0.00029844044637372414
153.0 -0.0002936739977007582
154.0 -0.0002888885022616982
155.0 -0.0002841111674016404
156.0 -0.0002793659179729141
157.0 -0.0002746735189975399
158.0 -0.0002700515465417841
159.0 -0.0002655141903963039
160.0 -0.0002610719284839373
161.0 -0.0002567311718279178
162.0 -0.0002524940203488699
163.0 -0.00024835827682827104
164.0 -0.00024431783151785704
165.0 -0.0002403634581588987
166.0 -0.0002364839704688264
167.0 -0.00023266760031471803
168.0 -0.00022890339856960674
169.0 -0.0002251824436726968
170.0 -0.00022149867596498528
171.0 -0.00021784924979220674
172.0 -0.00021423439162675595
173.0 -0.00021065684743473204
174.0 -0.00020712107380639795
175.0 -0.0002036323594865304
176.0 -0.0002001960518894676
177.0 -0.0001968170132105824
178.0 -0.0001934993581221534
179.0 -0.00019024644959314928
180.0 -0.00018706106995528416
181.0 -0.00018394565390976442
182.0 -0.00018090247280866414
183.0 -0.0001779336902535888
184.0 -0.0001750412562178366
185.0 -0.0001722266563825286
186.0 -0.0001694905727906866
187.0 -0.0001668325336098933
188.0 -0.0001642506318425218
189.0 -0.00016174137813431547
190.0 -0.0001592997270908322
191.0 -0.0001569192860233941
192.0 -0.00015459268530996104
193.0 -0.00015231206475796113
194.0 -0.00015006961352109286
195.0 -0.00014785809439575614
196.0 -0.00014567128789190673
197.0 -0.00014350430709232995
198.0 -0.00014135375868938897
199.0 -0.00013921775417877368
200.0 -0.00013709580177243902
201.0 -0.000134988627695401
202.0 -0.00013289798031392746
203.0 -0.00013082646050530127
204.0 -0.00012877739949688173
205.0 -0.00012675477748531362
206.0 -0.00012476315116152995
207.0 -0.00012280754390424077
208.0 -0.00012089325411683524
209.0 -0.00011902555570734355
210.0 -0.00011720929585582665
211.0 -0.00011544843088400766
212.0 -0.00011374557137996639
213.0 -0.00011210162377822577
214.0 -0.00011051561171555879
215.0 -0.00010898473590467255
216.0 -0.00010750469035501577
217.0 -0.00010607020398980142
218.0 -0.00010467573060405335
219.0 -0.00010331617682709071
220.0 -0.00010198754474750013
221.0 -0.00010068737627587879
222.0 -9.941491843632674e-05
223.0 -9.817097647097315e-05
224.0 -9.695747579246612e-05
225.0 -9.577680421998335e-05
226.0 -9.463104332468878e-05
227.0 -9.352121552387666e-05
228.0 -9.244666907735948e-05
229.0 -9.140469785807304e-05
230.0 -9.039045198034893e-05
231.0 -8.9397147025686e-05
232.0 -8.841653268992725e-05
233.0 -8.743954444064243e-05
234.0 -8.6457040145804e-05
235.0 -8.546052015333667e-05
236.0 -8.44427427940416e-05
237.0 -8.33981733502858e-05
238.0 -8.232323674013646e-05
239.0 -8.121637559563958e-05
240.0 -8.007794026410988e-05
241.0 -7.890995204283988e-05
242.0 -7.771578503064662e-05
243.0 -7.649980733033837e-05
244.0 -7.526701269428976e-05
245.0 -7.402266330559273e-05
246.0 -7.277195670974063e-05
247.0 -7.151972678559996e-05
248.0 -7.027018989945634e-05
249.0 -6.902675112843628e-05
250.0 -6.779188880440136e-05
251.0 -6.65671357649796e-05
252.0 -6.535317068422631e-05
253.0 -6.415002230655501e-05
254.0 -6.295737462250137e-05
255.0 -6.177494467265693e-05
256.0 -6.060289012714829e-05
257.0 -5.944219433600066e-05
258.0 -5.8294974583009476e-05
259.0 -5.716466579005983e-05
260.0 -5.6056046272379876e-05
261.0 -5.497509221085618e-05
262.0 -5.392867010563814e-05
263.0 -5.29240979913037e-05
264.0 -5.19686232557933e-05
265.0 -5.106887497657307e-05
266.0 -5.023035047518257e-05
267.0 -4.945698940857785e-05
268.0 -4.8750875579698974e-05
269.0 -4.8112089152451124e-05
270.0 -4.753871299254187e-05
271.0 -4.702697928619312e-05
272.0 -4.657152876959908e-05
273.0 -4.616574633416141e-05
274.0 -4.58021339537785e-05
275.0 -4.547268434895669e-05
276.0 -4.5169225351710295e-05
277.0 -4.488371393748654e-05
278.0 -4.460846864811839e-05
279.0 -4.4336338174244105e-05
280.0 -4.406081116225167e-05
281.0 -4.3776077328905183e-05
282.0 -4.34770526388536e-05
283.0 -4.315938189411599e-05
284.0 -4.281943104962354e-05
285.0 -4.245427939077548e-05
286.0 -4.2061718818534836e-05
287.0 -4.164026422545009e-05
288.0 -4.118917557717255e-05
289.0 -4.0708489071020285e-05
290.0 -4.019905186284415e-05
291.0 -3.9662552591146555e-05
292.0 -3.910153854355504e-05
293.0 -3.851941001924373e-05
294.0 -3.7920383361588076e-05
295.0 -3.730941624199633e-05
296.0 -3.6692091882788033e-05
297.0 -3.607446267885962e-05
298.0 -3.5462857680676515e-05
299.0 -3.4863662165963135e-05
