10.0 0.43011667629531103
11.0 0.36793469203048856
12.0 0.31689161549241507
13.0 0.27463728033113644
14.0 0.23938331995233172
15.0 0.20975548765996713
16.0 0.18468783557804924
17.0 0.1633453462277579
18.0 0.1450676840796958
19.0 0.12932853105692288
20.0 0.11570557878919113
21.0 0.10385770329368361
22.0 0.09350737664645621
23.0 0.08442718813559429
24.0 0.07642960771076483
25.0 0.06935918358157003
26.0 0.06308646221027299
27.0 0.057503127116074075
28.0 0.05251808104489441
29.0 0.04805431815356641
30.0 0.044046441616628
31.0 0.040438672671880754
32.0 0.03718322935749449
33.0 0.03423900269166897
34.0 0.03157048471091228
35.0 0.029146902104018536
36.0 0.02694150313687545
37.0 0.024930955343987777
38.0 0.023094835584707804
39.0 0.021415209764976066
40.0 0.01987629266177101
41.0 0.01846416359457997
42.0 0.01716651486492551
43.0 0.01597242782066931
44.0 0.014872184796737036
45.0 0.013857119931598163
46.0 0.012919497939835323
47.0 0.012052405894639658
48.0 0.011249652339311147
49.0 0.010505677698724972
50.0 0.009815479542712209
51.0 0.009174549554131746
52.0 0.008578816211512443
53.0 0.008024591164422158
54.0 0.007508522160338618
55.0 0.0070275555221967975
56.0 0.006578907567637196
57.0 0.006160041750419771
58.0 0.005768648952009544
59.0 0.005402630361629528
60.0 0.0050600830335425255
61.0 0.004739287164984531
62.0 0.004438693195154773
63.0 0.004156907494158332
64.0 0.0038926773544470127
65.0 0.003644877590069932
66.0 0.0034125009951843127
67.0 0.0031946532945534385
68.0 0.002990551253150852
69.0 0.0027995215744556737
70.0 0.0026209985026710582
71.0 0.0024545190701448522
72.0 0.002299715814613813
73.0 0.0021563071138614408
74.0 0.0020240852814149787
75.0 0.0019029026697354756
76.0 0.0017926563306942284
77.0 0.001693271968476136
78.0 0.0016046876667514959
79.0 0.0015268372632527298
80.0 0.001459632737611199
81.0 0.0014029449972192392
82.0 0.0013565830351907444
83.0 0.0013202722813465278
84.0 0.0012936336997737804
85.0 0.001276165614005978
86.0 0.0012672303467123468
87.0 0.0012660475581685305
88.0 0.0012716956328980968
89.0 0.0012831216153720991
90.0 0.001299159195502086
91.0 0.001318553374478835
92.0 0.00133998995094181
93.0 0.0013621279250633843
94.0 0.001383633188770813
95.0 0.001403212223702011
96.0 0.0014196447811749481
97.0 0.001431814609591127
98.0 0.0014387372709232676
99.0 0.0014395840412139247
100.0 0.001433700902827093
101.0 0.001420621756586995
102.0 0.001400075220389321
103.0 0.0013719847161409598
104.0 0.0013364619360453588
105.0 0.0012937941714496347
106.0 0.0012444263366423614
107.0 0.001188938790800096
108.0 0.001128022228248884
109.0 0.0010624509544931609
110.0 0.0009930557926765462
111.0 0.0009206976957355188
112.0 0.0008462429210498054
113.0 0.0007705404139906334
114.0 0.0006944018868194024
115.0 0.0006185849781544717
116.0 0.0005437798084823478
117.0 0.0004705991643018759
118.0 0.00039957241213486237
119.0 0.0003311430572373392
120.0 0.0002656696450204359
121.0 0.0002034294982372241
122.0 0.00014462463055621446
123.0 8.938910206088205e-05
124.0 3.779708992197067e-05
125.0 -1.01289710058002e-05
126.0 -5.441068403289011e-05
127.0 -9.510675281715293e-05
128.0 -0.00013230694855865288
129.0 -0.000166126941612041
130.0 -0.00019670381789069257
131.0 -0.00022419202573064834
132.0 -0.0002487595006051268
133.0 -0.0002705837876888266
134.0 -0.0002898481022780997
135.0 -0.0003067373999033513
136.0 -0.00032143463432658003
137.0 -0.0003341174344612957
138.0 -0.00034495541957118593
139.0 -0.00035410830381057734
140.0 -0.0003617248387998521
141.0 -0.00036794253524442366
142.0 -0.0003728880174379547
143.0 -0.00037667781397167317
144.0 -0.0003794193781386337
145.0 -0.00038121215599223776
146.0 -0.00038214856634674306
147.0 -0.00038231481149329967
148.0 -0.00038179148867443493
149.0 -0.0003806540130141797
150.0 -0.0003789728891457945
151.0 -0.00037681388065750367
152.0 -0.000374238125080166
153.0 -0.0003713022302731529
154.0 -0.0003680583698034551
155.0 -0.0003645543754868479
156.0 -0.00036083381045485825
157.0 -0.0003569360010332291
158.0 -0.0003528960131562977
159.0 -0.0003487445781244649
160.0 -0.0003445079982741067
161.0 -0.0003402080875188036
162.0 -0.00033586221587348714
163.0 -0.00033148352417204077
164.0 -0.00032708135297000534
165.0 -0.00032266189152422876
166.0 -0.00031822900726894527
167.0 -0.0003137851746485748
168.0 -0.00030933239536605505
169.0 -0.00030487299737503367
170.0 -0.00030041021897815053
171.0 -0.0002959485228666798
172.0 -0.0002914936337300568
173.0 -0.0002870523407613998
174.0 -0.00028263214225584306
175.0 -0.0002782408261778723
176.0 -0.00027388607573696936
177.0 -0.0002695751656906033
178.0 -0.00026531478057750156
179.0 -0.0002611109497969537
180.0 -0.00025696906535552987
181.0 -0.0002528939324486836
182.0 -0.00024888980299120616
183.0 -0.0002449603557145005
184.0 -0.0002411086083245876
185.0 -0.00023733677091537387
186.0 -0.00023364606935312107
187.0 -0.0002300365786320313
188.0 -0.00022650710775316084
189.0 -0.0002230551703488785
190.0 -0.0002196770615306953
191.0 -0.00021636804445417302
192.0 -0.00021312263303714774
193.0 -0.00020993494286131758
194.0 -0.0002067990726180508
195.0 -0.0002037094748911418
196.0 -0.00020066127810338823
197.0 -0.00019765053057230515
198.0 -0.00019467435116251098
199.0 -0.0001917309863200228
200.0 -0.00018881978707719642
201.0 -0.0001859411288494553
202.0 -0.00018309629943909304
203.0 -0.00018028737624618842
204.0 -0.0001775171038342309
205.0 -0.00017478877090170244
206.0 -0.00017210607533474067
207.0 -0.00016947296096929998
208.0 -0.00016689341212075036
209.0 -0.00016437120183589754
210.0 -0.00016190960489990443
211.0 -0.00015951110288112458
212.0 -0.00015717712122617587
213.0 -0.00015490784351492753
214.0 -0.00015270214304209426
215.0 -0.00015055765690441864
216.0 -0.00014847100521911334
217.0 -0.0001464381324088244
218.0 -0.0001444547240243544
219.0 -0.00014251663641277293
220.0 -0.00014062027132623662
221.0 -0.00013876283472615802
222.0 -0.0001369424374897718
223.0 -0.00013515802212948823
224.0 -0.0001334091291134224
225.0 -0.00013169554351015358
226.0 -0.00013001688258107474
227.0 -0.00012837219416851064
228.0 -0.00012675963289359078
229.0 -0.00012517626715443896
230.0 -0.00012361804757479632
231.0 -0.00012207994116670073
232.0 -0.00012055620982549255
233.0 -0.00011904079125481469
234.0 -0.0001175277281718091
235.0 -0.00011601158904884892
236.0 -0.00011448783017000367
237.0 -0.0001129530622198266
238.0 -0.00011140520172549294
239.0 -0.00010984350491014986
240.0 -0.00010826849587001902
241.0 -0.00010668181054413274
242.0 -0.00010508598216185887
243.0 -0.00010348419346847807
244.0 -0.00010188001765581041
245.0 -0.00010027716548045928
246.0 -9.867925216206019e-05
247.0 -9.708959523622566e-05
248.0 -9.551105362193724e-05
249.0 -9.394591801245027e-05
250.0 -9.239586213687797e-05
251.0 -9.086196230329969e-05
252.0 -8.934478819174667e-05
253.0 -8.784456109438049e-05
254.0 -8.636136745489726e-05
255.0 -8.489540701855907e-05
256.0 -8.344724785403206e-05
257.0 -8.20180565428347e-05
258.0 -8.060977207939773e-05
259.0 -7.922519687642227e-05
260.0 -7.786798727782807e-05
261.0 -7.654253792747517e-05
262.0 -7.525376746741666e-05
263.0 -7.400682536751744e-05
264.0 -7.280674938153493e-05
265.0 -7.165810880300484e-05
266.0 -7.056466965160069e-05
267.0 -6.952911421798332e-05
268.0 -6.85528398078348e-05
269.0 -6.763585136828403e-05
270.0 -6.677675155834457e-05
271.0 -6.59728213433996e-05
272.0 -6.522017570406084e-05
273.0 -6.451397345257642e-05
274.0 -6.384865780836829e-05
275.0 -6.321820513393866e-05
276.0 -6.261636248199301e-05
277.0 -6.203685950075624e-05
278.0 -6.147358585262852e-05
279.0 -6.092073076638067e-05
280.0 -6.0372886010133165e-05
281.0 -5.982511703941059e-05
282.0 -5.927300919074263e-05
283.0 -5.871269660852641e-05
284.0 -5.814088129862352e-05
285.0 -5.755484854859043e-05
286.0 -5.695248320762128e-05
287.0 -5.633228922932634e-05
288.0 -5.569341267341097e-05
289.0 -5.503566624683995e-05
290.0 -5.4359551636810605e-05
291.0 -5.36662745278572e-05
292.0 -5.295774646251407e-05
293.0 -5.223656770727455e-05
294.0 -5.1505986065520824e-05
295.0 -5.0769828088956626e-05
296.0 -5.0032401243263324e-05
297.0 -4.9298368064127714e-05
298.0 -4.857259592889589e-05
299.0 -4.785998848092085e-05
