10.0 0.3467269863247075
11.0 0.29028474262348414
12.0 0.24629556503775743
13.0 0.21135541613921963
14.0 0.18311084540973835
15.0 0.15991617950787335
16.0 0.14060676467610272
17.0 0.12434292707319348
18.0 0.11050593911169372
19.0 0.09863171291176197
20.0 0.08836715688421795
21.0 0.07943927324927139
22.0 0.07163284094019756
23.0 0.06477484504672482
24.0 0.05872411945306664
25.0 0.05336451055701455
26.0 0.048599966865679495
27.0 0.044350563762306214
28.0 0.040549217315077865
29.0 0.037139161006770456
30.0 0.03407210406004155
31.0 0.031306808981451766
32.0 0.02880789139415182
33.0 0.02654480890624244
34.0 0.024491070004855883
35.0 0.02262364533258243
36.0 0.020922494509689537
37.0 0.019370123838124365
38.0 0.01795117165839518
39.0 0.016652080859881964
40.0 0.015460881855981266
41.0 0.014367027872007025
42.0 0.013361210579488676
43.0 0.012435154225524018
44.0 0.011581446268497202
45.0 0.010793440336761027
46.0 0.01006520186856186
47.0 0.009391443583188643
48.0 0.008767436589961692
49.0 0.008188925444966223
50.0 0.007652071927498524
51.0 0.007153418949645943
52.0 0.006689850273545857
53.0 0.006258538331128037
54.0 0.00585689443435367
55.0 0.00548253663032922
56.0 0.00513327466378677
57.0 0.004807100497474819
58.0 0.0045021765985869345
59.0 0.004216823792368555
60.0 0.003949513456539794
61.0 0.003698863574473135
62.0 0.0034636325673119313
63.0 0.0032427056711765113
64.0 0.0030350750956821496
65.0 0.0028398211965199047
66.0 0.0026561024064009555
67.0 0.0024831567187122818
68.0 0.0023203112833847486
69.0 0.0021669935943646104
70.0 0.0020227391266250095
71.0 0.0018871938853607308
72.0 0.001760112881290966
73.0 0.001641355638113153
74.0 0.00153087868702774
75.0 0.001428724643809453
76.0 0.0013350084753598725
77.0 0.0012499026415989654
78.0 0.0011736223934201743
79.0 0.0011064105928720502
80.0 0.0010485195498650306
81.0 0.0010001871217226463
82.0 0.0009616059015738781
83.0 0.0009328866314869683
84.0 0.0009140188088789929
85.0 0.0009048324105963059
86.0 0.0009049650027529082
87.0 0.0009138384401312089
88.0 0.000930648684421001
89.0 0.0009543707312698147
90.0 0.000983778454422449
91.0 0.0010174771014939113
92.0 0.001053944989566986
93.0 0.0010915809052136176
94.0 0.0011287544302286635
95.0 0.0011638572290079818
96.0 0.0011953537692275635
97.0 0.0012218299248614316
98.0 0.001242037644299351
99.0 0.0012549336359823225
100.0 0.0012597100189311165
101.0 0.0012558151749314447
102.0 0.0012429636022936127
103.0 0.0012211343268300821
104.0 0.0011905582553770589
105.0 0.001151695638170115
106.0 0.0011052054466364832
107.0 0.001051908921399228
108.0 0.0009927497722165247
109.0 0.0009287534918565282
110.0 0.0008609879702273581
111.0 0.0007905271059954718
112.0 0.0007184185243360577
113.0 0.0006456559767427161
114.0 0.0005731566481423678
115.0 0.0005017434596447054
116.0 0.0004321324563967301
117.0 0.0003649253752083644
118.0 0.00030060738261383394
119.0 0.00023954972742749043
120.0 0.00018201671649011882
121.0 0.00012817609884406927
122.0 7.811172326899102e-05
123.0 3.183726156495728e-05
124.0 -1.0690139634588845e-05
125.0 -4.955723439516149e-05
126.0 -8.488377848250846e-05
127.0 -0.0001168137469958968
128.0 -0.00014550873004773023
129.0 -0.00017114325240399897
130.0 -0.00019390151193572522
131.0 -0.00021397489690552703
132.0 -0.00023155965665758033
133.0 -0.00024685426109262383
134.0 -0.0002600562472155371
135.0 -0.00027135864191606053
136.0 -0.00028094628805824134
137.0 -0.0002889925240849294
138.0 -0.0002956566517443824
139.0 -0.00030108249098768593
140.0 -0.00030539811690772457
141.0 -0.00030871666460383204
142.0 -0.00031113792876451187
143.0 -0.0003127504061353935
144.0 -0.00031363343329292136
145.0 -0.00031385913955498426
146.0 -0.00031349403525254827
147.0 -0.00031260015994045255
148.0 -0.0003112358029964466
149.0 -0.0003094558705216863
150.0 -0.0003073120058231438
151.0 -0.00030485257867625913
152.0 -0.00030212264500158143
153.0 -0.0002991639479268125
154.0 -0.00029601498913991845
155.0 -0.00029271115425512584
156.0 -0.0002892848385131531
157.0 -0.00028576550093800256
158.0 -0.00028217958418580647
159.0 -0.00027855027462844246
160.0 -0.0002748971342723018
161.0 -0.0002712356963840293
162.0 -0.0002675771601520376
163.0 -0.00026392832937057576
164.0 -0.0002602919081978142
165.0 -0.0002566671982304792
166.0 -0.0002530511519110987
167.0 -0.00024943965110999595
168.0 -0.0002458288200655832
169.0 -0.0002422161652460954
170.0 -0.00023860136598732943
171.0 -0.0002349866110978989
172.0 -0.00023137646990679383
173.0 -0.00022777737831914017
174.0 -0.00022419688939598554
175.0 -0.00022064286861462308
176.0 -0.0002171228014470969
177.0 -0.00021364333141639543
178.0 -0.00021021007540869056
179.0 -0.00020682768923855003
180.0 -0.00020350009878366334
181.0 -0.00020023078307142812
182.0 -0.00019702299937663734
183.0 -0.0001938798715949039
184.0 -0.00019080431031859806
185.0 -0.0001877987821684248
186.0 -0.0001848649848274664
187.0 -0.00018200350542712637
188.0 -0.0001792135416904228
189.0 -0.00017649275053514092
190.0 -0.00017383726336585368
191.0 -0.00017124187728050395
192.0 -0.0001687004022683611
193.0 -0.00016620612023769633
194.0 -0.00016375229529434884
195.0 -0.00016133266816751392
196.0 -0.00015894187221304705
197.0 -0.0001565757238047141
198.0 -0.00015423136392839665
199.0 -0.0001519072559719348
200.0 -0.00014960307091068406
201.0 -0.00014731950890168113
202.0 -0.00014505811088104677
203.0 -0.0001428211035689822
204.0 -0.00014061129892814102
205.0 -0.0001384320409295295
206.0 -0.00013628716686942533
207.0 -0.00013418093553866945
208.0 -0.00013211787558477765
209.0 -0.00013010252528449027
210.0 -0.0001281390656258568
211.0 -0.00012623088415429428
212.0 -0.000124380137734997
213.0 -0.0001225873993191501
214.0 -0.00012085147128836857
215.0 -0.00011916942506701548
216.0 -0.00011753688755750833
217.0 -0.00011594854774649799
218.0 -0.00011439881180588247
219.0 -0.00011288250209067928
220.0 -0.00011139548194678467
221.0 -0.00010993509734668453
222.0 -0.00010850035649982781
223.0 -0.00010709181388943308
224.0 -0.00010571117689675537
225.0 -0.00010436070144529941
226.0 -0.00010304247899217164
227.0 -0.00010175773436948679
228.0 -0.00010050624980607143
229.0 -9.928600639062902e-05
230.0 -9.809309537953772e-05
231.0 -9.692190577912288e-05
232.0 -9.576555020022788e-05
233.0 -9.461645602268499e-05
234.0 -9.346702907467277e-05
235.0 -9.231029468094257e-05
236.0 -9.114043481082402e-05
237.0 -8.995316578489637e-05
238.0 -8.874593224379432e-05
239.0 -8.751792309147244e-05
240.0 -8.626993828849329e-05
241.0 -8.500414838736749e-05
242.0 -8.372379109858815e-05
243.0 -8.243284307006276e-05
244.0 -8.11356942774183e-05
245.0 -7.983684125106355e-05
246.0 -7.854060731707772e-05
247.0 -7.725089493894398e-05
248.0 -7.597097693195845e-05
249.0 -7.470333785547899e-05
250.0 -7.344958134898482e-05
251.0 -7.221042063392759e-05
252.0 -7.09857658271286e-05
253.0 -6.977491258912078e-05
254.0 -6.857682311946197e-05
255.0 -6.739047514093989e-05
256.0 -6.621524054785017e-05
257.0 -6.505124602451833e-05
258.0 -6.389966554527363e-05
259.0 -6.276290026928731e-05
260.0 -6.164461440098917e-05
261.0 -6.054961411779666e-05
262.0 -5.948357766954253e-05
263.0 -5.845266479951963e-05
264.0 -5.746304952206858e-05
265.0 -5.652042960932289e-05
266.0 -5.5629567670838835e-05
267.0 -5.4793912578024875e-05
268.0 -5.40153375559119e-05
269.0 -5.3294014826520615e-05
270.0 -5.2628428997019317e-05
271.0 -5.20155151498434e-05
272.0 -5.1450895019851585e-05
273.0 -5.092917711368144e-05
274.0 -5.04442845503567e-05
275.0 -4.998977727568983e-05
276.0 -4.9559141920237976e-05
277.0 -4.914603134276107e-05
278.0 -4.874444519712446e-05
279.0 -4.834885129474349e-05
280.0 -4.7954254159294436e-05
281.0 -4.755622153555217e-05
282.0 -4.715088171805112e-05
283.0 -4.673490472188326e-05
284.0 -4.630547900073517e-05
285.0 -4.586029311493544e-05
286.0 -4.539752888014087e-05
287.0 -4.491586939577008e-05
288.0 -4.441452218714547e-05
289.0 -4.38932546853226e-05
290.0 -4.335243660772538e-05
291.0 -4.279308170879874e-05
292.0 -4.221688007451561e-05
293.0 -4.162621183449437e-05
294.0 -4.102413397612784e-05
295.0 -4.0414333848709626e-05
296.0 -3.98010457765806e-05
297.0 -3.9188930652475404e-05
298.0 -3.8582922056801236e-05
299.0 -3.798804591293574e-05
