10.0 0.43543092615095114
11.0 0.3746406689787603
12.0 0.32413089169618264
13.0 0.28194655420700854
14.0 0.24645110938380063
15.0 0.21642098701567292
16.0 0.19087661913222848
17.0 0.1690460820259953
18.0 0.15029201409079881
19.0 0.1341135458762803
20.0 0.12004287380210801
21.0 0.10780663605629853
22.0 0.09706602457155843
23.0 0.08766419791043474
24.0 0.0793724977313107
25.0 0.07203082740313213
26.0 0.06551072511548768
27.0 0.05970078939964541
28.0 0.054504487310225995
29.0 0.04987644065660759
30.0 0.04571154008865099
31.0 0.04194603923043586
32.0 0.03856797961770239
33.0 0.03550126358472324
34.0 0.03272674133329095
35.0 0.03020106901050312
36.0 0.027912560093955995
37.0 0.025811439370904604
38.0 0.023908789785162133
39.0 0.022164270900350905
40.0 0.020559570828234237
41.0 0.0190891600883543
42.0 0.017746085093465848
43.0 0.016507534600375677
44.0 0.015364824665065406
45.0 0.0143098909686856
46.0 0.013335380829217059
47.0 0.012434672439472437
48.0 0.011601614316545847
49.0 0.01083041439953952
50.0 0.010115787387914611
51.0 0.009452897315957566
52.0 0.008837525588605457
53.0 0.008265642693140904
54.0 0.007733496242671688
55.0 0.007237632843369431
56.0 0.006775029878403346
57.0 0.0063429513114181746
58.0 0.005938831669496526
59.0 0.00556031538368053
60.0 0.0052052775994903015
61.0 0.004873653146255193
62.0 0.004565352615208498
63.0 0.004275099002576147
64.0 0.004001444353354301
65.0 0.0037430899615123153
66.0 0.0035018939303511653
67.0 0.0032764500360339915
68.0 0.003062853063382968
69.0 0.0028603004889716367
70.0 0.0026720501088161423
71.0 0.0024956613246483643
72.0 0.0023283138970819563
73.0 0.0021712661065834368
74.0 0.002027544960434312
75.0 0.0018918381025265
76.0 0.0017653072587004526
77.0 0.0016530517433527112
78.0 0.001548516925151623
79.0 0.0014548182047460128
80.0 0.0013754403110208915
81.0 0.0013036372349798534
82.0 0.001247906558789696
83.0 0.0012040335885321013
84.0 0.001169546841692477
85.0 0.0011548595676635302
86.0 0.001146876523663681
87.0 0.0011569030915241033
88.0 0.0011763612729139123
89.0 0.0012068802123081591
90.0 0.0012489106444118045
91.0 0.001296068791914954
92.0 0.0013523539138057166
93.0 0.0014098840339192044
94.0 0.0014692391623480645
95.0 0.0015272707270962678
96.0 0.001578808889635069
97.0 0.001626011966156907
98.0 0.001660456759715287
99.0 0.001687596807003211
100.0 0.0016976277555014606
101.0 0.001698974773495739
102.0 0.0016805633192168695
103.0 0.0016544880628979078
104.0 0.001607812372661414
105.0 0.0015563451346879212
106.0 0.0014852087328767305
107.0 0.0014126699233888067
108.0 0.0013237146620785915
109.0 0.0012347594007683766
110.0 0.0011366997211926715
111.0 0.0010378348852536198
112.0 0.0009373769795132715
113.0 0.0008362845779334766
114.0 0.0007372040783862302
115.0 0.0006404192789520438
116.0 0.0005451893539959913
117.0 0.0004573642788356413
118.0 0.00036953920367529137
119.0 0.00029148251357624596
120.0 0.00021537448182726873
121.0 0.00014496989600167382
122.0 8.163348045657998e-05
123.0 1.8438720735562552e-05
124.0 -3.228441826466167e-05
125.0 -8.300755726488589e-05
126.0 -0.0001276464391854955
127.0 -0.00016681775219367148
128.0 -0.00020598906520184746
129.0 -0.00023512981932742415
130.0 -0.0002641893023165765
131.0 -0.0002898216712658699
132.0 -0.00031044057612920835
133.0 -0.00033105948099254677
134.0 -0.00034643184275719743
135.0 -0.00036021801760777975
136.0 -0.00037359528948465646
137.0 -0.0003820283620890048
138.0 -0.0003904614346933531
139.0 -0.0003975319149079344
140.0 -0.0004018427459600151
141.0 -0.0004061535770120957
142.0 -0.000408838848600747
143.0 -0.0004100781651774962
144.0 -0.00041131748175424546
145.0 -0.0004110563327988772
146.0 -0.0004100606104834046
147.0 -0.000409064888167932
148.0 -0.0004068757557103695
149.0 -0.0004043008314282666
150.0 -0.00040172590714616355
151.0 -0.0003983078151577709
152.0 -0.0003946535282882437
153.0 -0.00039099924141871635
154.0 -0.0003868230017377051
155.0 -0.00038246956134522196
156.0 -0.0003781161209527388
157.0 -0.00037349033083275657
158.0 -0.0003687182926806109
159.0 -0.0003639462545284653
160.0 -0.00035907622707304754
161.0 -0.0003541050869609326
162.0 -0.0003491339468488176
163.0 -0.0003441521717125752
164.0 -0.0003391416256272961
165.0 -0.000334131079542017
166.0 -0.0003291205334567379
167.0 -0.0003241759706129614
168.0 -0.00031923258191739624
169.0 -0.0003142891932218311
170.0 -0.00030945126905442493
171.0 -0.000304675619810258
172.0 -0.00029989997056609105
173.0 -0.0002951723402241714
174.0 -0.00029062842785014406
175.0 -0.00028608451547611685
176.0 -0.0002815406031020896
177.0 -0.00027717875380011385
178.0 -0.00027288891843747055
179.0 -0.0002685990830748273
180.0 -0.00026434651488356644
181.0 -0.00026029648755459655
182.0 -0.0002562464602256266
183.0 -0.00025219643289665667
184.0 -0.0002482686362776646
185.0 -0.00024445263217901246
186.0 -0.00024063662808036028
187.0 -0.0002368206239817081
188.0 -0.0002331762574120422
189.0 -0.00022957064357515442
190.0 -0.00022596502973826665
191.0 -0.00022236749296537084
192.0 -0.00021899645144562793
193.0 -0.00021562540992588495
194.0 -0.00021225436840614204
195.0 -0.00020892957367534104
196.0 -0.00020582029850711454
197.0 -0.000202711023338888
198.0 -0.0001996017481706615
199.0 -0.0001965590507742521
200.0 -0.0001937260560865441
201.0 -0.00019089306139883605
202.0 -0.000188060066711128
203.0 -0.00018528055762473893
204.0 -0.00018268445598233331
205.0 -0.00018008835433992772
206.0 -0.00017749225269752207
207.0 -0.0001749187979602325
208.0 -0.0001724976194925712
209.0 -0.00017007644102490989
210.0 -0.00016765526255724857
211.0 -0.00016523408408958726
212.0 -0.00016295439586471803
213.0 -0.00016068209104205374
214.0 -0.00015840978621938943
215.0 -0.00015613748139672512
216.0 -0.00015395016487430505
217.0 -0.00015180158388230047
218.0 -0.00014965300289029586
219.0 -0.00014750442189829122
220.0 -0.00014540568511009068
221.0 -0.00014340487569145676
222.0 -0.00014140406627282287
223.0 -0.00013940325685418893
224.0 -0.00013740244743555503
225.0 -0.0001355770920397669
226.0 -0.00013377126964780946
227.0 -0.00013196544725585198
228.0 -0.0001301596248638945
229.0 -0.00012842267075614304
230.0 -0.00012680163079487836
231.0 -0.00012518059083361374
232.0 -0.00012355955087234907
233.0 -0.00012193851091108443
234.0 -0.00012039695887043889
235.0 -0.00011888132370555658
236.0 -0.00011736568854067429
237.0 -0.00011585005337579197
238.0 -0.0001143346572868306
239.0 -0.00011282468203027236
240.0 -0.00011131470677371414
241.0 -0.00010980473151715591
242.0 -0.00010829475626059769
243.0 -0.00010676836552689989
244.0 -0.000105188588754999
245.0 -0.0001036088119830981
246.0 -0.00010202903521119722
247.0 -0.00010044925843929633
248.0 -9.886664191204351e-05
249.0 -9.727828576303877e-05
250.0 -9.568992961403404e-05
251.0 -9.41015734650293e-05
252.0 -9.251321731602456e-05
253.0 -9.095385387896236e-05
254.0 -8.945395727082932e-05
255.0 -8.795406066269627e-05
256.0 -8.645416405456324e-05
257.0 -8.495426744643018e-05
258.0 -8.34907620912464e-05
259.0 -8.215373940201231e-05
260.0 -8.081671671277823e-05
261.0 -7.947969402354415e-05
262.0 -7.814267133431005e-05
263.0 -7.680913922969348e-05
264.0 -7.569029328386429e-05
265.0 -7.457144733803512e-05
266.0 -7.345260139220593e-05
267.0 -7.233375544637675e-05
268.0 -7.121490950054756e-05
269.0 -7.02392214386704e-05
270.0 -6.932390730979958e-05
271.0 -6.840859318092879e-05
272.0 -6.749327905205799e-05
273.0 -6.657796492318718e-05
274.0 -6.570539288167963e-05
275.0 -6.49408891825496e-05
276.0 -6.417638548341956e-05
277.0 -6.341188178428953e-05
278.0 -6.264737808515949e-05
279.0 -6.188287438602947e-05
280.0 -6.118024384058103e-05
281.0 -6.049780295688555e-05
282.0 -5.981536207319006e-05
283.0 -5.913292118949457e-05
284.0 -5.8450480305799085e-05
285.0 -5.777411941953148e-05
286.0 -5.714556585100564e-05
287.0 -5.651701228247981e-05
288.0 -5.5888458713953965e-05
289.0 -5.5259905145428126e-05
290.0 -5.4631351576902295e-05
291.0 -5.4026989343559965e-05
292.0 -5.3466061437869684e-05
293.0 -5.29051335321794e-05
294.0 -5.234420562648912e-05
295.0 -5.178327772079884e-05
296.0 -5.122234981510856e-05
297.0 -5.069562085226431e-05
298.0 -5.020500912080881e-05
299.0 -4.971439738935331e-05
