10.0 0.43833627017011684
11.0 0.3649430473095515
12.0 0.30617283993514777
13.0 0.2585618481701562
14.0 0.21961205303071288
15.0 0.18748485143838267
16.0 0.16080258459018054
17.0 0.13851244665693954
18.0 0.11979507154333052
19.0 0.10400507792638598
20.0 0.09063015113805453
21.0 0.07926018818088541
22.0 0.06956348380397454
23.0 0.061268923031517326
24.0 0.05415316630907575
25.0 0.04803143688705478
26.0 0.04275046597261016
27.0 0.03818266018681923
28.0 0.034221245891547
29.0 0.030776437856678916
30.0 0.02777251424832238
31.0 0.025145497901846985
32.0 0.022841212823978586
33.0 0.02081365373550389
34.0 0.019023676041960376
35.0 0.017437969763487653
36.0 0.016028215745520102
37.0 0.01477032783021205
38.0 0.01364376858748803
39.0 0.012630990842114245
40.0 0.011717022497921902
41.0 0.010889131800985021
42.0 0.010136497208321325
43.0 0.009449876784317813
44.0 0.00882133240380533
45.0 0.008244042233500535
46.0 0.007712169816428199
47.0 0.007220735132725027
48.0 0.006765471885084526
49.0 0.006342697949370418
50.0 0.005949222558023186
51.0 0.005582280568935429
52.0 0.005239468556974939
53.0 0.004918674189999985
54.0 0.0046180124319988485
55.0 0.004335783156440492
56.0 0.00407044902587995
57.0 0.0038206215418821847
58.0 0.003585046985541095
59.0 0.003362593621031316
60.0 0.003152244566527563
61.0 0.0029530955385651376
62.0 0.002764351130217722
63.0 0.0025853141726072666
64.0 0.002415369231242383
65.0 0.002253967305388964
66.0 0.00210061932044043
67.0 0.001954901057113803
68.0 0.0018164659283363388
69.0 0.0016850589387932377
70.0 0.0015605265503010923
71.0 0.001442820797364459
72.0 0.0013319985716354656
73.0 0.0012282171144031738
74.0 0.0011317256368663959
75.0 0.0010428526623165453
76.0 0.0009619897310936221
77.0 0.0008895732249591719
78.0 0.0008260657012284548
79.0 0.0007719362531858353
80.0 0.0007276375828599045
81.0 0.0006935772635485401
82.0 0.0006700822820378536
83.0 0.0006573582816527695
84.0 0.0006554467645792026
85.0 0.0006641844520529883
86.0 0.0006831693071147067
87.0 0.0007117376021724494
88.0 0.0007489556643428957
89.0 0.0007936283070811761
90.0 0.0008443236866154766
91.0 0.0008994121637781875
92.0 0.0009571154916395004
93.0 0.0010155625468573398
94.0 0.0010728484980791198
95.0 0.0011270950966998118
96.0 0.0011765102065666973
97.0 0.0012194446791891538
98.0 0.0012544444426725255
99.0 0.0012802954836272618
100.0 0.0012960594489474066
101.0 0.0013010979453323458
102.0 0.0012950842452676115
103.0 0.0012780019344633521
104.0 0.0012501309352785565
105.0 0.0012120221870967661
106.0 0.0011644629624412964
107.0 0.0011084352926014
108.0 0.0010450702372829693
109.0 0.0009756007328333595
110.0 0.0009013154834937495
111.0 0.00082351586323239
112.0 0.0007434771873670313
113.0 0.0006624151506802529
114.0 0.0005814578403949962
115.0 0.0005016235522119012
116.0 0.0004238045922414138
117.0 0.000348757205439196
118.0 0.00027709762119379326
119.0 0.00020930391793590606
120.0 0.0001457230370663596
121.0 8.658192464835497e-05
122.0 3.2001539754833684e-05
123.0 -1.7987613667181855e-05
124.0 -6.342970410708764e-05
125.0 -0.00010442862182039738
126.0 -0.0001411346701507415
127.0 -0.0001737333824794729
128.0 -0.00020243659761117548
129.0 -0.00022747559053164356
130.0 -0.0002490957866687528
131.0 -0.00026755243906576243
132.0 -0.0002831066527772773
133.0 -0.00029602129585849557
134.0 -0.00030655659642299366
135.0 -0.00031496551500849923
136.0 -0.00032148921871833977
137.0 -0.00032635310544593794
138.0 -0.0003297638083956748
139.0 -0.00033190747175274846
140.0 -0.00033294937940747974
141.0 -0.00033303480456960355
142.0 -0.0003322907843997329
143.0 -0.0003308284417253585
144.0 -0.00032874547841802614
145.0 -0.000326128532574615
146.0 -0.00032305519399509645
147.0 -0.00031959558020683493
148.0 -0.00031581346749359995
149.0 -0.00031176703756505015
150.0 -0.0003075093384621858
151.0 -0.00030308857032219276
152.0 -0.00029854829649462897
153.0 -0.00029392765256001864
154.0 -0.000289261585824315
155.0 -0.0002845811142635879
156.0 -0.00027991355768940503
157.0 -0.0002752826765700113
158.0 -0.000270708663557127
159.0 -0.000266207970119611
160.0 -0.00026179300720523626
161.0 -0.00025747181790944704
162.0 -0.0002532478616898344
163.0 -0.0002491200568597669
164.0 -0.0002450831933794941
165.0 -0.0002411287564112021
166.0 -0.00023724610956891193
167.0 -0.00023342389910648717
168.0 -0.00022965148015956577
169.0 -0.0002259201501932101
170.0 -0.00022222400776674217
171.0 -0.00021856032845931077
172.0 -0.0002149294458015457
173.0 -0.00021133421975319728
174.0 -0.0002077792463161966
175.0 -0.00020426999384395842
176.0 -0.00020081203955199414
177.0 -0.00019741052992479152
178.0 -0.00019406991641781026
179.0 -0.00019079394286770983
180.0 -0.0001875858021524408
181.0 -0.00018444834977773995
182.0 -0.00018138426521610156
183.0 -0.00017839608292615985
184.0 -0.000175486062370502
185.0 -0.00017265591586393256
186.0 -0.0001699064523233454
187.0 -0.000167237216314129
188.0 -0.00016464620332045057
189.0 -0.00016212971686134386
190.0 -0.00015968240667620995
191.0 -0.00015729749608264147
192.0 -0.00015496717632498643
193.0 -0.00015268312051894126
194.0 -0.00015043705271493356
195.0 -0.0001482213008111473
196.0 -0.00014602926672847405
197.0 -0.00014385576314766493
198.0 -0.00014169719087495601
199.0 -0.00013955155996312678
200.0 -0.0001374183848014691
201.0 -0.00013529850198378294
202.0 -0.00013319386498988287
203.0 -0.00013110736004158204
204.0 -0.0001290426655717721
205.0 -0.0001270041499742109
206.0 -0.0001249967771465361
207.0 -0.0001230259748989658
208.0 -0.00012109742284661593
209.0 -0.00011921673469694826
210.0 -0.0001173890407228248
211.0 -0.00011561851161382685
212.0 -0.00011390789499515965
213.0 -0.00011225815176036566
214.0 -0.00011066827535871748
215.0 -0.00010913535254304656
216.0 -0.00010765488317426351
217.0 -0.00010622132794399183
218.0 -0.0001048288068349328
219.0 -0.00010347183790941724
220.0 -0.00010214599302827713
221.0 -0.00010084835748347614
222.0 -9.95777125466464e-05
223.0 -9.8334407475043e-05
224.0 -9.711994147159384e-05
225.0 -9.593632628437435e-05
226.0 -9.478533732369108e-05
227.0 -9.366777883783844e-05
228.0 -9.258288412891082e-05
229.0 -9.152794653308865e-05
230.0 -9.049823623567733e-05
231.0 -8.948720989044985e-05
232.0 -8.848697343403373e-05
233.0 -8.748892165618991e-05
234.0 -8.648445689781054e-05
235.0 -8.54656861989542e-05
236.0 -8.442601009695342e-05
237.0 -8.33605426450245e-05
238.0 -8.226633461606912e-05
239.0 -8.114240334006812e-05
240.0 -7.998959739003838e-05
241.0 -7.881033889804502e-05
242.0 -7.760829002855645e-05
243.0 -7.638798507707311e-05
244.0 -7.515445956371448e-05
245.0 -7.39128968292887e-05
246.0 -7.266830453493682e-05
247.0 -7.142522998048575e-05
248.0 -7.018752414909478e-05
249.0 -6.895816798080952e-05
250.0 -6.773917771657881e-05
251.0 -6.653160638011488e-05
252.0 -6.533565364105557e-05
253.0 -6.415088601924699e-05
254.0 -6.297655491424022e-05
255.0 -6.181198391247411e-05
256.0 -6.065698258566885e-05
257.0 -5.951223479456203e-05
258.0 -5.837960773469447e-05
259.0 -5.726233458265951e-05
260.0 -5.616503798243304e-05
261.0 -5.509358163245044e-05
262.0 -5.405475972941116e-05
263.0 -5.305585539907952e-05
264.0 -5.210411614667445e-05
265.0 -5.1206204274105996e-05
266.0 -5.0367681863408497e-05
267.0 -4.959258344194707e-05
268.0 -4.888311625076385e-05
269.0 -4.823951052713456e-05
270.0 -4.766002327801093e-05
271.0 -4.714108151624221e-05
272.0 -4.667753720205929e-05
273.0 -4.626299766751443e-05
274.0 -4.589019258719691e-05
275.0 -4.555134112168905e-05
276.0 -4.523848948524163e-05
277.0 -4.494379824178315e-05
278.0 -4.465976841232227e-05
279.0 -4.437940451225977e-05
280.0 -4.4096319896407384e-05
281.0 -4.3804794745855385e-05
282.0 -4.3499799622535454e-05
283.0 -4.317699801922886e-05
284.0 -4.283274020165267e-05
285.0 -4.246405836840848e-05
286.0 -4.206867018156415e-05
287.0 -4.1644994391767885e-05
288.0 -4.1192178866038024e-05
289.0 -4.071013805853498e-05
290.0 -4.019959408181341e-05
291.0 -3.96621132920998e-05
292.0 -3.910012895454046e-05
293.0 -3.8516940312774336e-05
294.0 -3.791667936698281e-05
295.0 -3.730423883451076e-05
296.0 -3.668515793730192e-05
297.0 -3.606546649153339e-05
298.0 -3.545149183011769e-05
299.0 -3.4849636897302345e-05
