10.0 0.3913905853114275
11.0 0.337927384235311
12.0 0.2923793121582636
13.0 0.25357814314210325
14.0 0.220506002377577
15.0 0.19226747686696538
16.0 0.16810751575854116
17.0 0.14743094452831518
18.0 0.12967065301905864
19.0 0.11439703500558808
20.0 0.10117658709960624
21.0 0.08975684921378439
22.0 0.0798127321117061
23.0 0.07119293015166632
24.0 0.06367192155146117
25.0 0.057089685973554086
26.0 0.0513166712196051
27.0 0.04623955069398675
28.0 0.04175992771528298
29.0 0.037829011118030685
30.0 0.0343409344768484
31.0 0.031230792297407987
32.0 0.028482793287322592
33.0 0.02602194461711915
34.0 0.023826896396146584
35.0 0.021854750889132493
36.0 0.020091844996683875
37.0 0.01849160891470526
38.0 0.017060644057106958
39.0 0.015762352016307105
40.0 0.014579503743659428
41.0 0.013505688000334708
42.0 0.012533474188465472
43.0 0.011643234888145925
44.0 0.010827069032998652
45.0 0.010077838090741413
46.0 0.009389105262819823
47.0 0.008755074261996296
48.0 0.008170528291773404
49.0 0.007630774281604176
50.0 0.00713159412473618
51.0 0.006669199845486353
52.0 0.006240187117090681
53.0 0.005841490011781179
54.0 0.005470343221728914
55.0 0.005124254302489867
56.0 0.004800978797049066
57.0 0.004498493755611988
58.0 0.0042149715030293175
59.0 0.003948757963432922
60.0 0.003698355453269622
61.0 0.0034636534793768266
62.0 0.0032444376166663753
63.0 0.0030371186727120034
64.0 0.0028406721526722943
65.0 0.002654179853116821
66.0 0.0024787380266822704
67.0 0.0023132974919525392
68.0 0.0021552928288669894
69.0 0.002004165025176027
70.0 0.001861805959740402
71.0 0.0017266025657538646
72.0 0.0015968363936784344
73.0 0.0014732486652679765
74.0 0.0013577253891240277
75.0 0.0012471438135301471
76.0 0.0011422508982179697
77.0 0.001046730211932689
78.0 0.0009566130613607428
79.0 0.0008742071350374963
80.0 0.0008031867977536314
81.0 0.0007385256818246898
82.0 0.0006880734001704409
83.0 0.0006495082719608427
84.0 0.0006203526769838737
85.0 0.0006136129994173915
86.0 0.0006150003101359039
87.0 0.0006390123679818091
88.0 0.0006762756793487169
89.0 0.0007290791639844495
90.0 0.0007997587875711777
91.0 0.0008784012145316031
92.0 0.0009731614538107508
93.0 0.0010702344292086417
94.0 0.0011728395980038736
95.0 0.001273828197890084
96.0 0.0013668859121839353
97.0 0.0014536550739592147
98.0 0.001521916844612711
99.0 0.0015792908707295444
100.0 0.0016111637377400148
101.0 0.0016303273615584078
102.0 0.001620573753818059
103.0 0.0016000675961218166
104.0 0.0015506583960906387
105.0 0.0014950434041272039
106.0 0.0014139538171147224
107.0 0.0013312702453695986
108.0 0.001229927638877994
109.0 0.0011285850323863892
110.0 0.0010196715693849732
111.0 0.0009100885717557418
112.0 0.0008020033028654942
113.0 0.0006945145568976767
114.0 0.0005914834699303982
115.0 0.0004935388375250042
116.0 0.0003980005247258251
117.0 0.000313921937772722
118.0 0.0002298433508196188
119.0 0.00015867553963917871
120.0 9.008325049819201e-05
121.0 2.8257485872027335e-05
122.0 -2.5182655725457192e-05
123.0 -7.846973120182611e-05
124.0 -0.00011828060391559262
125.0 -0.00015809147662935915
126.0 -0.00019182696670371854
127.0 -0.00022010286281028558
128.0 -0.00024837875891685265
129.0 -0.0002674140990539693
130.0 -0.0002863745689377312
131.0 -0.0003024004163762011
132.0 -0.0003141332569102628
133.0 -0.0003258660974443245
134.0 -0.00033344882855206487
135.0 -0.00033977685744157143
136.0 -0.00034580694419547185
137.0 -0.0003482345008020119
138.0 -0.00035066205740855194
139.0 -0.00035218918486936167
140.0 -0.0003518926792638431
141.0 -0.0003515961736583246
142.0 -0.0003503354712157836
143.0 -0.000348217103901352
144.0 -0.0003460987365869204
145.0 -0.00034320555432066946
146.0 -0.00033993305083014906
147.0 -0.00033666054733962855
148.0 -0.00033286159666659503
149.0 -0.0003288924622387039
150.0 -0.00032492332781081286
151.0 -0.0003206560510299187
152.0 -0.0003163052562287025
153.0 -0.0003119544614274863
154.0 -0.0003074845431053922
155.0 -0.00030297418286558413
156.0 -0.000298463822625776
157.0 -0.0002939405049050212
158.0 -0.00028941022919643335
159.0 -0.0002848799534878455
160.0 -0.000280387700219007
161.0 -0.0002759346813336041
162.0 -0.0002714816624482012
163.0 -0.0002670684389324337
164.0 -0.0002627628738984856
165.0 -0.0002584573088645375
166.0 -0.0002541517438305894
167.0 -0.00025003984375120944
168.0 -0.00024593138987051333
169.0 -0.00024182293598981716
170.0 -0.00023786315784676663
171.0 -0.00023399117007561686
172.0 -0.00023011918230446708
173.0 -0.00022630209724288004
174.0 -0.00022269506725878556
175.0 -0.0002190880372746911
176.0 -0.00021548100729059663
177.0 -0.00021207072229499098
178.0 -0.0002087382585813474
179.0 -0.00020540579486770378
180.0 -0.00020210902489625773
181.0 -0.00019900624446184687
182.0 -0.000195903464027436
183.0 -0.00019280068359302512
184.0 -0.00018978859682673667
185.0 -0.00018685945872155067
186.0 -0.00018393032061636474
187.0 -0.00018100118251117877
188.0 -0.00017818016367617345
189.0 -0.0001753835562691945
190.0 -0.0001725869488622156
191.0 -0.00016979608859712752
192.0 -0.00016716638842174174
193.0 -0.00016453668824635597
194.0 -0.00016190698807097017
195.0 -0.00015932035061373524
196.0 -0.00015693439429332045
197.0 -0.0001545484379729056
198.0 -0.00015216248165249077
199.0 -0.00014983926491796034
200.0 -0.00014771366160219818
201.0 -0.00014558805828643605
202.0 -0.00014346245497067392
203.0 -0.00014138275848500913
204.0 -0.00013946048108339523
205.0 -0.00013753820368178136
206.0 -0.00013561592628016746
207.0 -0.00013370901009960155
208.0 -0.00013190538173810578
209.0 -0.00013010175337661
210.0 -0.00012829812501511425
211.0 -0.00012649449665361846
212.0 -0.0001247612435687504
213.0 -0.00012303166288533116
214.0 -0.00012130208220191194
215.0 -0.00011957250151849271
216.0 -0.00011789008656201061
217.0 -0.00011622916855799242
218.0 -0.00011456825055397425
219.0 -0.00011290733254995605
220.0 -0.00011128233452061329
221.0 -0.00010972790735741753
222.0 -0.00010817348019422177
223.0 -0.00010661905303102601
224.0 -0.00010506462586783024
225.0 -0.00010367259806700755
226.0 -0.00010229864991643096
227.0 -0.00010092470176585437
228.0 -9.95507536152778e-05
229.0 -9.825262420478593e-05
230.0 -9.708210744859421e-05
231.0 -9.591159069240251e-05
232.0 -9.47410739362108e-05
233.0 -9.357055718001908e-05
234.0 -9.249407142641449e-05
235.0 -9.144824429103718e-05
236.0 -9.040241715565989e-05
237.0 -8.935659002028258e-05
238.0 -8.830847467528974e-05
239.0 -8.720847622646517e-05
240.0 -8.610847777764061e-05
241.0 -8.500847932881603e-05
242.0 -8.390848087999146e-05
243.0 -8.277027184578531e-05
244.0 -8.150779522230335e-05
245.0 -8.024531859882141e-05
246.0 -7.898284197533946e-05
247.0 -7.772036535185753e-05
248.0 -7.644003832814297e-05
249.0 -7.512363265230578e-05
250.0 -7.380722697646859e-05
251.0 -7.249082130063142e-05
252.0 -7.117441562479423e-05
253.0 -6.988663306917416e-05
254.0 -6.86575592744573e-05
255.0 -6.742848547974044e-05
256.0 -6.619941168502359e-05
257.0 -6.497033789030673e-05
258.0 -6.377603330821558e-05
259.0 -6.270257377402659e-05
260.0 -6.162911423983759e-05
261.0 -6.05556547056486e-05
262.0 -5.9482195171459605e-05
263.0 -5.8412010734218496e-05
264.0 -5.754325902542976e-05
265.0 -5.667450731664103e-05
266.0 -5.5805755607852294e-05
267.0 -5.4937003899063546e-05
268.0 -5.406825219027481e-05
269.0 -5.33422661863101e-05
270.0 -5.2676488721761494e-05
271.0 -5.2010711257212895e-05
272.0 -5.1344933792664295e-05
273.0 -5.067915632811569e-05
274.0 -5.0050598097097866e-05
275.0 -4.951614432190712e-05
276.0 -4.898169054671638e-05
277.0 -4.844723677152563e-05
278.0 -4.791278299633488e-05
279.0 -4.7378329221144134e-05
280.0 -4.6870301021369794e-05
281.0 -4.6370895679774453e-05
282.0 -4.587149033817911e-05
283.0 -4.537208499658377e-05
284.0 -4.4872679654988424e-05
285.0 -4.4374784541839025e-05
286.0 -4.388876442897281e-05
287.0 -4.340274431610659e-05
288.0 -4.2916724203240366e-05
289.0 -4.243070409037415e-05
290.0 -4.194468397750793e-05
291.0 -4.148014342813543e-05
292.0 -4.105416835650661e-05
293.0 -4.062819328487778e-05
294.0 -4.020221821324895e-05
295.0 -3.9776243141620126e-05
296.0 -3.9350268069991295e-05
297.0 -3.895926975134963e-05
298.0 -3.860521010319705e-05
299.0 -3.825115045504447e-05
