10.0 0.444316682843
11.0 0.377653555874
12.0 0.323859795895
13.0 0.279880074012
14.0 0.243514858238
15.0 0.213148761426
16.0 0.187574503102
17.0 0.165872161942
18.0 0.147328036535
19.0 0.131381845671
20.0 0.117590376578
21.0 0.105600072621
22.0 0.0951258818107
23.0 0.0859354479601
24.0 0.0778377444718
25.0 0.0706749168718
26.0 0.0643160522109
27.0 0.0586520444273
28.0 0.0535913361886
29.0 0.049056577302
30.0 0.0449820932123
31.0 0.0413118959101
32.0 0.0379980307981
33.0 0.0349992028131
34.0 0.0322796868898
35.0 0.02980848915
36.0 0.0275586675883
37.0 0.0255067259483
38.0 0.0236320690215
39.0 0.0219165650452
40.0 0.0203442302736
41.0 0.018900979744
42.0 0.0175743769143
43.0 0.0163533776639
44.0 0.0152281177448
45.0 0.0141897735348
46.0 0.0132304682959
47.0 0.0123431758573
48.0 0.0115216081281
49.0 0.0107601106961
50.0 0.0100535877885
51.0 0.00939744844233
52.0 0.00878755188058
53.0 0.00822014489555
54.0 0.00769180357943
55.0 0.00719939263739
56.0 0.00674004155312
57.0 0.00631112714116
58.0 0.00591025537039
59.0 0.00553524386472
60.0 0.00518410914442
61.0 0.0048550580384
62.0 0.00454647775946
63.0 0.00425691990043
64.0 0.00398507935217
65.0 0.00372977445975
66.0 0.00348993518376
67.0 0.0032646016422
68.0 0.00305292987947
69.0 0.00285419898093
70.0 0.00266781488013
71.0 0.00249330941546
72.0 0.00233033547548
73.0 0.0021786591804
74.0 0.00203814905602
75.0 0.00190876186688
76.0 0.00179052569886
77.0 0.00168352186375
78.0 0.00158786686317
79.0 0.0015036939761
80.0 0.00143113239602
81.0 0.00137028164171
82.0 0.00132118037669
83.0 0.00128377082124
84.0 0.00125786155592
85.0 0.00124309233912
86.0 0.00123890482966
87.0 0.00124452300015
88.0 0.00125894637333
89.0 0.0012809577907
90.0 0.00130914543341
91.0 0.00134193692869
92.0 0.00137764228556
93.0 0.00141450233898
94.0 0.00145074000347
95.0 0.00148461235735
96.0 0.00151446197246
97.0 0.00153876590047
98.0 0.00155618051197
99.0 0.00156558020741
100.0 0.00156608804514
101.0 0.00155709662215
102.0 0.00153827808003
103.0 0.0015095828174
104.0 0.00147122726651
105.0 0.00142367182358
106.0 0.00136759062821
107.0 0.00130383531762
108.0 0.00123339511099
109.0 0.00115735558217
110.0 0.00107685824771
111.0 0.000993062668143
112.0 0.000907112235126
113.0 0.000820104333235
114.0 0.000733065235554
115.0 0.000646929945738
116.0 0.000562527170128
117.0 0.000480569574647
118.0 0.000401649354027
119.0 0.00032623888789
120.0 0.000254695929217
121.0 0.00018727245698
122.0 0.000124126108627
123.0 6.5333030407e-05
124.0 1.09010401038e-05
125.0 -3.92178410829e-05
126.0 -8.51161949887e-05
127.0 -0.000126921775096
128.0 -0.000164789955152
129.0 -0.000198897882113
130.0 -0.000229439922762
131.0 -0.000256623863936
132.0 -0.000280667332207
133.0 -0.000301794037121
134.0 -0.000320229672809
135.0 -0.00033619756931
136.0 -0.00034991439457
137.0 -0.00036158631513
138.0 -0.000371406006501
139.0 -0.000379550779589
140.0 -0.00038618190325
141.0 -0.000391445012243
142.0 -0.000395471343726
143.0 -0.000398379471696
144.0 -0.000400277210141
145.0 -0.000401263414651
146.0 -0.000401429502278
147.0 -0.000400860604211
148.0 -0.000399636347049
149.0 -0.000397831316593
150.0 -0.000395515291336
151.0 -0.000392753343149
152.0 -0.000389605893432
153.0 -0.000386128788014
154.0 -0.000382373418492
155.0 -0.000378386878968
156.0 -0.000374212114932
157.0 -0.000369888005671
158.0 -0.00036544933004
159.0 -0.000360926598564
160.0 -0.000356345784897
161.0 -0.00035172804209
162.0 -0.00034708952595
163.0 -0.000342441454253
164.0 -0.000337790499864
165.0 -0.000333139552528
166.0 -0.000328488803052
167.0 -0.000323837026002
168.0 -0.000319182883851
169.0 -0.000314526061458
170.0 -0.000309868069037
171.0 -0.000305212617205
172.0 -0.000300565552835
173.0 -0.000295934428422
174.0 -0.000291327840708
175.0 -0.000286754702717
176.0 -0.000282223602728
177.0 -0.00027774235966
178.0 -0.000273317820336
179.0 -0.000268955877733
180.0 -0.000264661637175
181.0 -0.000260439631035
182.0 -0.000256293985333
183.0 -0.000252228469182
184.0 -0.000248246400061
185.0 -0.000244350421735
186.0 -0.000240542206441
187.0 -0.000236822151806
188.0 -0.000233189144307
189.0 -0.000229640447493
190.0 -0.000226171749775
191.0 -0.000222777378979
192.0 -0.000219450663981
193.0 -0.000216184401432
194.0 -0.000212971370364
195.0 -0.000209804831498
196.0 -0.000206678952202
197.0 -0.000203589112125
198.0 -0.000200532066517
199.0 -0.000197505969999
200.0 -0.000194510287567
201.0 -0.00019154563614
202.0 -0.000188613604583
203.0 -0.000185716591628
204.0 -0.000182857681668
205.0 -0.000180040553853
206.0 -0.000177269397584
207.0 -0.000174548794774
208.0 -0.000171883530551
209.0 -0.00016927831034
210.0 -0.000166737388561
211.0 -0.000164264145579
212.0 -0.000161860676177
213.0 -0.000159527466844
214.0 -0.000157263235639
215.0 -0.000155064986514
216.0 -0.000152928293724
217.0 -0.000150847788761
218.0 -0.000148817781415
219.0 -0.000146832917123
220.0 -0.000144888761229
221.0 -0.000142982209957
222.0 -0.000141111656265
223.0 -0.000139276880839
224.0 -0.0001374786863
225.0 -0.000135718337143
226.0 -0.000133996900874
227.0 -0.000132314601486
228.0 -0.000130670292341
229.0 -0.000129061133187
230.0 -0.000127482520006
231.0 -0.000125928273809
232.0 -0.000124391053214
233.0 -0.000122862923065
234.0 -0.000121335992567
235.0 -0.000119803033751
236.0 -0.000118258003396
237.0 -0.000116696414904
238.0 -0.00011511553536
239.0 -0.000113514410885
240.0 -0.00011189374536
241.0 -0.000110255670483
242.0 -0.000108603448442
243.0 -0.000106941143982
244.0 -0.0001052732937
245.0 -0.000103604590739
246.0 -0.000101939595879
247.0 -0.00010028248291
248.0 -9.86368270542e-05
249.0 -9.70054483698e-05
250.0 -9.53903250562e-05
251.0 -9.37925917582e-05
252.0 -9.22126337183e-05
253.0 -9.06502785224e-05
254.0 -8.91050743682e-05
255.0 -8.75766295979e-05
256.0 -8.60649756341e-05
257.0 -8.45709073151e-05
258.0 -8.30962530631e-05
259.0 -8.16440331919e-05
260.0 -8.02184774023e-05
261.0 -7.88248902571e-05
262.0 -7.74693733497e-05
263.0 -7.61584318155e-05
264.0 -7.48985077984e-05
265.0 -7.36954922588e-05
266.0 -7.25542679597e-05
267.0 -7.14783307079e-05
268.0 -7.04695242249e-05
269.0 -6.95279084908e-05
270.0 -6.86517646197e-05
271.0 -6.78377238006e-05
272.0 -6.70809956671e-05
273.0 -6.63756639484e-05
274.0 -6.57150148456e-05
275.0 -6.50918658413e-05
276.0 -6.44988685173e-05
277.0 -6.39287669754e-05
278.0 -6.33746021145e-05
279.0 -6.28298600279e-05
280.0 -6.22885692104e-05
281.0 -6.17453556628e-05
282.0 -6.1195467274e-05
283.0 -6.06347793144e-05
284.0 -6.00597918711e-05
285.0 -5.94676280531e-05
286.0 -5.88560391661e-05
287.0 -5.82234201158e-05
288.0 -5.7568835284e-05
289.0 -5.68920522356e-05
290.0 -5.61935780752e-05
291.0 -5.54746912951e-05
292.0 -5.47374607779e-05
293.0 -5.39847434125e-05
294.0 -5.32201526688e-05
295.0 -5.24479924034e-05
296.0 -5.16731529933e-05
297.0 -5.0900970294e-05
298.0 -5.0137051518e-05
299.0 -4.9387075507e-05
