10.0 0.43708412160760535
11.0 0.36381396473946914
12.0 0.3052064092977656
13.0 0.2577742094872623
14.0 0.21900187201511442
15.0 0.18703910968516346
16.0 0.1605014926596902
17.0 0.13833322428263967
18.0 0.11971461452137959
19.0 0.10400167193363351
20.0 0.09068444179855246
21.0 0.07935561256953892
22.0 0.0696863389813723
23.0 0.0614082094197591
24.0 0.05430030710460608
25.0 0.04817994349040565
26.0 0.042895594862589106
27.0 0.038321088514010004
28.0 0.03435078036401987
29.0 0.030895763072985694
30.0 0.027880981367207354
31.0 0.0252429514589235
32.0 0.02292785186814412
33.0 0.02088992273728518
34.0 0.0190901808785875
35.0 0.017495414293697893
36.0 0.01607735490852451
37.0 0.014811933736484848
38.0 0.013678606637616584
39.0 0.012659803458546066
40.0 0.01174051854860697
41.0 0.010907980217644025
42.0 0.01015132365234897
43.0 0.00946126249387085
44.0 0.00882981457270146
45.0 0.00825011543374119
46.0 0.0077162880907222535
47.0 0.007223314462357324
48.0 0.0067668927932517785
49.0 0.0063433080402066615
50.0 0.005949338822749831
51.0 0.0055821913148277995
52.0 0.005239434831825482
53.0 0.004918930584322149
54.0 0.004618767145153986
55.0 0.004337217215191939
56.0 0.004072714549513066
57.0 0.003823838960939284
58.0 0.003589301143165566
59.0 0.0033679287167007388
60.0 0.003158657941078679
61.0 0.0029605303481556574
62.0 0.0027726880196035594
63.0 0.0025943621420144933
64.0 0.0024248560043133465
65.0 0.002263529654559104
66.0 0.0021097939926462005
67.0 0.0019631171625042352
68.0 0.001823039895414565
69.0 0.0016891933800409244
70.0 0.0015613145919850173
71.0 0.0014392575648837105
72.0 0.0013230015372071714
73.0 0.001212656851051588
74.0 0.0011084681265109628
75.0 0.0010108136325891947
76.0 0.0009202005262482813
77.0 0.0008372564701564469
78.0 0.0007627175658147568
79.0 0.0006974105823032139
80.0 0.0006422257253696628
81.0 0.0005980762937452844
82.0 0.0005658437216861181
83.0 0.0005463095842114351
84.0 0.0005400788704200657
85.0 0.0005475007087635077
86.0 0.0005685938935109339
87.0 0.0006029850835660378
88.0 0.0006498671015564862
89.0 0.0007079830165016761
90.0 0.0007756388445230581
91.0 0.0008507445409128669
92.0 0.0009308803703374263
93.0 0.0010133841459587568
94.0 0.0010954540309897544
95.0 0.001174261126939341
96.0 0.0012470656174314977
97.0 0.00131132982445751
98.0 0.0013648214193233627
99.0 0.0014057004591637116
100.0 0.0014325849823223391
101.0 0.0014445915156989662
102.0 0.0014413488352990112
103.0 0.00142298543078631
104.0 0.0013900930965510623
105.0 0.0013436706835447693
106.0 0.0012850531556239078
107.0 0.0012158316489339824
108.0 0.0011377702444690977
109.0 0.001052724677963824
110.0 0.0009625673055312268
111.0 0.0008691214501842829
112.0 0.0007741069683170997
113.0 0.0006790977158575314
114.0 0.0005854907306077412
115.0 0.0004944864340502851
116.0 0.0004070789201143564
117.0 0.0003240552946218346
118.0 0.0002460029230354144
119.0 0.00017332327645184386
120.0 0.00010625086387136861
121.0 4.48755791207132e-05
122.0 -1.0833255389342613e-05
123.0 -6.1002769227706715e-05
124.0 -0.00010583374576096833
125.0 -0.00014558022871567598
126.0 -0.00018053225192164306
127.0 -0.00021100202185375964
128.0 -0.00023731349537343214
129.0 -0.00025979494430252706
130.0 -0.0002787738313650971
131.0 -0.00029457318694040913
132.0 -0.00030750870234247255
133.0 -0.00031788593599611645
134.0 -0.0003259973159931774
135.0 -0.0003321189385822235
136.0 -0.00033650742349444144
137.0 -0.0003393972298590002
138.0 -0.00034099883581064115
139.0 -0.0003414980593201653
140.0 -0.00034105659915213037
141.0 -0.0003398136680095333
142.0 -0.00033788843082500675
143.0 -0.00033538288161237214
144.0 -0.0003323847957429118
145.0 -0.00032897046193018225
146.0 -0.0003252069997464781
147.0 -0.00032115417512448017
148.0 -0.00031686571731616246
149.0 -0.00031239020586618576
150.0 -0.0003077716331908236
151.0 -0.0003030497596184315
152.0 -0.0002982603669663404
153.0 -0.0002934354881875145
154.0 -0.00028860365003949826
155.0 -0.0002837901215038388
156.0 -0.0002790171238491992
157.0 -0.0002743039403012723
158.0 -0.0002696668723887933
159.0 -0.00026511902699936164
160.0 -0.0002606699744395498
161.0 -0.0002563253766918719
162.0 -0.00025208672650688243
163.0 -0.00024795134503252035
164.0 -0.0002439127507709851
165.0 -0.00023996144082261324
166.0 -0.00023608603350333947
167.0 -0.00023227463340052586
168.0 -0.00022851621955536627
169.0 -0.00022480184141167114
170.0 -0.0002211254402622804
171.0 -0.00021748418800975934
172.0 -0.0002138783315862447
173.0 -0.0002103106266754154
174.0 -0.0002067855159852362
175.0 -0.00020330823967306302
176.0 -0.00019988405357245005
177.0 -0.00019651768082935687
178.0 -0.00019321304969230254
179.0 -0.00018997329436966202
180.0 -0.00018680093597409767
181.0 -0.00018369812964138033
182.0 -0.00018066686608370945
183.0 -0.000177709046177097
184.0 -0.00017482639411932167
185.0 -0.00017202022412117932
186.0 -0.00016929111512391332
187.0 -0.0001666385700005563
188.0 -0.00016406073815680884
189.0 -0.0001615542662564834
190.0 -0.0001591143165891601
191.0 -0.00015673476262493424
192.0 -0.00015440854200976945
193.0 -0.00015212812278847217
194.0 -0.0001498860219979639
195.0 -0.0001476753090852932
196.0 -0.00014549003106570377
197.0 -0.0001433255117222033
198.0 -0.00014117850119748835
199.0 -0.0001390471805395058
200.0 -0.00013693105194855244
201.0 -0.00013483076319906442
202.0 -0.00013274791916237334
203.0 -0.0001306849230583309
204.0 -0.00012864486770299764
205.0 -0.0001266314690143287
206.0 -0.00012464900885428032
207.0 -0.00012270224000839565
208.0 -0.00012079620797229128
209.0 -0.00011893596294649466
210.0 -0.00011712616681908497
211.0 -0.00011537063581773138
212.0 -0.00011367189005322217
213.0 -0.00011203079737437456
214.0 -0.00011044639515746315
215.0 -0.00010891594908711994
216.0 -0.00010743526702115488
217.0 -0.00010599923715461532
218.0 -0.00010460251347750193
219.0 -0.00010324023813190055
220.0 -0.00010190867719772402
221.0 -0.00010060565683923463
222.0 -9.933071891292814e-05
223.0 -9.808496294936084e-05
224.0 -9.687059574361998e-05
225.0 -9.569026039154895e-05
226.0 -9.454625420201745e-05
227.0 -9.343976290180973e-05
228.0 -9.237023417800103e-05
229.0 -9.133498835386814e-05
230.0 -9.03291231442225e-05
231.0 -8.934572093483835e-05
232.0 -8.837631987130084e-05
233.0 -8.7411572498721e-05
234.0 -8.644199372099173e-05
235.0 -8.545869601889198e-05
236.0 -8.445402304326824e-05
237.0 -8.3422018516959e-05
238.0 -8.235869942279965e-05
239.0 -8.126213382566337e-05
240.0 -8.013234857936905e-05
241.0 -7.897110710965844e-05
242.0 -7.778160178719423e-05
243.0 -7.65681010724362e-05
244.0 -7.533558232745235e-05
245.0 -7.408937115055484e-05
246.0 -7.283480074578896e-05
247.0 -7.157690199089035e-05
248.0 -7.032013632127651e-05
249.0 -6.906818739553095e-05
250.0 -6.782383087923146e-05
251.0 -6.658890173208063e-05
252.0 -6.536437320146198e-05
253.0 -6.415055095017842e-05
254.0 -6.294737070194429e-05
255.0 -6.175477117239734e-05
256.0 -6.057309927318363e-05
257.0 -5.940349492822824e-05
258.0 -5.824820074289576e-05
259.0 -5.7110748214098914e-05
260.0 -5.5995986524264015e-05
261.0 -5.4909940089438714e-05
262.0 -5.385950373809882e-05
263.0 -5.285200605018337e-05
264.0 -5.189468859450022e-05
265.0 -5.099415901230205e-05
266.0 -5.015587779768107e-05
267.0 -4.938373232403226e-05
268.0 -4.8679738571810657e-05
269.0 -4.804389351770833e-05
270.0 -4.747418214787771e-05
271.0 -4.6966725426169103e-05
272.0 -4.651604164796002e-05
273.0 -4.61153849524489e-05
274.0 -4.5757121859049655e-05
275.0 -4.543310908365333e-05
276.0 -4.513504237833015e-05
277.0 -4.485475510041648e-05
278.0 -4.4584454958582566e-05
279.0 -4.431689643557351e-05
280.0 -4.404549371344994e-05
281.0 -4.3764383993198204e-05
282.0 -4.346845383424069e-05
283.0 -4.3153341803158055e-05
284.0 -4.281542975828621e-05
285.0 -4.2451832987827556e-05
286.0 -4.206039658941969e-05
287.0 -4.163970226500627e-05
288.0 -4.1189086368444624e-05
289.0 -4.0708666815533986e-05
290.0 -4.019937358397574e-05
291.0 -3.966297525105494e-05
292.0 -3.910209260268786e-05
293.0 -3.852019001642876e-05
294.0 -3.792153619684652e-05
295.0 -3.7311127902004176e-05
296.0 -3.669457336231312e-05
297.0 -3.607793582504769e-05
298.0 -3.54675416270771e-05
299.0 -3.48697609368471e-05
