10.0 0.498629467597
11.0 0.426768982094
12.0 0.367721202638
13.0 0.318811960157
14.0 0.277992787556
15.0 0.243681800706
16.0 0.214647793602
17.0 0.189924314243
18.0 0.168746386559
19.0 0.150504198964
20.0 0.134708605452
21.0 0.120964741655
22.0 0.108951631845
23.0 0.0984065186063
24.0 0.0891129275535
25.0 0.0808915511218
26.0 0.0735931472184
27.0 0.0670928775867
28.0 0.0612857596624
29.0 0.0560830422387
30.0 0.0514093316256
31.0 0.0472002905444
32.0 0.0434007694414
33.0 0.0399632844284
34.0 0.0368467861339
35.0 0.0340156648148
36.0 0.0314389322589
37.0 0.0290895324945
38.0 0.0269437594152
39.0 0.0249807763568
40.0 0.0231822258678
41.0 0.0215319029948
42.0 0.0200154670557
43.0 0.018620185886
44.0 0.0173347206409
45.0 0.0161489537717
46.0 0.0150538483048
47.0 0.014041322435
48.0 0.013104133195
49.0 0.0122357731025
50.0 0.0114303833024
51.0 0.0106826797838
52.0 0.00998788634112
53.0 0.00934167212891
54.0 0.0087400967731
55.0 0.0081795661424
56.0 0.00765679810286
57.0 0.00716879483465
58.0 0.00671281895625
59.0 0.00628637280113
60.0 0.00588718088456
61.0 0.00551317453588
62.0 0.00516247673565
63.0 0.0048333859601
64.0 0.00452435992659
65.0 0.00423400182861
66.0 0.00396105157658
67.0 0.00370438281251
68.0 0.00346300433558
69.0 0.00323606341682
70.0 0.00302284871101
71.0 0.00282279147804
72.0 0.00263546466516
73.0 0.00246057963286
74.0 0.002297980176
75.0 0.00214763346067
76.0 0.00200961768295
77.0 0.0018841063479
78.0 0.00177134876564
79.0 0.00167164578696
80.0 0.00158531946418
81.0 0.00151267568088
82.0 0.00145395988327
83.0 0.0014093075026
84.0 0.00137869203139
85.0 0.00136187473058
86.0 0.00135836049811
87.0 0.00136736446059
88.0 0.00138779327569
89.0 0.00141824394814
90.0 0.00145702134743
91.0 0.00150217391283
92.0 0.00155154558179
93.0 0.00160284095202
94.0 0.00165370005139
95.0 0.00170177870306
96.0 0.00174483022843
97.0 0.001780784118
98.0 0.00180781739001
99.0 0.00182441472627
100.0 0.00182941415779
101.0 0.00182203603833
102.0 0.00180189420776
103.0 0.0017689894871
104.0 0.00172368683182
105.0 0.00166667847875
106.0 0.00159893616709
107.0 0.00152165594703
108.0 0.00143619919859
109.0 0.00134403328716
110.0 0.00124667483026
111.0 0.00114563792147
112.0 0.001042388956
113.0 0.000938309034318
114.0 0.000834664364324
115.0 0.000732584668339
116.0 0.000633049309235
117.0 0.000536880630387
118.0 0.000444743810958
119.0 0.000357152350388
120.0 0.000274478124676
121.0 0.000196964831783
122.0 0.000124743593569
123.0 5.78495219138e-05
124.0 -3.76181650895e-06
125.0 -6.01989052661e-05
126.0 -0.000111620376595
127.0 -0.000158223058095
128.0 -0.00020023205599
129.0 -0.000237892727564
130.0 -0.000271464219854
131.0 -0.000301214160345
132.0 -0.00032741408857
133.0 -0.000350335306084
134.0 -0.00037024496778
135.0 -0.000387402398532
136.0 -0.000402055752905
137.0 -0.000414439210089
138.0 -0.000424770898128
139.0 -0.000433251679208
140.0 -0.00044006482552
141.0 -0.000445376504791
142.0 -0.000449336904525
143.0 -0.000452081772464
144.0 -0.000453734142804
145.0 -0.000454406046688
146.0 -0.000454200058128
147.0 -0.000453210588012
148.0 -0.000451524896601
149.0 -0.00044922384085
150.0 -0.000446382402944
151.0 -0.000443070059959
152.0 -0.000439351053089
153.0 -0.000435284601621
154.0 -0.000430925086317
155.0 -0.00042632220509
156.0 -0.000421521087248
157.0 -0.000416562346701
158.0 -0.000411482062535
159.0 -0.000406311696123
160.0 -0.000401077981886
161.0 -0.000395802855097
162.0 -0.000390503494977
163.0 -0.000385192557176
164.0 -0.000379878644409
165.0 -0.000374567021197
166.0 -0.00036926052794
167.0 -0.000363960603404
168.0 -0.00035866829515
169.0 -0.000353385132438
170.0 -0.000348113757659
171.0 -0.000342858255443
172.0 -0.000337624173131
173.0 -0.000332418279623
174.0 -0.00032724814968
175.0 -0.000322121679494
176.0 -0.000317046633969
177.0 -0.000312030300173
178.0 -0.000307079282759
179.0 -0.000302199436348
180.0 -0.000297395896926
181.0 -0.000292673156132
182.0 -0.000288035121508
183.0 -0.000283485120141
184.0 -0.000279025827007
185.0 -0.00027465912554
186.0 -0.000270385929877
187.0 -0.000266206011229
188.0 -0.000262117873338
189.0 -0.000258118714551
190.0 -0.000254204499633
191.0 -0.000250370146206
192.0 -0.000246609812308
193.0 -0.00024291725593
194.0 -0.000239286226914
195.0 -0.000235710847634
196.0 -0.000232185942243
197.0 -0.000228707284093
198.0 -0.000225271745612
199.0 -0.000221877351348
200.0 -0.000218523249607
201.0 -0.00021520962774
202.0 -0.000211937598428
203.0 -0.000208709078993
204.0 -0.000205526674589
205.0 -0.000202393562637
206.0 -0.000199313364502
207.0 -0.000196289985057
208.0 -0.000193327403827
209.0 -0.000190429412695
210.0 -0.000187599312202
211.0 -0.000184839596665
212.0 -0.000182151672572
213.0 -0.00017953566031
214.0 -0.000176990323737
215.0 -0.000174513155274
216.0 -0.00017210061902
217.0 -0.000169748525744
218.0 -0.000167452487511
219.0 -0.000165208381829
220.0 -0.000163012749575
221.0 -0.000160863059258
222.0 -0.000158757791047
223.0 -0.000156696323816
224.0 -0.000154678641674
225.0 -0.000152704907026
226.0 -0.000150774969653
227.0 -0.000148887891668
228.0 -0.000147041565075
229.0 -0.000145232482779
230.0 -0.000143455698679
231.0 -0.000141704982516
232.0 -0.000139973145987
233.0 -0.000138252493005
234.0 -0.000136535332683
235.0 -0.000134814490001
236.0 -0.00013308375586
237.0 -0.000131338232773
238.0 -0.000129574551327
239.0 -0.000127790951807
240.0 -0.000125987241648
241.0 -0.000124164650554
242.0 -0.000122325610489
243.0 -0.00012047348811
244.0 -0.00011861229424
245.0 -0.000116746390771
246.0 -0.00011488021167
247.0 -0.000113018012464
248.0 -0.00011116366181
249.0 -0.000109320488576
250.0 -0.000107491197069
251.0 -0.000105677860324
252.0 -0.000103881996021
253.0 -0.000102104721547
254.0 -0.000100346974971
255.0 -9.86097787333e-05
256.0 -9.6894514655e-05
257.0 -9.52031742011e-05
258.0 -9.35385480686e-05
259.0 -9.19043245733e-05
260.0 -9.03050764394e-05
261.0 -8.87461290942e-05
262.0 -8.72333184483e-05
263.0 -8.5772660154e-05
264.0 -8.43699634074e-05
265.0 -8.30304289187e-05
266.0 -8.17582719068e-05
267.0 -8.05564069335e-05
268.0 -7.94262229278e-05
269.0 -7.83674653404e-05
270.0 -7.7378229806e-05
271.0 -7.64550597912e-05
272.0 -7.55931309937e-05
273.0 -7.47864987733e-05
274.0 -7.40283820608e-05
275.0 -7.3311457847e-05
276.0 -7.2628143865e-05
277.0 -7.19708524912e-05
278.0 -7.13322051688e-05
279.0 -7.07052028446e-05
280.0 -7.00833532537e-05
281.0 -6.94607599275e-05
282.0 -6.88321803493e-05
283.0 -6.81930617796e-05
284.0 -6.75395631074e-05
285.0 -6.68685699383e-05
286.0 -6.61777082777e-05
287.0 -6.54653599034e-05
288.0 -6.47306800883e-05
289.0 -6.39736159749e-05
290.0 -6.31949218414e-05
291.0 -6.23961659466e-05
292.0 -6.15797227699e-05
293.0 -6.07487444188e-05
294.0 -5.99071057881e-05
295.0 -5.9059319694e-05
296.0 -5.82104205046e-05
297.0 -5.73658175215e-05
298.0 -5.65311222223e-05
299.0 -5.57119561369e-05
