10.0 0.444012845761
11.0 0.379881013884
12.0 0.32721645026
13.0 0.283606816081
14.0 0.247213999052
15.0 0.216624015927
16.0 0.190739153146
17.0 0.168698932459
18.0 0.149822535056
19.0 0.133567095931
20.0 0.119496881403
21.0 0.107259823424
22.0 0.0965694270532
23.0 0.0871908958411
24.0 0.0789305857108
25.0 0.0716279599503
26.0 0.0651493173785
27.0 0.0593827778207
28.0 0.054234240965
29.0 0.0496241592908
30.0 0.0454849757061
31.0 0.0417590678612
32.0 0.0383970741776
33.0 0.0353565269833
34.0 0.0326007453795
35.0 0.0300979400472
36.0 0.0278204763393
37.0 0.025744252081
38.0 0.0238481709876
39.0 0.0221137085368
40.0 0.0205245602686
41.0 0.0190663477385
42.0 0.0177263586184
43.0 0.0164933155965
44.0 0.0153571822618
45.0 0.0143090088721
46.0 0.0133408068699
47.0 0.0124454369711
48.0 0.0116165050171
49.0 0.0108482695344
50.0 0.0101355645354
51.0 0.0094737343499
52.0 0.00885857441788
53.0 0.00828627599097
54.0 0.00775337761382
55.0 0.00725672639998
56.0 0.00679344847178
57.0 0.0063609252956
58.0 0.00595677329369
59.0 0.00557882614037
60.0 0.00522511980778
61.0 0.0048938793751
62.0 0.0045835056715
63.0 0.00429256050788
64.0 0.00401975122374
65.0 0.00376391688723
66.0 0.00352401842839
67.0 0.00329913334238
68.0 0.00308845360551
69.0 0.00289128439318
70.0 0.00270704147689
71.0 0.00253524621794
72.0 0.00237551797402
73.0 0.0022275640684
74.0 0.00209116747384
75.0 0.00196617247096
76.0 0.00185246884886
77.0 0.0017499754003
78.0 0.00165862320447
79.0 0.00157833857114
80.0 0.00150902500517
81.0 0.00145054356995
82.0 0.00140269162631
83.0 0.00136518078393
84.0 0.00133761564697
85.0 0.00131947537054
86.0 0.00131010015128
87.0 0.00130868456646
88.0 0.00131427912853
89.0 0.00132580055581
90.0 0.00134205024179
91.0 0.00136173952034
92.0 0.00138351982698
93.0 0.00140601581444
94.0 0.00142785975873
95.0 0.00144772595322
96.0 0.00146436404809
97.0 0.00147663038705
98.0 0.00148351636977
99.0 0.00148417282124
100.0 0.00147792936044
101.0 0.00146430788215
102.0 0.00144302950611
103.0 0.00141401468784
104.0 0.00137737658027
105.0 0.00133340813456
106.0 0.00128256378381
107.0 0.00122543683004
108.0 0.00116273382553
109.0 0.00109524728904
110.0 0.00102382802438
111.0 0.000949358137955
112.0 0.0008727256309
113.0 0.000794801228574
114.0 0.000716417948305
115.0 0.000638353803739
116.0 0.000561317972977
117.0 0.000485940672762
118.0 0.000412766846268
119.0 0.00034225358108
120.0 0.000274770951826
121.0 0.000210605771791
122.0 0.000149967581257
123.0 9.29961227119e-05
124.0 3.97695601018e-05
125.0 -9.68721796895e-06
126.0 -5.53947296376e-05
127.0 -9.74118041115e-05
128.0 -0.000135829401912
129.0 -0.000170765310869
130.0 -0.000202359535708
131.0 -0.000230770122836
132.0 -0.000256169163732
133.0 -0.000278738794509
134.0 -0.000298667131707
135.0 -0.000316144218856
136.0 -0.000331358166821
137.0 -0.000344491724737
138.0 -0.00035571950625
139.0 -0.000365206025928
140.0 -0.000373104595968
141.0 -0.000379557023162
142.0 -0.000384693956797
143.0 -0.000388635686334
144.0 -0.000391493177369
145.0 -0.000393369159244
146.0 -0.000394359124884
147.0 -0.000394552159145
148.0 -0.000394031564423
149.0 -0.000392875293958
150.0 -0.00039115623057
151.0 -0.000388942360783
152.0 -0.000386296893013
153.0 -0.000383278356397
154.0 -0.000379940698275
155.0 -0.000376333378505
156.0 -0.000372501443785
157.0 -0.000368485559994
158.0 -0.000364321988219
159.0 -0.00036004250966
160.0 -0.000355674330851
161.0 -0.000351240025488
162.0 -0.000346757583489
163.0 -0.000342240634816
164.0 -0.000337698892795
165.0 -0.000333138822677
166.0 -0.000328564494689
167.0 -0.000323978538407
168.0 -0.000319383087922
169.0 -0.000314780602501
170.0 -0.000310174466969
171.0 -0.000305569315367
172.0 -0.00030097107137
173.0 -0.000296386747703
174.0 -0.000291824083464
175.0 -0.000287291115357
176.0 -0.000282795773904
177.0 -0.000278345571896
178.0 -0.000273947417127
179.0 -0.000269607544338
180.0 -0.000265331531608
181.0 -0.000261124350397
182.0 -0.00025699039835
183.0 -0.000252933477766
184.0 -0.000248956704928
185.0 -0.000245062359728
186.0 -0.000241251704932
187.0 -0.000237524815993
188.0 -0.000233880463903
189.0 -0.000230316086078
190.0 -0.000226827866204
191.0 -0.000223410926593
192.0 -0.000220059619111
193.0 -0.000216767885998
194.0 -0.000213529651989
195.0 -0.000210339205484
196.0 -0.000207191529648
197.0 -0.00020408255364
198.0 -0.00020100930805
199.0 -0.000197969984261
200.0 -0.000194963911588
201.0 -0.000191991475475
202.0 -0.000189054002702
203.0 -0.000186153635046
204.0 -0.000183293202822
205.0 -0.000180476097368
206.0 -0.000177706131019
207.0 -0.000174987367965
208.0 -0.000172323911922
209.0 -0.000169719646659
210.0 -0.00016717794084
211.0 -0.000164701345206
212.0 -0.000162291323084
213.0 -0.000159948060373
214.0 -0.000157670396025
215.0 -0.000155455898675
216.0 -0.000153301091977
217.0 -0.000151201804903
218.0 -0.000149153599282
219.0 -0.000147152210342
220.0 -0.000145193930703
221.0 -0.000143275875658
222.0 -0.000141396086448
223.0 -0.000139553455323
224.0 -0.000137747486327
225.0 -0.000135977933552
226.0 -0.000134244378942
227.0 -0.000132545821195
228.0 -0.000130880344382
229.0 -0.000129244920558
230.0 -0.000127635377744
231.0 -0.000126046537662
232.0 -0.000124472501338
233.0 -0.000122907039658
234.0 -0.000121344033438
235.0 -0.000119777904854
236.0 -0.000118203988782
237.0 -0.00011661880631
238.0 -0.000115020220187
239.0 -0.000113407469656
240.0 -0.000111781096778
241.0 -0.000110142786235
242.0 -0.000108495144899
243.0 -0.000106841447137
244.0 -0.000105185368411
245.0 -0.000103530725177
246.0 -0.000101881235142
247.0 -0.000100240309446
248.0 -9.86108873536e-05
249.0 -9.69953238552e-05
250.0 -9.53953399673e-05
251.0 -9.38120432618e-05
252.0 -9.22460215953e-05
253.0 -9.06975060382e-05
254.0 -8.91665904578e-05
255.0 -8.76534864627e-05
256.0 -8.61587852181e-05
257.0 -8.46836935973e-05
258.0 -8.3230212418e-05
259.0 -8.18012295025e-05
260.0 -8.04005095498e-05
261.0 -7.90325750583e-05
262.0 -7.77024859987e-05
263.0 -7.64155385673e-05
264.0 -7.51769132895e-05
265.0 -7.399130856e-05
266.0 -7.28625966873e-05
267.0 -7.17935357172e-05
268.0 -7.07855625319e-05
269.0 -6.98386823122e-05
270.0 -6.89514580424e-05
271.0 -6.81210929937e-05
272.0 -6.73435904034e-05
273.0 -6.66139688213e-05
274.0 -6.59265091769e-05
275.0 -6.52750103783e-05
276.0 -6.46530335689e-05
277.0 -6.40541201848e-05
278.0 -6.34719746965e-05
279.0 -6.29006085297e-05
280.0 -6.23344464453e-05
281.0 -6.17684002283e-05
282.0 -6.1197916712e-05
283.0 -6.06190080121e-05
284.0 -6.00282715498e-05
285.0 -5.94229062654e-05
286.0 -5.88007296335e-05
287.0 -5.81601979422e-05
288.0 -5.75004300404e-05
289.0 -5.68212325771e-05
290.0 -5.61231228863e-05
291.0 -5.54073442725e-05
292.0 -5.46758677028e-05
293.0 -5.39313739177e-05
294.0 -5.31772107745e-05
295.0 -5.24173221914e-05
296.0 -5.16561472218e-05
297.0 -5.08984903374e-05
298.0 -5.01493666554e-05
299.0 -4.94138283236e-05
