10.0 0.40978003624295556
11.0 0.3467370484877267
12.0 0.2952558406847524
13.0 0.2528877436024898
14.0 0.21776657093864862
15.0 0.18845757132799126
16.0 0.16384818470956453
17.0 0.14306760021311374
18.0 0.125427946234863
19.0 0.11038159290876923
20.0 0.09748958026440718
21.0 0.08639761524497715
22.0 0.07681761320870176
23.0 0.06851358798212559
24.0 0.06129096503845736
25.0 0.054988460759278615
26.0 0.0494717767301429
27.0 0.04462857613168241
28.0 0.040364446389059616
29.0 0.036599680958440066
30.0 0.033266726093356194
31.0 0.030308131812100823
32.0 0.02767488068267917
33.0 0.025325019236159235
34.0 0.023222544619845627
35.0 0.02133649908722212
36.0 0.01964021933962666
37.0 0.018110697971336354
38.0 0.016728038802574667
39.0 0.015475003764991939
40.0 0.01433664203682587
41.0 0.013299977252307797
42.0 0.012353729756971748
43.0 0.011488068920870185
44.0 0.010694403952832856
45.0 0.009965216264888587
46.0 0.009293922311510076
47.0 0.00867475170961306
48.0 0.008102634759327657
49.0 0.0075731032069723606
50.0 0.007082207665398123
51.0 0.006626448351464013
52.0 0.006202712935573663
53.0 0.005808219301946206
54.0 0.005440465942005476
55.0 0.0050971928496676274
56.0 0.004776352160911163
57.0 0.004476085169275248
58.0 0.004194703030693255
59.0 0.003930670527744339
60.0 0.003682592945105319
61.0 0.0034492050778164945
62.0 0.0032293604720698443
63.0 0.003022019711808568
64.0 0.002826238572471218
65.0 0.00264115851710704
66.0 0.0024660019925631235
67.0 0.002300073369775617
68.0 0.00214276438764506
69.0 0.0019935618879228564
70.0 0.0018520558617636245
71.0 0.0017179467694808982
72.0 0.0015910518416363166
73.0 0.0014713101926102606
74.0 0.001358786312567567
75.0 0.0012536712994164327
76.0 0.0011562811702051986
77.0 0.001067051473628979
78.0 0.0009865269473459447
79.0 0.0009153442776070663
80.0 0.0008542056509619559
81.0 0.0008038412160843904
82.0 0.0007649598600358532
83.0 0.0007381895056667995
84.0 0.0007240100042684564
85.0 0.0007226833138072967
86.0 0.0007341868419447068
87.0 0.0007581564338971452
88.0 0.0007938453140123808
89.0 0.0008401042502708117
90.0 0.000895386422222876
91.0 0.0009577782625995899
92.0 0.0010250552943477627
93.0 0.0010947599713856588
94.0 0.0011642968635394674
95.0 0.0012310392227431453
96.0 0.0012924400589837833
97.0 0.001346140424825091
98.0 0.0013900677578820185
99.0 0.001422517911476448
100.0 0.0014422158695369036
101.0 0.0014483519509498098
102.0 0.0014405923522838504
103.0 0.0014190649201518528
104.0 0.0013843228619941123
105.0 0.0013372905204120512
106.0 0.001279196244598285
107.0 0.0012114977604816804
108.0 0.0011358052998039624
109.0 0.0010538071754399882
110.0 0.0009672015985534461
111.0 0.0008776374611031596
112.0 0.0007866657050247161
113.0 0.0006957019047405034
114.0 0.000605999898276837
115.0 0.000518635748270447
116.0 0.000434500971864137
117.0 0.0003543037862927479
118.0 0.0002785770106845273
119.0 0.00020769120337455995
120.0 0.00014187158790222092
121.0 8.121734093141001e-05
122.0 2.5721896459023892e-05
123.0 -2.4706931798340144e-05
124.0 -7.022800185648235e-05
125.0 -0.00011104981276056091
126.0 -0.00014741586526913143
127.0 -0.00017959261389886117
128.0 -0.00020785995378295893
129.0 -0.00023250396893381215
130.0 -0.00025381151496982264
131.0 -0.0002720661384700068
132.0 -0.0002875448542755595
133.0 -0.00030051540125554225
134.0 -0.00031123374867609167
135.0 -0.0003199417901511179
136.0 -0.0003268652999664913
137.0 -0.00033221230723254395
138.0 -0.00033617205466453953
139.0 -0.0003389146584493817
140.0 -0.0003405914965707041
141.0 -0.0003413362547170421
142.0 -0.0003412664782781933
143.0 -0.00034048543295589094
144.0 -0.00033908406989242824
145.0 -0.00033714291803021035
146.0 -0.00033473377448504704
147.0 -0.0003319211194995593
148.0 -0.00032876323475136145
149.0 -0.00032531304506745447
150.0 -0.0003216187304578381
151.0 -0.0003177241672573444
152.0 -0.0003136692554267543
153.0 -0.0003094901765188589
154.0 -0.0003052196075957092
155.0 -0.00030088689584132814
156.0 -0.00029651818271192324
157.0 -0.0002921364604951212
158.0 -0.0002877615510376875
159.0 -0.000283410015307927
160.0 -0.00027909502832622714
161.0 -0.000274826278570531
162.0 -0.00027060996512763905
163.0 -0.00026644896258381774
164.0 -0.0002623432005624762
165.0 -0.0002582902654178836
166.0 -0.0002542861846056844
167.0 -0.000250326311279053
168.0 -0.00024640619888634144
169.0 -0.00024252235054283283
170.0 -0.00023867274751331125
171.0 -0.0002348571008615947
172.0 -0.00023107682081794574
173.0 -0.000227334747895853
174.0 -0.00022363472712625445
175.0 -0.00021998112427556505
176.0 -0.0002163783780613111
177.0 -0.00021283065819784611
178.0 -0.00020934166304205915
179.0 -0.00020591455237024765
180.0 -0.00020255197970026282
181.0 -0.00019925617113571766
182.0 -0.00019602899634221278
183.0 -0.0001928719900483903
184.0 -0.00018978630422485925
185.0 -0.00018677259521497023
186.0 -0.000183830870450335
187.0 -0.00018096033178878132
188.0 -0.00017815925533983708
189.0 -0.00017542494162918378
190.0 -0.00017275375746794198
191.0 -0.00017014127502560476
192.0 -0.0001675824974527178
193.0 -0.0001650721466330921
194.0 -0.00016260497932327347
195.0 -0.00016017609442166894
196.0 -0.00015778119692612917
197.0 -0.00015541679280799375
198.0 -0.00015308030193828082
199.0 -0.00015077009072155212
200.0 -0.00014848543901377362
201.0 -0.00014622646418259184
202.0 -0.0001439940267919579
203.0 -0.0001417896370512951
204.0 -0.00013961537051876196
205.0 -0.00013747378887648154
206.0 -0.00013536785095493296
207.0 -0.0001333007942389521
208.0 -0.00013127596999025525
209.0 -0.000129296625800403
210.0 -0.0001273656454349306
211.0 -0.00012548527307131303
212.0 -0.00012365686260197806
213.0 -0.00012188069831009592
214.0 -0.00012015592843531464
215.0 -0.00011848063791837118
216.0 -0.0001168520635052159
217.0 -0.00011526692797834212
218.0 -0.00011372184611316535
219.0 -0.00011221373828889396
220.0 -0.0001107401823112926
221.0 -0.000109299641426775
222.0 -0.00010789152563737408
223.0 -0.00010651607083455901
224.0 -0.00010517405092762577
225.0 -0.00010386636644292169
226.0 -0.00010259357393168259
227.0 -0.00010135543034488662
228.0 -0.00010015052382513055
229.0 -9.897604796387501e-05
230.0 -9.782775338945427e-05
231.0 -9.670008296014458e-05
232.0 -9.55864697716031e-05
233.0 -9.4479755197808e-05
234.0 -9.337267057662313e-05
235.0 -9.22583224362272e-05
236.0 -9.113062688744776e-05
237.0 -8.998465182267268e-05
238.0 -8.881684260885499e-05
239.0 -8.76251244747813e-05
240.0 -8.64088897000598e-05
241.0 -8.516888803610446e-05
242.0 -8.390704392285374e-05
243.0 -8.262622468867177e-05
244.0 -8.132998159137607e-05
245.0 -8.002228213502273e-05
246.0 -7.870724914510807e-05
247.0 -7.738892045705643e-05
248.0 -7.607104273566058e-05
249.0 -7.475691310159024e-05
250.0 -7.344928168289967e-05
251.0 -7.215032576316825e-05
252.0 -7.08617011587525e-05
253.0 -6.958466886675387e-05
254.0 -6.832028573035861e-05
255.0 -6.706963836030165e-05
256.0 -6.583409163036353e-05
257.0 -6.46155184257406e-05
258.0 -6.341647716447467e-05
259.0 -6.224030835788263e-05
260.0 -6.109113066719729e-05
261.0 -5.997372928376599e-05
262.0 -5.889334317185039e-05
263.0 -5.7855370694437746e-05
264.0 -5.686502346063552e-05
265.0 -5.5926964424494976e-05
266.0 -5.504496756433193e-05
267.0 -5.4221632909566744e-05
268.0 -5.345818303466544e-05
269.0 -5.275435674933054e-05
270.0 -5.210840423353858e-05
271.0 -5.1517176957648575e-05
272.0 -5.0976296801742445e-05
273.0 -5.0480382796918707e-05
274.0 -5.0023311256186615e-05
275.0 -4.9598485602274824e-05
276.0 -4.919909535076821e-05
277.0 -4.8818348610426346e-05
278.0 -4.844966816905375e-05
279.0 -4.808684686752079e-05
280.0 -4.772416284968314e-05
281.0 -4.735645898843694e-05
282.0 -4.697919315809473e-05
283.0 -4.658846708580201e-05
284.0 -4.618104144333628e-05
285.0 -4.575434387594248e-05
286.0 -4.5306475063784924e-05
287.0 -4.483621591829995e-05
288.0 -4.434303685350017e-05
289.0 -4.3827107951065275e-05
290.0 -4.328930695891517e-05
291.0 -4.2731220616054316e-05
292.0 -4.215513395220074e-05
293.0 -4.156400209017714e-05
294.0 -4.096139973678413e-05
295.0 -4.0351444946437036e-05
296.0 -3.973869575220616e-05
297.0 -3.912802066632317e-05
298.0 -3.852444658825112e-05
299.0 -3.793299003408894e-05
