10.0 0.44308286966
11.0 0.379030292463
12.0 0.326466426115
13.0 0.282968551168
14.0 0.246689906548
15.0 0.216209953803
16.0 0.190426492578
17.0 0.168476369354
18.0 0.149677540317
19.0 0.133486988686
20.0 0.119469561591
21.0 0.107274224144
22.0 0.0966157524104
23.0 0.0872607047351
24.0 0.0790167718771
25.0 0.0717246673295
26.0 0.0652518194964
27.0 0.0594873412146
28.0 0.0543379859771
29.0 0.0497249265912
30.0 0.0455812034018
31.0 0.0418496816429
32.0 0.038481391358
33.0 0.0354341742557
34.0 0.0326715894888
35.0 0.0301620302089
36.0 0.0278779970694
37.0 0.0257954850616
38.0 0.0238934646354
39.0 0.0221534540388
40.0 0.020559172977
41.0 0.0190962529495
42.0 0.0177519808972
43.0 0.0165150709331
44.0 0.015375472457
45.0 0.014324217647
46.0 0.0133532972754
47.0 0.0124555497406
48.0 0.0116245575608
49.0 0.010854555323
50.0 0.0101403526591
51.0 0.00947726907076
52.0 0.00886107456636
53.0 0.00828793407869
54.0 0.00775435856086
55.0 0.00725716579753
56.0 0.00679345032714
57.0 0.00636055923599
58.0 0.00595607123957
59.0 0.00557777849896
60.0 0.00522367128279
61.0 0.00489192454153
62.0 0.00458088452412
63.0 0.00428905426114
64.0 0.00401507871873
65.0 0.00375773204759
66.0 0.00351590929821
67.0 0.00328862332861
68.0 0.00307500562512
69.0 0.00287430867803
70.0 0.00268590779828
71.0 0.00250930123888
72.0 0.00234410829713
73.0 0.002190065302
74.0 0.00204701927199
75.0 0.00191491901143
76.0 0.00179380360589
77.0 0.00168378837873
78.0 0.00158504808091
79.0 0.00149779651268
80.0 0.00142226139971
81.0 0.001358653605
82.0 0.0013071306916
83.0 0.00126775612029
84.0 0.00124045655709
85.0 0.00122498063024
86.0 0.00122086293932
87.0 0.00122739713328
88.0 0.00124362136847
89.0 0.0012683184228
90.0 0.00130003134186
91.0 0.00133709403939
92.0 0.00137767507736
93.0 0.00141983205406
94.0 0.00146157358426
95.0 0.00150092561279
96.0 0.00153599865027
97.0 0.00156505243947
98.0 0.00158655461849
99.0 0.00159923021948
100.0 0.00160209936798
101.0 0.00159450131268
102.0 0.00157610385153
103.0 0.00154689822972
104.0 0.00150718055848
105.0 0.00145752163822
106.0 0.00139872769148
107.0 0.00133179487834
108.0 0.00125786056724
109.0 0.00117815418107
110.0 0.00109395007015
111.0 0.00100652434697
112.0 0.000917117039032
113.0 0.000826900369836
114.0 0.000736953529977
115.0 0.000648243975387
116.0 0.000561615065857
117.0 0.000477779687225
118.0 0.000397319341397
119.0 0.000320688021959
120.0 0.000248220031507
121.0 0.00018014077014
122.0 0.000116579462683
123.0 5.75828107252e-05
124.0 3.12865300234e-06
125.0 -4.68611201003e-05
126.0 -9.25089444946e-05
127.0 -0.000133971567634
128.0 -0.000171431723191
129.0 -0.000205091369662
130.0 -0.00023516621201
131.0 -0.000261881144693
132.0 -0.000285466258708
133.0 -0.000306153136638
134.0 -0.000324171292628
135.0 -0.00033974476076
136.0 -0.000353088956298
137.0 -0.000364408000252
138.0 -0.000373892696775
139.0 -0.000381719292845
140.0 -0.000388049053166
141.0 -0.00039302857973
142.0 -0.000396790721349
143.0 -0.000399455870427
144.0 -0.000401133436635
145.0 -0.000401923313762
146.0 -0.000401917204326
147.0 -0.000401199722805
148.0 -0.000399849251061
149.0 -0.000397938561222
150.0 -0.000395535248465
151.0 -0.000392702028166
152.0 -0.000389496950294
153.0 -0.000385973571551
154.0 -0.000382181106765
155.0 -0.00037816456091
156.0 -0.00037396482764
157.0 -0.000369618734732
158.0 -0.000365159024138
159.0 -0.000360614273557
160.0 -0.000356008792449
161.0 -0.000351362550076
162.0 -0.000346691207283
163.0 -0.000342006320494
164.0 -0.000337315763428
165.0 -0.000332624372862
166.0 -0.000327934778126
167.0 -0.000323248331426
168.0 -0.000318566028672
169.0 -0.000313889305698
170.0 -0.000309220614327
171.0 -0.000304563722274
172.0 -0.000299923730948
173.0 -0.0002953068542
174.0 -0.000290720037922
175.0 -0.000286170517532
176.0 -0.000281665405407
177.0 -0.000277211376326
178.0 -0.000272814483389
179.0 -0.000268480099348
180.0 -0.000264212948009
181.0 -0.00026001717387
182.0 -0.000255896397536
183.0 -0.000251853717936
184.0 -0.000247891644441
185.0 -0.00024401196623
186.0 -0.000240215586364
187.0 -0.000236502359937
188.0 -0.000232870977807
189.0 -0.000229318930475
190.0 -0.000225842573324
191.0 -0.000222437297598
192.0 -0.000219097794617
193.0 -0.000215818386346
194.0 -0.000212593385789
195.0 -0.00020941744708
196.0 -0.000206285868179
197.0 -0.000203194818134
198.0 -0.000200141474349
199.0 -0.000197124070508
200.0 -0.000194141869398
201.0 -0.000191195083828
202.0 -0.00018828477103
203.0 -0.000185412721086
204.0 -0.000182581349559
205.0 -0.000179793592027
206.0 -0.000177052787626
207.0 -0.00017436253358
208.0 -0.000171726495417
209.0 -0.00016914816786
210.0 -0.000166630597048
211.0 -0.000164176091585
212.0 -0.000161785963109
213.0 -0.000159460342432
214.0 -0.000157198112341
215.0 -0.000154996982865
216.0 -0.000152853711763
217.0 -0.0001507644467
218.0 -0.000148725141596
219.0 -0.00014673198308
220.0 -0.000144781757767
221.0 -0.000142872098428
222.0 -0.000141001566206
223.0 -0.000139169553201
224.0 -0.0001373760201
225.0 -0.000135621111502
226.0 -0.00013390471212
227.0 -0.000132226016545
228.0 -0.000130583182433
229.0 -0.000128973122489
230.0 -0.000127391467614
231.0 -0.00012583270627
232.0 -0.000124290478483
233.0 -0.000122757981511
234.0 -0.000121228431161
235.0 -0.00011969551965
236.0 -0.000118153817222
237.0 -0.000116599078115
238.0 -0.000115028428879
239.0 -0.000113440434593
240.0 -0.000111835053377
241.0 -0.000110213499609
242.0 -0.000108578040979
243.0 -0.000106931754553
244.0 -0.000105278264077
245.0 -0.000103621476702
246.0 -0.000101965333769
247.0 -0.000100313588165
248.0 -9.86696200873e-05
249.0 -9.7036303014e-05
250.0 -9.54159310889e-05
251.0 -9.38102168483e-05
252.0 -9.22203634435e-05
253.0 -9.06472083224e-05
254.0 -8.90914264804e-05
255.0 -8.75537723458e-05
256.0 -8.60353318644e-05
257.0 -8.4537752054e-05
258.0 -8.30634153902e-05
259.0 -8.16155312488e-05
260.0 -8.01981258348e-05
261.0 -7.88159242989e-05
262.0 -7.74741322742e-05
263.0 -7.61781368204e-05
264.0 -7.493315683e-05
265.0 -7.3743878908e-05
266.0 -7.26141158363e-05
267.0 -7.15465210311e-05
268.0 -7.05423846755e-05
269.0 -6.96015268142e-05
270.0 -6.87222912629e-05
271.0 -6.79016333786e-05
272.0 -6.7135285944e-05
273.0 -6.64179815698e-05
274.0 -6.57437075129e-05
275.0 -6.51059694726e-05
276.0 -6.44980441789e-05
277.0 -6.39132055546e-05
278.0 -6.33449149623e-05
279.0 -6.2786971666e-05
280.0 -6.22336244724e-05
281.0 -6.16796491411e-05
282.0 -6.11203984236e-05
283.0 -6.05518325275e-05
284.0 -5.99705376113e-05
285.0 -5.93737388311e-05
286.0 -5.87593127576e-05
287.0 -5.81258019068e-05
288.0 -5.74724319129e-05
289.0 -5.67991297306e-05
290.0 -5.61065393785e-05
291.0 -5.53960303289e-05
292.0 -5.466969286e-05
293.0 -5.39303146451e-05
294.0 -5.31813335927e-05
295.0 -5.24267634408e-05
296.0 -5.16710907003e-05
297.0 -5.09191440281e-05
298.0 -5.01759397089e-05
299.0 -4.94465093488e-05
