10.0 0.444792576426
11.0 0.378091842005
12.0 0.324250617559
13.0 0.280217396982
14.0 0.243796248649
15.0 0.213374861128
16.0 0.187748347306
17.0 0.165998460192
18.0 0.147412504133
19.0 0.131430637769
20.0 0.117609647335
21.0 0.105595659916
22.0 0.0951031041994
23.0 0.0858989937657
24.0 0.0777916311159
25.0 0.070622500039
26.0 0.0642600675505
27.0 0.0585946681755
28.0 0.0535342546334
29.0 0.0490010580688
30.0 0.0449290537849
31.0 0.0412619666479
32.0 0.0379516110337
33.0 0.0349565095245
34.0 0.032240796038
35.0 0.0297733701396
36.0 0.0275272115094
37.0 0.0254787683534
38.0 0.0236074080032
39.0 0.0218949753546
40.0 0.0203254741555
41.0 0.0188848150955
42.0 0.0175605632923
43.0 0.0163416805929
44.0 0.0152183117041
45.0 0.0141816439417
46.0 0.0132238127481
47.0 0.0123378048516
48.0 0.011517345435
49.0 0.0107567935395
50.0 0.0100510669551
51.0 0.00939558842336
52.0 0.00878623113477
53.0 0.00821925630369
54.0 0.0076912551498
55.0 0.00719910850643
56.0 0.00673996331078
57.0 0.00631121549354
58.0 0.00591049213215
59.0 0.00553563424976
60.0 0.00518468429491
61.0 0.0048558776982
62.0 0.00454763295835
63.0 0.00425853547016
64.0 0.00398731604481
65.0 0.00373283038574
66.0 0.00349404623381
67.0 0.00327004051007
68.0 0.00306000326818
69.0 0.00286324256206
70.0 0.00267918559544
71.0 0.0025073747722
72.0 0.00234745960178
73.0 0.00219918558227
74.0 0.00206238025441
75.0 0.0019369363878
76.0 0.00182279322774
77.0 0.00171991773304
78.0 0.00162828738737
79.0 0.00154787443875
80.0 0.00147862968481
81.0 0.00142046357559
82.0 0.00137322363763
83.0 0.00133666907004
84.0 0.00131044477457
85.0 0.00129405772384
86.0 0.00128685870617
87.0 0.00128803231543
88.0 0.00129659742295
89.0 0.00131141906113
90.0 0.00133123086375
91.0 0.0013546656
92.0 0.00138029057589
93.0 0.00140664495197
94.0 0.00143227696544
95.0 0.00145578002456
96.0 0.00147582721031
97.0 0.00149120378478
98.0 0.00150083704932
99.0 0.00150382257219
100.0 0.00149944560074
101.0 0.0014871964746
102.0 0.00146677907817
103.0 0.00143811177126
104.0 0.00140132074091
105.0 0.00135672623575
106.0 0.0013048226093
107.0 0.00124625346723
108.0 0.00118178345455
109.0 0.00111226829868
110.0 0.00103862461696
111.0 0.000961800724205
112.0 0.000882749317294
113.0 0.000802402594557
114.0 0.000721650184218
115.0 0.000641320230593
116.0 0.000562164046994
117.0 0.000484844772382
118.0 0.000409930368101
119.0 0.000337891038036
120.0 0.00026910080572
121.0 0.000203842632516
122.0 0.000142316200382
123.0 8.46473567854e-05
124.0 3.08982283766e-05
125.0 -1.89228716389e-05
126.0 -6.48524194922e-05
127.0 -0.000106963964481
128.0 -0.00014536186197
129.0 -0.000180176320367
130.0 -0.0002115594018
131.0 -0.000239681491514
132.0 -0.000264727757415
133.0 -0.00028689425667
134.0 -0.00030638357214
135.0 -0.000323400111718
136.0 -0.000338145406469
137.0 -0.000350813843754
138.0 -0.000361589248048
139.0 -0.000370642591785
140.0 -0.000378130927357
141.0 -0.000384197436446
142.0 -0.00038897234357
143.0 -0.000392574364498
144.0 -0.000395112359768
145.0 -0.000396686921382
146.0 -0.000397391709943
147.0 -0.000397314453953
148.0 -0.000396537603988
149.0 -0.000395138692606
150.0 -0.000393190484246
151.0 -0.000390761009857
152.0 -0.000387913571981
153.0 -0.000384706781294
154.0 -0.00038119465026
155.0 -0.000377426731033
156.0 -0.000373448252831
157.0 -0.000369300198782
158.0 -0.000365019270965
159.0 -0.000360637725597
160.0 -0.000356183110623
161.0 -0.000351677990429
162.0 -0.000347139779416
163.0 -0.000342580812731
164.0 -0.000338008751841
165.0 -0.000333427359433
166.0 -0.000328837597144
167.0 -0.000324238922068
168.0 -0.000319630604828
169.0 -0.000315012877902
170.0 -0.000310387752151
171.0 -0.000305759404845
172.0 -0.000301134127545
173.0 -0.000296519906124
174.0 -0.000291925768197
175.0 -0.000287361061638
176.0 -0.000282834817313
177.0 -0.000278355305219
178.0 -0.000273929829388
179.0 -0.000269564740752
180.0 -0.000265265595309
181.0 -0.000261037358711
182.0 -0.000256884561457
183.0 -0.000252811336588
184.0 -0.000248821313841
185.0 -0.000244917388117
186.0 -0.000241101414732
187.0 -0.000237373902657
188.0 -0.000233733777992
189.0 -0.000230178276095
190.0 -0.000226702996999
191.0 -0.000223302130907
192.0 -0.000219968833401
193.0 -0.00021669570746
194.0 -0.000213475334113
195.0 -0.000210300787485
196.0 -0.000207166074186
197.0 -0.000204066451207
198.0 -0.000200998598626
199.0 -0.00019796064941
200.0 -0.000194952102874
201.0 -0.000191973665119
202.0 -0.000189027064629
203.0 -0.000186114882868
204.0 -0.00018324042046
205.0 -0.000180407595031
206.0 -0.000177620844549
207.0 -0.000174884997211
208.0 -0.000172205070214
209.0 -0.000169585975882
210.0 -0.000167032140858
211.0 -0.000164547075298
212.0 -0.000162132955555
213.0 -0.000159790297771
214.0 -0.000157517796154
215.0 -0.000155312377802
216.0 -0.000153169489639
217.0 -0.000151083589797
218.0 -0.00014904877494
219.0 -0.000147059445548
220.0 -0.000145110899605
221.0 -0.000143199754282
222.0 -0.00014132412349
223.0 -0.000139483521205
224.0 -0.000137678508193
225.0 -0.000135910144148
226.0 -0.000134179340124
227.0 -0.000132486221803
228.0 -0.00013082961007
229.0 -0.000129206703076
230.0 -0.000127613008065
231.0 -0.000126042528749
232.0 -0.000124488173007
233.0 -0.000122942313212
234.0 -0.000121397413019
235.0 -0.000119846631903
236.0 -0.000118284331307
237.0 -0.000116706429695
238.0 -0.000115110582669
239.0 -0.000113496192169
240.0 -0.000111864270705
241.0 -0.000110217199339
242.0 -0.000108558421298
243.0 -0.000106892108374
244.0 -0.000105222828102
245.0 -0.00010355522984
246.0 -0.000101893760445
247.0 -0.000100242416987
248.0 -9.86045446485e-05
249.0 -9.69826910938e-05
250.0 -9.53785314852e-05
251.0 -9.37928785865e-05
252.0 -9.22257881911e-05
253.0 -9.06767611272e-05
254.0 -8.91450304164e-05
255.0 -8.76299081173e-05
256.0 -8.61311539212e-05
257.0 -8.46493195551e-05
258.0 -8.31860215767e-05
259.0 -8.17441010859e-05
260.0 -8.03276416557e-05
261.0 -7.89418345212e-05
262.0 -7.75926999699e-05
263.0 -7.62866927569e-05
264.0 -7.50302342793e-05
265.0 -7.38292229571e-05
266.0 -7.26885756598e-05
267.0 -7.1611847222e-05
268.0 -7.06009633528e-05
269.0 -6.96560867138e-05
270.0 -6.87756191541e-05
271.0 -6.79563275991e-05
272.0 -6.71935689494e-05
273.0 -6.64815818788e-05
274.0 -6.58138110582e-05
275.0 -6.51832316328e-05
276.0 -6.45826476842e-05
277.0 -6.4004946444e-05
278.0 -6.34432987002e-05
279.0 -6.28913038336e-05
280.0 -6.23430843336e-05
281.0 -6.17933390054e-05
282.0 -6.12373663357e-05
283.0 -6.06710698852e-05
284.0 -6.00909565282e-05
285.0 -5.94941363075e-05
286.0 -5.88783299999e-05
287.0 -5.82418875108e-05
288.0 -5.75838171767e-05
289.0 -5.69038231524e-05
290.0 -5.62023455135e-05
291.0 -5.54805957394e-05
292.0 -5.47405790741e-05
293.0 -5.39850950884e-05
294.0 -5.32177086767e-05
295.0 -5.24426856881e-05
296.0 -5.16648902484e-05
297.0 -5.08896442624e-05
298.0 -5.01225532192e-05
299.0 -4.93693058266e-05
