10.0 0.4457469228412217
11.0 0.37904108922372726
12.0 0.3250029521838671
13.0 0.28083503207048777
14.0 0.2442590433484806
15.0 0.21371928464994272
16.0 0.18801585652767214
17.0 0.16620627037587699
18.0 0.14759046410902626
19.0 0.1316017358596295
20.0 0.11774317874230414
21.0 0.10572232268223238
22.0 0.09518936711697683
23.0 0.0859811692051761
24.0 0.0778666581679058
25.0 0.07068530662370254
26.0 0.0643089499623203
27.0 0.05862736797155742
28.0 0.05354532323587048
29.0 0.04901796116680375
30.0 0.0449423513822786
31.0 0.04125633667662201
32.0 0.037948260210384874
33.0 0.03494376139019171
34.0 0.032224329141956325
35.0 0.029747742169880083
36.0 0.02750260820361617
37.0 0.025440434303900507
38.0 0.02357231477143862
39.0 0.0218586930885558
40.0 0.020281739300890753
41.0 0.018836166577185835
42.0 0.017515242326203002
43.0 0.016296735098050408
44.0 0.015172156659014516
45.0 0.01413354966432829
46.0 0.013173722036916162
47.0 0.012286338501115874
48.0 0.011465442029404919
49.0 0.010705275271988007
50.0 0.010000617507108987
51.0 0.009346690912715193
52.0 0.00873954770335023
53.0 0.008175232877984372
54.0 0.007650002054468371
55.0 0.007160382355633755
56.0 0.006703462547976267
57.0 0.006276624155977906
58.0 0.005877332341903919
59.0 0.005503238986000392
60.0 0.005152242576701189
61.0 0.004824256491503696
62.0 0.004519258152999865
63.0 0.004232032226025023
64.0 0.003961144519193845
65.0 0.0037053119282494137
66.0 0.003466362582738607
67.0 0.003242902310095461
68.0 0.0030310778770547974
69.0 0.002830101839541735
70.0 0.0026431987870376037
71.0 0.0024679854667714477
72.0 0.0023016778479870606
73.0 0.0021455111210543706
74.0 0.0020024648631687325
75.0 0.0018673552723548017
76.0 0.0017413482658845516
77.0 0.001629520908957684
78.0 0.0015253997633102553
79.0 0.001432108558010148
80.0 0.001353086191969535
81.0 0.0012816672275411329
82.0 0.0012265004324368905
83.0 0.0011833064411852089
84.0 0.001149589781597746
85.0 0.001135855134571365
86.0 0.0011289309894736968
87.0 0.001140367631271846
88.0 0.0011613714501221306
89.0 0.0011935950067012322
90.0 0.0012375409838581346
91.0 0.0012867086327854739
92.0 0.0013451387463312469
93.0 0.0014048341847908187
94.0 0.001466419049609396
95.0 0.0015266412306870303
96.0 0.0015801780865751993
97.0 0.0016292829480189608
98.0 0.0016653443222071152
99.0 0.0016939446596569488
100.0 0.0017050698364505376
101.0 0.0017073068891424769
102.0 0.0016893208696273762
103.0 0.0016635181611407905
104.0 0.0016167040559912182
105.0 0.001564995305858062
106.0 0.0014931941806941627
107.0 0.0014199642804548795
108.0 0.0013300092741147962
109.0 0.001240054267774713
110.0 0.0011408736426462315
111.0 0.0010408771426911898
112.0 0.0009392865866938117
113.0 0.0008370611420519539
114.0 0.0007369280572862088
115.0 0.0006391824798277004
116.0 0.0005430316170493366
117.0 0.0004544753368816814
118.0 0.00036591905671402625
119.0 0.00028735262531262405
120.0 0.00021077903122180148
121.0 0.00014001073006174991
122.0 7.643681620966901e-05
123.0 1.3006964715816804e-05
124.0 -3.773939067975734e-05
125.0 -8.84857460753315e-05
126.0 -0.00013308303832297217
127.0 -0.00017215452420373895
128.0 -0.00021122601008450567
129.0 -0.00024016706114638657
130.0 -0.0002690260318416758
131.0 -0.0002944450550578776
132.0 -0.00031483184037846344
133.0 -0.0003352186256990494
134.0 -0.0003503505652601618
135.0 -0.0003638938077644998
136.0 -0.0003770301182366443
137.0 -0.00038524606082956437
138.0 -0.00039346200342248443
139.0 -0.00040032212633435427
140.0 -0.0004044363168049366
141.0 -0.00040855050727551905
142.0 -0.00041105775469036846
143.0 -0.00041213560661550983
144.0 -0.0004132134585406512
145.0 -0.0004128117295034694
146.0 -0.0004116856514320874
147.0 -0.00041055957336070533
148.0 -0.00040826148026377345
149.0 -0.0004055845117080626
150.0 -0.00040290754315235175
151.0 -0.0003994043450643764
152.0 -0.00039566969695203766
153.0 -0.0003919350488396989
154.0 -0.00038769209031279097
155.0 -0.00038327656260888374
156.0 -0.0003788610349049766
157.0 -0.0003741806232868813
158.0 -0.0003693579726749839
159.0 -0.0003645353220630866
160.0 -0.0003596203528608324
161.0 -0.00035461012246555207
162.0 -0.0003495998920702716
163.0 -0.0003445821485805083
164.0 -0.00033954407990333736
165.0 -0.0003345060112261664
166.0 -0.00032946794254899546
167.0 -0.00032449977279708973
168.0 -0.00031953284687158905
169.0 -0.00031456592094608837
170.0 -0.0003097090367780184
171.0 -0.0003049171303054516
172.0 -0.0003001252238328848
173.0 -0.0002953822225500374
174.0 -0.00029082633012753804
175.0 -0.0002862704377050386
176.0 -0.0002817145452825392
177.0 -0.00027734316232922763
178.0 -0.0002730447609727365
179.0 -0.00026874635961624536
180.0 -0.00026448485328454
181.0 -0.00026042386526042686
182.0 -0.00025636287723631375
183.0 -0.0002523018892122007
184.0 -0.00024836550553253224
185.0 -0.0002445430853053651
186.0 -0.000240720665078198
187.0 -0.00023689824485103087
188.0 -0.00023324543237824324
189.0 -0.00022963091435085686
190.0 -0.00022601639632347043
191.0 -0.00022241008079425947
192.0 -0.00021903377791600534
193.0 -0.0002156574750377512
194.0 -0.00021228117215949704
195.0 -0.00020895120270357943
196.0 -0.00020583715653970034
197.0 -0.00020272311037582123
198.0 -0.00019960906421194214
199.0 -0.00019656230800148606
200.0 -0.00019372749768702588
201.0 -0.0001908926873725657
202.0 -0.00018805787705810552
203.0 -0.00018527677861382603
204.0 -0.00018267986351195038
205.0 -0.0001800829484100748
206.0 -0.00017748603330819916
207.0 -0.0001749113052158565
208.0 -0.0001724857610861161
209.0 -0.0001700602169563757
210.0 -0.0001676346728266353
211.0 -0.00016520912869689492
212.0 -0.00016292672848867686
213.0 -0.00016065179797677804
214.0 -0.00015837686746487923
215.0 -0.00015610193695298039
216.0 -0.00015391091678647025
217.0 -0.00015175814084565515
218.0 -0.00014960536490484002
219.0 -0.00014745258896402489
220.0 -0.00014534980976633249
221.0 -0.00014334525762750038
222.0 -0.0001413407054886683
223.0 -0.00013933615334983616
224.0 -0.00013733160121100408
225.0 -0.00013550489853096946
226.0 -0.0001336979955346561
227.0 -0.00013189109253834277
228.0 -0.0001300841895420294
229.0 -0.00012834731371846308
230.0 -0.00012672830259928772
231.0 -0.00012510929148011238
232.0 -0.00012349028036093702
233.0 -0.00012187126924176166
234.0 -0.00012033174655278882
235.0 -0.00011881814090572785
236.0 -0.00011730453525866688
237.0 -0.00011579092961160592
238.0 -0.00011427758701788118
239.0 -0.00011277020892297903
240.0 -0.00011126283082807689
241.0 -0.00010975545273317474
242.0 -0.00010824807463827258
243.0 -0.00010672288754739891
244.0 -0.0001051397824483423
245.0 -0.00010355667734928569
246.0 -0.00010197357225022909
247.0 -0.00010039046715117247
248.0 -9.880410392955742e-05
249.0 -9.721115549591198e-05
250.0 -9.561820706226654e-05
251.0 -9.40252586286211e-05
252.0 -9.243231019497565e-05
253.0 -9.086859454768758e-05
254.0 -8.93648381449463e-05
255.0 -8.786108174220502e-05
256.0 -8.635732533946376e-05
257.0 -8.485356893672248e-05
258.0 -8.338631168083163e-05
259.0 -8.204591209057192e-05
260.0 -8.070551250031223e-05
261.0 -7.936511291005252e-05
262.0 -7.802471331979281e-05
263.0 -7.668783674936109e-05
264.0 -7.556764124444799e-05
265.0 -7.444744573953488e-05
266.0 -7.332725023462177e-05
267.0 -7.220705472970868e-05
268.0 -7.108685922479556e-05
269.0 -7.011048719293262e-05
270.0 -6.919476979277397e-05
271.0 -6.827905239261533e-05
272.0 -6.736333499245667e-05
273.0 -6.6447617592298e-05
274.0 -6.557529977416682e-05
275.0 -6.481271269636482e-05
276.0 -6.405012561856282e-05
277.0 -6.328753854076082e-05
278.0 -6.252495146295881e-05
279.0 -6.176236438515681e-05
280.0 -6.106169823440983e-05
281.0 -6.038123733421631e-05
282.0 -5.970077643402279e-05
283.0 -5.902031553382927e-05
284.0 -5.833985463363575e-05
285.0 -5.7665416383413864e-05
286.0 -5.703833452507478e-05
287.0 -5.64112526667357e-05
288.0 -5.578417080839661e-05
289.0 -5.5157088950057525e-05
290.0 -5.453000709171844e-05
291.0 -5.392696542800795e-05
292.0 -5.336708672667205e-05
293.0 -5.280720802533615e-05
294.0 -5.224732932400025e-05
295.0 -5.1687450622664354e-05
296.0 -5.112757192132845e-05
297.0 -5.060155983133021e-05
298.0 -5.011131400005939e-05
299.0 -4.9621068168788565e-05
