10.0 0.44377449364532706
11.0 0.3771601568231957
12.0 0.3234307059681793
13.0 0.2795224458663983
14.0 0.24322927553084886
15.0 0.21293117255640065
16.0 0.18741797763827847
17.0 0.1657683138674715
18.0 0.14726807432798303
19.0 0.13135727939809652
20.0 0.11759344497561117
21.0 0.10562396075355895
22.0 0.09516479345782097
23.0 0.08598458460973091
24.0 0.07789322955350052
25.0 0.0707336922350627
26.0 0.06437576465593564
27.0 0.05871093336102074
28.0 0.053648128804019604
29.0 0.04911039458140024
30.0 0.04503236807360474
31.0 0.04135830359453194
32.0 0.03804043086937854
33.0 0.03503759172908142
34.0 0.03231415990514633
35.0 0.02983921024236542
36.0 0.027585846127790515
37.0 0.025530598918930933
38.0 0.02365288772704086
39.0 0.021934585377949886
40.0 0.02035970576709679
41.0 0.018914156772463712
42.0 0.017585491522163727
43.0 0.016362653617586407
44.0 0.015235765484136158
45.0 0.014195989772397801
46.0 0.013235436064984268
47.0 0.012347064850021799
48.0 0.01152457519619521
49.0 0.01076230040828243
50.0 0.010055132958051424
51.0 0.009398470549200606
52.0 0.008788161324462132
53.0 0.00822044102126483
54.0 0.0076918744220411
55.0 0.00719931433942268
56.0 0.006739877412721601
57.0 0.00631092625929654
58.0 0.005910050877793931
59.0 0.0055350507258092605
60.0 0.005183921555959094
61.0 0.004854846466194487
62.0 0.004546185688064915
63.0 0.004256460410859849
64.0 0.003984331691940259
65.0 0.0037285808301593237
66.0 0.0034880980396828133
67.0 0.0032618818774508016
68.0 0.003049046350760799
69.0 0.0028488298960938113
70.0 0.002660601630592249
71.0 0.0024838634527269677
72.0 0.0023182487991733666
73.0 0.002163518902112379
74.0 0.0020195563117755486
75.0 0.0018863550596021764
76.0 0.0017640076599120568
77.0 0.001652690041729058
78.0 0.0015526451106489202
79.0 0.001464163960130633
80.0 0.0013875621740294492
81.0 0.0013231485981099306
82.0 0.0012711855870291455
83.0 0.0012318420681698677
84.0 0.0012051427071021192
85.0 0.0011909176184515772
86.0 0.001188757629540066
87.0 0.0011979802079154322
88.0 0.001217610590914655
89.0 0.0012463811574487404
90.0 0.0012827498539362831
91.0 0.0013249362130337901
92.0 0.0013709719181048026
93.0 0.0014187622530220053
94.0 0.001466154864042729
95.0 0.0015110125271137116
96.0 0.0015512866924585356
97.0 0.001585088434349309
98.0 0.0016107532699926868
99.0 0.0016268963624710242
100.0 0.0016324550215566609
101.0 0.0016267161731185003
102.0 0.0016093275051385896
103.0 0.0015802921851273675
104.0 0.0015399482238941324
105.0 0.001488934588280427
106.0 0.0014281469386443
107.0 0.0013586863369325227
108.0 0.0012818044240389072
109.0 0.0011988484015630868
110.0 0.0011112086946013617
111.0 0.001020271488153847
112.0 0.00092737755039619
113.0 0.0008337880431943924
114.0 0.0007406575027816309
115.0 0.0006490138894155243
116.0 0.0005597454902169689
117.0 0.0004735943934382952
118.0 0.00039115612911480086
119.0 0.0003128848532317428
120.0 0.00023910317981121854
121.0 0.00017001551927340737
122.0 0.00010572363635710398
123.0 4.624313104554223e-05
124.0 -8.48033701728389e-06
125.0 -5.855604761987264e-05
126.0 -0.00010413513446393016
127.0 -0.00014539979491647772
128.0 -0.00018255485054862304
129.0 -0.00021582141061219265
130.0 -0.00024543215270198107
131.0 -0.0002716276077186098
132.0 -0.00029465284809106917
133.0 -0.00031475412468838433
134.0 -0.00033217523794142
135.0 -0.00034715369482833517
136.0 -0.0003599169221696972
137.0 -0.00037067892209083114
138.0 -0.00037963774561275676
139.0 -0.00038697404162823813
140.0 -0.0003928507568589091
141.0 -0.0003974138750229469
142.0 -0.0004007939397104706
143.0 -0.00040310803328114824
144.0 -0.0004044618862529302
145.0 -0.000404951851038644
146.0 -0.00040466656384730064
147.0 -0.0004036882132066581
148.0 -0.00040209341441219425
149.0 -0.0003999537470432955
150.0 -0.000397336045605702
151.0 -0.0003943025433913639
152.0 -0.0003909109601255174
153.0 -0.00038721459873393465
154.0 -0.00038326248071074827
155.0 -0.0003790995105487246
156.0 -0.0003747666272733009
157.0 -0.00037030088547441656
158.0 -0.0003657354165261235
159.0 -0.0003610992536266874
160.0 -0.0003564170542850112
161.0 -0.00035170880617305323
162.0 -0.000346989639086208
163.0 -0.0003422698721355769
164.0 -0.00033755539453626983
165.0 -0.00033284841494278565
166.0 -0.00032814853315488054
167.0 -0.00032345401030992613
168.0 -0.0003187630604231828
169.0 -0.0003140749720712528
170.0 -0.00030939089836563844
171.0 -0.000304714218909005
172.0 -0.00030005046275335
173.0 -0.0002954068655629293
174.0 -0.00029079169739048844
175.0 -0.00028621352598725674
176.0 -0.0002816805699654386
177.0 -0.0002772002519573617
178.0 -0.0002727789976954949
179.0 -0.0002684222602347762
180.0 -0.00026413469604758867
181.0 -0.00025992039291140954
182.0 -0.00025578305197851214
183.0 -0.0002517260537241229
184.0 -0.0002477523793131379
185.0 -0.00024386440277586558
186.0 -0.00024006360426046043
187.0 -0.0002363502737535935
188.0 -0.00023272327634733982
189.0 -0.00022917993696197782
190.0 -0.0002257160794630815
191.0 -0.00022232622793951387
192.0 -0.0002190039514226441
193.0 -0.00021574231124826037
194.0 -0.00021253435527938199
195.0 -0.00020937359722630568
196.0 -0.0002062544233700757
197.0 -0.00020317238289673615
198.0 -0.00020012433974011916
199.0 -0.00019710848927924208
200.0 -0.00019412426691588666
201.0 -0.00019117219172389146
202.0 -0.00018825369271519644
203.0 -0.00018537095647107055
204.0 -0.00018252681530424222
205.0 -0.00017972467042619858
206.0 -0.00017696842229357026
207.0 -0.00017426236757005326
208.0 -0.00017161102362298636
209.0 -0.00016901885783707907
210.0 -0.00016648992656260266
211.0 -0.0001640274600579426
212.0 -0.00016163345660713928
213.0 -0.00015930836316062436
214.0 -0.00015705091636917045
215.0 -0.00015485819607563727
216.0 -0.00015272590706051636
217.0 -0.0001506488616051843
218.0 -0.00014862159457809738
219.0 -0.00014663901324960414
220.0 -0.00014469697250071644
221.0 -0.00014279267529414318
222.0 -0.00014092482669487885
223.0 -0.00013909351193981857
224.0 -0.00013729981698431835
225.0 -0.00013554525455967625
226.0 -0.00013383109186086993
227.0 -0.00013215769173676933
228.0 -0.00013052397526979462
229.0 -0.00012892709124514494
230.0 -0.0001273623419087581
231.0 -0.00012582337164412891
232.0 -0.00012430258371551038
233.0 -0.00012279171733582526
234.0 -0.00012128249826454244
235.0 -0.00011976727316410557
236.0 -0.00011823954999525582
237.0 -0.00011669438990667317
238.0 -0.00011512862466039852
239.0 -0.00011354090149881177
240.0 -0.00011193157936131029
241.0 -0.00011030251340808403
242.0 -0.00010865676834263387
243.0 -0.00010699829681082248
244.0 -0.00010533161050532015
245.0 -0.00010366146228314401
246.0 -0.00010199255070237673
247.0 -0.00010032925553232736
248.0 -9.867541384426367e-05
249.0 -9.703414957454658e-05
250.0 -9.54077724305712e-05
251.0 -9.379776215477459e-05
252.0 -9.220484976751689e-05
253.0 -9.062919812879389e-05
254.0 -8.907067113485318e-05
255.0 -8.752916645604804e-05
256.0 -8.600497391426774e-05
257.0 -8.449911328640487e-05
258.0 -8.301360362810698e-05
259.0 -8.155162201207408e-05
260.0 -8.011752230138609e-05
261.0 -7.871670234721677e-05
262.0 -7.73553279976272e-05
263.0 -7.603994133142071e-05
264.0 -7.477699560491277e-05
265.0 -7.357236827796554e-05
266.0 -7.24309050269784e-05
267.0 -7.135604196079034e-05
268.0 -7.034954158905226e-05
269.0 -6.941136257150071e-05
270.0 -6.853966646647905e-05
271.0 -6.773094913094653e-05
272.0 -6.69802721883647e-05
273.0 -6.628156240250789e-05
274.0 -6.562794431287818e-05
275.0 -6.501207368973946e-05
276.0 -6.442644518216084e-05
277.0 -6.386365551729747e-05
278.0 -6.331661225851823e-05
279.0 -6.277868614183369e-05
280.0 -6.22438114682374e-05
281.0 -6.170654346473542e-05
282.0 -6.116208388044805e-05
283.0 -6.060628659510403e-05
284.0 -6.0035654085380446e-05
285.0 -5.9447333651843e-05
286.0 -5.8839119739036405e-05
287.0 -5.820946578637908e-05
288.0 -5.755750606345586e-05
289.0 -5.688308507644882e-05
290.0 -5.618678959249468e-05
291.0 -5.546997634102073e-05
292.0 -5.473478724580621e-05
293.0 -5.398414380646042e-05
294.0 -5.322171308838509e-05
295.0 -5.245183967103139e-05
296.0 -5.167944068010453e-05
297.0 -5.090986439128162e-05
298.0 -5.014871645626163e-05
299.0 -4.940166114996985e-05
