10.0 0.500831818417
11.0 0.42873391455
12.0 0.369442590505
13.0 0.320292653844
14.0 0.279243421598
15.0 0.244718937643
16.0 0.215491904588
17.0 0.190597916381
18.0 0.169272503552
19.0 0.150905200045
20.0 0.135005407302
21.0 0.121176321327
22.0 0.109094785584
23.0 0.0984958024882
24.0 0.0891607240283
25.0 0.0809082161668
26.0 0.073587203429
27.0 0.0670712279195
28.0 0.0612539042851
29.0 0.0560452869706
30.0 0.0513689809389
31.0 0.0471598213087
32.0 0.0433619838483
33.0 0.0399274420783
34.0 0.0368147162781
35.0 0.0339878603607
36.0 0.0314156274588
37.0 0.0290707663508
38.0 0.0269294268147
39.0 0.0249706688368
40.0 0.0231760637484
41.0 0.0215293604044
42.0 0.0200161911701
43.0 0.0186238115125
44.0 0.0173408811133
45.0 0.0161572889733
46.0 0.0150640105035
47.0 0.0140529804939
48.0 0.0131169756315
49.0 0.0122495103956
50.0 0.0114447497854
51.0 0.010697435406
52.0 0.0100028185349
53.0 0.00935659797747
54.0 0.00875486564103
55.0 0.00819406289551
56.0 0.00767094700529
57.0 0.00718256416339
58.0 0.00672622631918
59.0 0.00629949108333
60.0 0.00590014467722
61.0 0.00552618682147
62.0 0.00517581551094
63.0 0.0048474103762
64.0 0.00453951541319
65.0 0.00425082355059
66.0 0.00398016544979
67.0 0.00372650319052
68.0 0.00348892738588
69.0 0.0032666551527
70.0 0.00305902666076
71.0 0.00286549908209
72.0 0.00268563772277
73.0 0.0025191044956
74.0 0.00236564392011
75.0 0.00222506696531
76.0 0.00209723337461
77.0 0.00198203329659
78.0 0.00187936875918
79.0 0.0017891348642
80.0 0.00171120003399
81.0 0.00164538466322
82.0 0.00159143816317
83.0 0.00154901530007
84.0 0.00151765352324
85.0 0.00149675344311
86.0 0.00148556472907
87.0 0.0014831794632
88.0 0.00148853438654
89.0 0.00150042253771
90.0 0.00151751369087
91.0 0.00153838205636
92.0 0.00156153918129
93.0 0.00158546995045
94.0 0.00160866989281
95.0 0.00162968239493
96.0 0.0016471347098
97.0 0.00165977175874
98.0 0.00166648670283
99.0 0.00166634720845
100.0 0.00165861633928
101.0 0.00164276712954
102.0 0.00161849014364
103.0 0.00158569368507
104.0 0.00154449673674
105.0 0.00149521514058
106.0 0.00143834190649
107.0 0.00137452283947
108.0 0.00130452886065
109.0 0.00122922645545
110.0 0.00114954760893
111.0 0.001066460411
112.0 0.000980941283511
113.0 0.000893949558339
114.0 0.000806404966392
115.0 0.000719168489254
116.0 0.000633026948654
117.0 0.00054868161552
118.0 0.000466740972207
119.0 0.000387717551894
120.0 0.000312028535488
121.0 0.000239999555247
122.0 0.000171870980804
123.0 0.000107805875337
124.0 4.78988139975e-05
125.0 -7.81515577584e-06
126.0 -5.9351980027e-05
127.0 -0.000106770862759
128.0 -0.000150167489663
129.0 -0.000189668172759
130.0 -0.000225424723657
131.0 -0.000257609780655
132.0 -0.000286412317082
133.0 -0.000312033138724
134.0 -0.000334680310702
135.0 -0.000354564599484
136.0 -0.00037189513264
137.0 -0.000386875536649
138.0 -0.000399700799341
139.0 -0.000410555027254
140.0 -0.000419610153911
141.0 -0.000427025534787
142.0 -0.000432948266834
143.0 -0.000437514013148
144.0 -0.00044084810114
145.0 -0.000443066688819
146.0 -0.000444277844709
147.0 -0.000444582447479
148.0 -0.000444074868753
149.0 -0.000442843448477
150.0 -0.000440970802424
151.0 -0.000438534015321
152.0 -0.000435604771973
153.0 -0.000432249465999
154.0 -0.000428529305757
155.0 -0.00042450041585
156.0 -0.000420213916471
157.0 -0.000415715957593
158.0 -0.000411047693474
159.0 -0.000406245204165
160.0 -0.000401339399101
161.0 -0.000396355964404
162.0 -0.000391315430694
163.0 -0.000386233434269
164.0 -0.000381121219397
165.0 -0.00037598638681
166.0 -0.000370833842929
167.0 -0.000365666858327
168.0 -0.000360488114437
169.0 -0.000355300612547
170.0 -0.000350108340557
171.0 -0.00034491663595
172.0 -0.000339732237808
173.0 -0.000334563073807
174.0 -0.000329417868112
175.0 -0.000324305674737
176.0 -0.0003192354357
177.0 -0.000314215637553
178.0 -0.000309254101635
179.0 -0.000304357903163
180.0 -0.000299533381968
181.0 -0.000294786190182
182.0 -0.000290121321978
183.0 -0.000285543085307
184.0 -0.000281054999688
185.0 -0.000276659630395
186.0 -0.000272358390999
187.0 -0.000268151358837
188.0 -0.000264037149692
189.0 -0.000260012889821
190.0 -0.000256074308106
191.0 -0.000252215952058
192.0 -0.000248431512252
193.0 -0.000244714223596
194.0 -0.000241057300962
195.0 -0.000237454362725
196.0 -0.000233899799178
197.0 -0.00023038905305
198.0 -0.000226918794475
199.0 -0.000223486989921
200.0 -0.00022009287992
201.0 -0.00021673689079
202.0 -0.000213420508455
203.0 -0.000210146137642
204.0 -0.000206916958935
205.0 -0.000203736782918
206.0 -0.00020060988933
207.0 -0.000197540833764
208.0 -0.000194534207284
209.0 -0.000191594345428
210.0 -0.000188724999747
211.0 -0.000185929002955
212.0 -0.000183207972659
213.0 -0.000180562103995
214.0 -0.000177990095681
215.0 -0.000175489237052
216.0 -0.000173055658309
217.0 -0.000170684717528
218.0 -0.000168371471819
219.0 -0.000166111162096
220.0 -0.000163899635267
221.0 -0.000161733635836
222.0 -0.000159610919657
223.0 -0.000157530172262
224.0 -0.000155490747171
225.0 -0.000153492270051
226.0 -0.000151534176762
227.0 -0.00014961526373
228.0 -0.000147733325794
229.0 -0.000145884940991
230.0 -0.000144065436689
231.0 -0.000142269041872
232.0 -0.000140489201658
233.0 -0.000138719007055
234.0 -0.000136951679207
235.0 -0.000135181044335
236.0 -0.000133401942843
237.0 -0.000131610530992
238.0 -0.000129804452694
239.0 -0.00012798287829
240.0 -0.000126146423373
241.0 -0.000124296971586
242.0 -0.000122437430241
243.0 -0.000120571447434
244.0 -0.000118703115729
245.0 -0.000116836682631
246.0 -0.000114976283782
247.0 -0.000113125712002
248.0 -0.000111288234158
249.0 -0.000109466467433
250.0 -0.000107662325716
251.0 -0.000105877044195
252.0 -0.000104111285078
253.0 -0.000102365319657
254.0 -0.000100639272527
255.0 -9.89334042182e-05
256.0 -9.72484006752e-05
257.0 -9.55856336755e-05
258.0 -9.3947356702e-05
259.0 -9.23368063427e-05
260.0 -9.07581895195e-05
261.0 -8.92165503511e-05
262.0 -8.77175252564e-05
263.0 -8.62670087967e-05
264.0 -8.48707636697e-05
265.0 -8.35340146623e-05
266.0 -8.22610674441e-05
267.0 -8.10549889231e-05
268.0 -7.99173773323e-05
269.0 -7.88482387748e-05
270.0 -7.78459744041e-05
271.0 -7.69074705753e-05
272.0 -7.60282746797e-05
273.0 -7.52028330063e-05
274.0 -7.4424764256e-05
275.0 -7.36871431063e-05
276.0 -7.29827718308e-05
277.0 -7.230442345e-05
278.0 -7.16450462085e-05
279.0 -7.09979253393e-05
280.0 -7.03568033827e-05
281.0 -6.97159642801e-05
282.0 -6.90702889079e-05
283.0 -6.84152906838e-05
284.0 -6.77471395839e-05
285.0 -6.70626816236e-05
286.0 -6.63594588909e-05
287.0 -6.56357328511e-05
288.0 -6.48905111371e-05
289.0 -6.4123575639e-05
290.0 -6.33355076303e-05
291.0 -6.25277041336e-05
292.0 -6.17023789069e-05
293.0 -6.0862541449e-05
294.0 -6.00119483248e-05
295.0 -5.9155022835e-05
296.0 -5.8296741458e-05
297.0 -5.7442488311e-05
298.0 -5.65978818219e-05
299.0 -5.57685805431e-05
