10.0 0.342480276021
11.0 0.291122479603
12.0 0.249664870603
13.0 0.215758308337
14.0 0.187712474315
15.0 0.164286385593
16.0 0.144552670599
17.0 0.127804539863
18.0 0.113493346134
19.0 0.101188023745
20.0 0.0905472206605
21.0 0.0812983182693
22.0 0.0732212606426
23.0 0.0661364776343
24.0 0.0598962056811
25.0 0.054378256945
26.0 0.0494812527252
27.0 0.0451206853364
28.0 0.0412256435808
29.0 0.0377362364072
30.0 0.034601635814
31.0 0.0317785351951
32.0 0.0292298657762
33.0 0.0269237285304
34.0 0.0248325460861
35.0 0.0229324090175
36.0 0.0212025463244
37.0 0.0196248535667
38.0 0.0181834694407
39.0 0.0168644357913
40.0 0.0156554524849
41.0 0.0145456838738
42.0 0.0135255648653
43.0 0.0125866030072
44.0 0.0117212142934
45.0 0.0109226156045
46.0 0.0101847523259
47.0 0.0095022240835
48.0 0.0088701981009
49.0 0.0082843288404
50.0 0.00774070029994
51.0 0.00723578468158
52.0 0.00676640048677
53.0 0.00632966449311
54.0 0.00592294711541
55.0 0.0055438413428
56.0 0.00519014468889
57.0 0.00485984609412
58.0 0.00455111229591
59.0 0.00426227474019
60.0 0.00399182014857
61.0 0.00373838428041
62.0 0.00350074461747
63.0 0.00327780827827
64.0 0.00306859588055
65.0 0.0028722261529
66.0 0.00268790643595
67.0 0.0025149308286
68.0 0.00235268348254
69.0 0.00220064246154
70.0 0.00205838055583
71.0 0.00192556195363
72.0 0.00180193548361
73.0 0.00168732529063
74.0 0.00158161911449
75.0 0.00148475418838
76.0 0.00139670154343
77.0 0.00131745029896
78.0 0.00124699326457
79.0 0.00118531385432
80.0 0.00113237296829
81.0 0.00108809421042
82.0 0.00105234672785
83.0 0.00102492633832
84.0 0.00100553665185
85.0 0.000993772342022
86.0 0.000989106784553
87.0 0.000990886121768
88.0 0.000998331311807
89.0 0.00101054871963
90.0 0.00102654845577
91.0 0.0010452684694
92.0 0.00106560186485
93.0 0.0010864251786
94.0 0.00110662613116
95.0 0.00112513016946
96.0 0.00114092558499
97.0 0.00115308705865
98.0 0.00116079728313
99.0 0.001163366045
100.0 0.00116024595642
101.0 0.00115104398418
102.0 0.00113552804639
103.0 0.00111362821044
104.0 0.00108543237508
105.0 0.00105117669089
106.0 0.00101123131693
107.0 0.000966082393646
108.0 0.000916311309098
109.0 0.000862572417432
110.0 0.000805570313789
111.0 0.000746037589015
112.0 0.000684713741558
113.0 0.000622325703215
114.0 0.000559570314544
115.0 0.000497099078824
116.0 0.000435505575625
117.0 0.000375315935665
118.0 0.000316982694461
119.0 0.000260882136796
120.0 0.000207314961556
121.0 0.000156509813523
122.0 0.000108629014747
123.0 6.37757194285e-05
124.0 2.20017139014e-05
125.0 -1.6684832187e-05
126.0 -5.23122088785e-05
127.0 -8.49389551855e-05
128.0 -0.000114648728502
129.0 -0.000141546172287
130.0 -0.000165753523593
131.0 -0.000187407601997
132.0 -0.000206656822259
133.0 -0.00022365797335
134.0 -0.000238572676891
135.0 -0.000251563627728
136.0 -0.000262790873273
137.0 -0.000272408463728
138.0 -0.000280561786219
139.0 -0.000287385794897
140.0 -0.00029300420177
141.0 -0.00029752954316
142.0 -0.00030106392217
143.0 -0.000303700169534
144.0 -0.00030552316552
145.0 -0.000306611110867
146.0 -0.000307036604027
147.0 -0.000306867455339
148.0 -0.000306167231612
149.0 -0.000304995569791
150.0 -0.000303408324406
151.0 -0.000301457621822
152.0 -0.000299191887515
153.0 -0.000296655893681
154.0 -0.000293890847296
155.0 -0.00029093450914
156.0 -0.000287821309692
157.0 -0.000284582416071
158.0 -0.000281245710881
159.0 -0.000277835669384
160.0 -0.000274373160115
161.0 -0.000270875234417
162.0 -0.000267354998882
163.0 -0.000263821669678
164.0 -0.000260280884174
165.0 -0.000256735296601
166.0 -0.00025318542209
167.0 -0.000249630633734
168.0 -0.000246070176309
169.0 -0.000242504049467
170.0 -0.000238933635677
171.0 -0.000235361998465
172.0 -0.000231793842008
173.0 -0.00022823518767
174.0 -0.000224692871568
175.0 -0.000221173989127
176.0 -0.000217685404385
177.0 -0.000214233408059
178.0 -0.000210823559175
179.0 -0.000207460694212
180.0 -0.000204149047763
181.0 -0.000200892408613
182.0 -0.000197694237505
183.0 -0.000194557694256
184.0 -0.000191485554287
185.0 -0.000188480028467
186.0 -0.000185542526784
187.0 -0.000182673420802
188.0 -0.000179871860629
189.0 -0.000177135691403
190.0 -0.000174461496002
191.0 -0.000171844769144
192.0 -0.000169280207138
193.0 -0.000166762080145
194.0 -0.000164284642029
195.0 -0.000161842528209
196.0 -0.000159431095161
197.0 -0.000157046666162
198.0 -0.000154686664976
199.0 -0.00015234963918
200.0 -0.000150035193595
201.0 -0.000147743867188
202.0 -0.000145476990593
203.0 -0.000143236555018
204.0 -0.000141025108432
205.0 -0.000138845676113
206.0 -0.000136701685472
207.0 -0.000134596865207
208.0 -0.000132535089822
209.0 -0.000130520152957
210.0 -0.000128555473882
211.0 -0.000126643765608
212.0 -0.000124786713436
213.0 -0.000122984723522
214.0 -0.000121236798224
215.0 -0.00011954057814
216.0 -0.000117892562807
217.0 -0.000116288488744
218.0 -0.000114723812142
219.0 -0.000113194220758
220.0 -0.000111696090726
221.0 -0.000110226811011
222.0 -0.000108784920014
223.0 -0.000107370031214
224.0 -0.000105982561415
225.0 -0.000104623309361
226.0 -0.000103292957775
227.0 -0.000101991583859
228.0 -0.000100718260213
229.0 -9.94708108987e-05
230.0 -9.82457597375e-05
231.0 -9.70384752534e-05
232.0 -9.58434850383e-05
233.0 -9.46549074089e-05
234.0 -9.34669339624e-05
235.0 -9.22742947668e-05
236.0 -9.10726475632e-05
237.0 -8.9858850491e-05
238.0 -8.86311000299e-05
239.0 -8.73889373563e-05
240.0 -8.61331431709e-05
241.0 -8.48655508867e-05
242.0 -8.35888104731e-05
243.0 -8.23061316084e-05
244.0 -8.10210276882e-05
245.0 -7.97370746188e-05
246.0 -7.84576925863e-05
247.0 -7.71859564558e-05
248.0 -7.59244410016e-05
249.0 -7.4675109559e-05
250.0 -7.34392569458e-05
251.0 -7.22175176996e-05
252.0 -7.10099474646e-05
253.0 -6.98161784699e-05
254.0 -6.86356403001e-05
255.0 -6.74678263727e-05
256.0 -6.63125769599e-05
257.0 -6.5170343436e-05
258.0 -6.40423973139e-05
259.0 -6.29309522076e-05
260.0 -6.18391766941e-05
261.0 -6.07710896952e-05
262.0 -5.97313453124e-05
263.0 -5.87249285673e-05
264.0 -5.77567949642e-05
265.0 -5.68314934823e-05
266.0 -5.59528136614e-05
267.0 -5.51234929682e-05
268.0 -5.43450115882e-05
269.0 -5.3617489821e-05
270.0 -5.29396903371e-05
271.0 -5.23091156273e-05
272.0 -5.1722181637e-05
273.0 -5.11744428369e-05
274.0 -5.06608421728e-05
275.0 -5.01759611197e-05
276.0 -4.97142496189e-05
277.0 -4.92702218734e-05
278.0 -4.88386106582e-05
279.0 -4.84144789638e-05
280.0 -4.79932927263e-05
281.0 -4.75709617575e-05
282.0 -4.71438577168e-05
283.0 -4.67088182742e-05
284.0 -4.62631458016e-05
285.0 -4.58046073409e-05
286.0 -4.53314405367e-05
287.0 -4.4842367929e-05
288.0 -4.43366196513e-05
289.0 -4.38139623496e-05
290.0 -4.32747301762e-05
291.0 -4.27198521995e-05
292.0 -4.2150869674e-05
293.0 -4.15699364852e-05
294.0 -4.09797967861e-05
295.0 -4.03837353614e-05
296.0 -3.97854984554e-05
297.0 -3.91891854479e-05
298.0 -3.85991145606e-05
299.0 -3.80196683978e-05
