10.0 0.342149694806
11.0 0.290817795226
12.0 0.249391352957
13.0 0.215519638401
14.0 0.187510623271
15.0 0.164121662244
16.0 0.144423902545
17.0 0.127709345424
18.0 0.113428452903
19.0 0.101149594381
20.0 0.0905311549425
21.0 0.0813005103906
22.0 0.073237800579
23.0 0.0661637938338
24.0 0.0599311527014
25.0 0.0544181557996
26.0 0.049523893774
27.0 0.0451643039799
28.0 0.0412688782643
29.0 0.0377780769901
30.0 0.034641368608
31.0 0.0318156892099
32.0 0.0292641631372
33.0 0.0269550407328
34.0 0.0248608567652
35.0 0.0229577832221
36.0 0.0212251058397
37.0 0.0196447575892
38.0 0.0182008998097
39.0 0.0168795859789
40.0 0.0156685196046
41.0 0.0145568630566
42.0 0.0135350454512
43.0 0.0125945660994
44.0 0.0117278313091
45.0 0.0109280475356
46.0 0.0101891494842
47.0 0.00950572615491
48.0 0.00887293437273
49.0 0.00828641849436
50.0 0.00774225268449
51.0 0.00723689949284
52.0 0.00676716779823
53.0 0.00633016458235
54.0 0.0059232500434
55.0 0.00554400624792
56.0 0.00519021876627
57.0 0.00485986324174
58.0 0.00455109142345
59.0 0.00426221775701
60.0 0.00399170967317
61.0 0.00373818114723
62.0 0.00350038529742
63.0 0.00327720237663
64.0 0.00306762392753
65.0 0.00287073795541
66.0 0.00268572030844
67.0 0.00251183406063
68.0 0.00234843442193
69.0 0.00219497458714
70.0 0.00205100887396
71.0 0.00191619196999
72.0 0.00179027487354
73.0 0.00167309821423
74.0 0.00156458290426
75.0 0.00146471788657
76.0 0.00137354550163
77.0 0.00129114579665
78.0 0.00121762088402
79.0 0.00115307919543
80.0 0.00109761822687
81.0 0.00105130419959
82.0 0.00101414810897
83.0 0.000986079147453
84.0 0.000966917649021
85.0 0.000956350247255
86.0 0.000953910058189
87.0 0.000958964547684
88.0 0.0009707131962
89.0 0.000988195970539
90.0 0.00101031211116
91.0 0.00103584735827
92.0 0.00106350699671
93.0 0.00109195216162
94.0 0.00111983743823
95.0 0.00114584844261
96.0 0.00116873844427
97.0 0.00118736312398
98.0 0.00120071239038
99.0 0.0012079380006
100.0 0.0012083756779
101.0 0.00120156055244
102.0 0.00118723506608
103.0 0.00116534893775
104.0 0.00113605130894
105.0 0.00109967570329
106.0 0.00105671887903
107.0 0.00100781499061
108.0 0.00095370668182
109.0 0.00089521478176
110.0 0.000833208152741
111.0 0.00076857496659
112.0 0.000702196333986
113.0 0.000634922881502
114.0 0.000567554646671
115.0 0.000500824564079
116.0 0.000435385795255
117.0 0.000371803124028
118.0 0.000310548524118
119.0 0.000252000789156
120.0 0.000196448838583
121.0 0.000144098048786
122.0 9.50787730138e-05
123.0 4.94561383729e-05
124.0 7.2402411433e-06
125.0 -3.16040195886e-05
126.0 -6.71480504135e-05
127.0 -9.9491974952e-05
128.0 -0.000128758469546
129.0 -0.000155087913574
130.0 -0.00017863455788
131.0 -0.000199563309275
132.0 -0.000218046728126
133.0 -0.00023426193781
134.0 -0.000248387318674
135.0 -0.000260599053795
136.0 -0.000271067753365
137.0 -0.00027995546582
138.0 -0.000287413370305
139.0 -0.000293580349176
140.0 -0.000298582496314
141.0 -0.000302533470762
142.0 -0.000305535493583
143.0 -0.000307680729937
144.0 -0.000309052800263
145.0 -0.000309728210702
146.0 -0.000309777562826
147.0 -0.000309266476324
148.0 -0.000308256221187
149.0 -0.00030680410102
150.0 -0.000304963654879
151.0 -0.0003027847531
152.0 -0.00030031365552
153.0 -0.000297593081227
154.0 -0.000294662311603
155.0 -0.000291557318491
156.0 -0.000288310884556
157.0 -0.000284952670972
158.0 -0.000281509194056
159.0 -0.000278003697962
160.0 -0.000274455949021
161.0 -0.000270882017675
162.0 -0.000267294142287
163.0 -0.00026370077407
164.0 -0.000260106878759
165.0 -0.000256514521897
166.0 -0.000252923702232
167.0 -0.000249333337986
168.0 -0.000245742269803
169.0 -0.000242150133327
170.0 -0.000238557976938
171.0 -0.000234968550434
172.0 -0.000231386256007
173.0 -0.000227816817421
174.0 -0.000224266771803
175.0 -0.000220742910248
176.0 -0.000217251785259
177.0 -0.000213799369102
178.0 -0.000210390897902
179.0 -0.000207030885252
180.0 -0.000203723249038
181.0 -0.000200471474952
182.0 -0.000197278742372
183.0 -0.000194147959668
184.0 -0.000191081688317
185.0 -0.000188081969061
186.0 -0.000185150090093
187.0 -0.000182286351757
188.0 -0.000179489883203
189.0 -0.000176758555939
190.0 -0.000174089021058
191.0 -0.000171476875632
192.0 -0.000168916942976
193.0 -0.000166403634231
194.0 -0.000163931347034
195.0 -0.000161494852361
196.0 -0.000159089623889
197.0 -0.000156712075059
198.0 -0.000154359686021
199.0 -0.000152031022524
200.0 -0.000149725667369
201.0 -0.000147444097827
202.0 -0.000145187546045
203.0 -0.000142957872893
204.0 -0.000140757470829
205.0 -0.000138589192367
206.0 -0.000136456283607
207.0 -0.00013436229238
208.0 -0.0001323109216
209.0 -0.000130305810829
210.0 -0.000128350250094
211.0 -0.000126446854098
212.0 -0.000124597245469
213.0 -0.000122801806468
214.0 -0.000121059555864
215.0 -0.000119368190837
216.0 -0.000117724305915
217.0 -0.000116123767687
218.0 -0.000114562192661
219.0 -0.000113035452991
220.0 -0.000111540125923
221.0 -0.00011007380993
222.0 -0.000108635252289
223.0 -0.000107224265315
224.0 -0.000105841445184
225.0 -0.000104487741519
226.0 -0.000103163951205
227.0 -0.000101870221926
228.0 -0.000100605647771
229.0 -9.93680219989e-05
230.0 -9.81537843129e-05
231.0 -9.69581672284e-05
232.0 -9.57755143375e-05
233.0 -9.45997182335e-05
234.0 -9.34247114521e-05
235.0 -9.22449417804e-05
236.0 -9.10557728139e-05
237.0 -8.98537686913e-05
238.0 -8.86368440773e-05
239.0 -8.74042819606e-05
240.0 -8.61566387338e-05
241.0 -8.48955659353e-05
242.0 -8.3623580548e-05
243.0 -8.23438122455e-05
244.0 -8.10597490251e-05
245.0 -7.97749951924e-05
246.0 -7.84930500757e-05
247.0 -7.72171134247e-05
248.0 -7.59499240948e-05
249.0 -7.46936410587e-05
250.0 -7.34497780754e-05
251.0 -7.22192035213e-05
252.0 -7.10022136409e-05
253.0 -6.97986805061e-05
254.0 -6.86082661502e-05
255.0 -6.74306834609e-05
256.0 -6.62659747475e-05
257.0 -6.51147726576e-05
258.0 -6.39785069318e-05
259.0 -6.28595250095e-05
260.0 -6.1761104305e-05
261.0 -6.06873476152e-05
262.0 -5.96429684383e-05
263.0 -5.86329875281e-05
264.0 -5.76623735063e-05
265.0 -5.6735667076e-05
266.0 -5.58566294779e-05
267.0 -5.50279513769e-05
268.0 -5.42510493466e-05
269.0 -5.35259651606e-05
270.0 -5.28513701785e-05
271.0 -5.22246651751e-05
272.0 -5.16421566018e-05
273.0 -5.10992845063e-05
274.0 -5.05908754968e-05
275.0 -5.01113958982e-05
276.0 -4.96551847768e-05
277.0 -4.92166526937e-05
278.0 -4.87904387232e-05
279.0 -4.83715244347e-05
280.0 -4.79553084877e-05
281.0 -4.75376488668e-05
282.0 -4.71148815402e-05
283.0 -4.6683824666e-05
284.0 -4.62417766878e-05
285.0 -4.578651511e-05
286.0 -4.53163007109e-05
287.0 -4.48298896837e-05
288.0 -4.43265538666e-05
289.0 -4.38061070052e-05
290.0 -4.32689330331e-05
291.0 -4.27160108372e-05
292.0 -4.21489290737e-05
293.0 -4.15698844492e-05
294.0 -4.0981657565e-05
295.0 -4.03875619188e-05
296.0 -3.97913638336e-05
297.0 -3.91971737046e-05
298.0 -3.86093117312e-05
299.0 -3.80321539033e-05
