10.0 0.3421110929
11.0 0.290782042133
12.0 0.249359299919
13.0 0.215491866502
14.0 0.187487433214
15.0 0.164103093018
16.0 0.144409770882
17.0 0.127699297201
18.0 0.113422018336
19.0 0.101146240481
20.0 0.0905303307331
21.0 0.0813016824696
22.0 0.0732404783307
23.0 0.0661675449385
24.0 0.0599356103994
25.0 0.0544230197533
26.0 0.0495289264199
27.0 0.0451693240732
28.0 0.0412737530126
29.0 0.0377827138216
30.0 0.0346457072877
31.0 0.0318196947322
32.0 0.0292678196063
33.0 0.0269583462834
34.0 0.0248638194759
35.0 0.022960417917
36.0 0.0212274316474
37.0 0.0196467961264
38.0 0.0182026738618
39.0 0.0168811185689
40.0 0.0156698333576
41.0 0.0145579797843
42.0 0.0135359858983
43.0 0.012595349805
44.0 0.0117284765491
45.0 0.0109285713199
46.0 0.0101895675883
47.0 0.0095060531723
48.0 0.00887318377692
49.0 0.0082866027007
50.0 0.00774238310595
51.0 0.00723698658331
52.0 0.00676722107799
53.0 0.00633019264098
54.0 0.00592326051545
55.0 0.00554400575696
56.0 0.00519021283343
57.0 0.00485985615524
58.0 0.00455108606683
59.0 0.00426221539513
60.0 0.00399170969721
61.0 0.00373818078335
62.0 0.0035003792875
63.0 0.00327718264506
64.0 0.00306757925415
65.0 0.0028706536819
66.0 0.00268557811306
67.0 0.0025116118432
68.0 0.00234810634712
69.0 0.00219451133749
70.0 0.00205037816378
71.0 0.00191535936588
72.0 0.00178920495582
73.0 0.00167175609477
74.0 0.00156293609098
75.0 0.00146273845298
76.0 0.00137121248392
77.0 0.00128844770322
78.0 0.00121455816678
79.0 0.00114966650345
80.0 0.00109388624463
81.0 0.00104730086913
82.0 0.00100993904982
83.0 0.000981747122728
84.0 0.000962560979185
85.0 0.000952080142448
86.0 0.000949846920651
87.0 0.000955233380804
88.0 0.000967438338231
89.0 0.000985495440609
90.0 0.00100829190528
91.0 0.00103459605755
92.0 0.00106309104499
93.0 0.001092412135
94.0 0.00112118556632
95.0 0.00114806755615
96.0 0.00117178242423
97.0 0.00119115882137
98.0 0.00120516288445
99.0 0.00121292697401
100.0 0.00121377261859
101.0 0.0012072264482
102.0 0.00119302824218
103.0 0.0011711306991
104.0 0.00114169108412
105.0 0.00110505544334
106.0 0.00106173653207
107.0 0.0010123869485
108.0 0.000957769169421
109.0 0.000898724227613
110.0 0.000836140637441
111.0 0.000770924888476
112.0 0.000703974459912
113.0 0.000636153963234
114.0 0.00056827478235
115.0 0.000501078471449
116.0 0.000435224141874
117.0 0.000371280032505
118.0 0.000309719340547
119.0 0.000250920172966
120.0 0.000195169204067
121.0 0.000142668364237
122.0 9.35437035126e-05
123.0 4.78555033085e-05
124.0 5.60874745529e-06
125.0 -3.32368131441e-05
126.0 -6.8757584513e-05
127.0 -0.000101058401809
128.0 -0.000130266267747
129.0 -0.000156525442552
130.0 -0.000179993583162
131.0 -0.000200838523542
132.0 -0.000219235287286
133.0 -0.000235363025842
134.0 -0.000249401750273
135.0 -0.000261528919922
136.0 -0.000271916111596
137.0 -0.000280726075046
138.0 -0.000288110467578
139.0 -0.00029420846541
140.0 -0.000299146306877
141.0 -0.000303037676756
142.0 -0.000305984729608
143.0 -0.000308079494335
144.0 -0.000309405404167
145.0 -0.000310038742595
146.0 -0.000310049865721
147.0 -0.000309504135085
148.0 -0.000308462557867
149.0 -0.000306982176447
150.0 -0.000305116275011
151.0 -0.000302914478932
152.0 -0.000300422815535
153.0 -0.00029768378559
154.0 -0.000294736467427
155.0 -0.000291616645653
156.0 -0.000288356931652
157.0 -0.000284986831059
158.0 -0.000281532719957
159.0 -0.000278017716904
160.0 -0.000274461476493
161.0 -0.000270879970375
162.0 -0.00026728535009
163.0 -0.000263685990956
164.0 -0.000260086792665
165.0 -0.000256489763454
166.0 -0.000252894852358
167.0 -0.000249300934332
168.0 -0.000245706812011
169.0 -0.000242112087132
170.0 -0.000238517777108
171.0 -0.000234926602616
172.0 -0.000231342937545
173.0 -0.000227772477284
174.0 -0.000224221729782
175.0 -0.000220697455632
176.0 -0.00021720617525
177.0 -0.000213753827223
178.0 -0.0002103456127
179.0 -0.000206986009547
180.0 -0.000203678899974
181.0 -0.000200427735011
182.0 -0.000197235661494
183.0 -0.000194105558472
184.0 -0.000191039962388
185.0 -0.000188040894137
186.0 -0.000185109627921
187.0 -0.000182246456324
188.0 -0.000179450507009
189.0 -0.000176719655941
190.0 -0.000174050563972
191.0 -0.000171438842256
192.0 -0.000168879331318
193.0 -0.00016636646127
194.0 -0.000163894649035
195.0 -0.000161458683782
196.0 -0.000159054054977
197.0 -0.000156677188341
198.0 -0.000154325571937
199.0 -0.000151997774509
200.0 -0.000149693376701
201.0 -0.000147412848576
202.0 -0.000145157410395
203.0 -0.000142928907136
204.0 -0.000140729712203
205.0 -0.000138562656913
206.0 -0.000136430965111
207.0 -0.000134338162438
208.0 -0.000132287930757
209.0 -0.000130283890708
210.0 -0.000128329316401
211.0 -0.00012642681034
212.0 -0.00012457798721
213.0 -0.000122783225953
214.0 -0.000121041546808
215.0 -0.000119350653202
216.0 -0.000117707150491
217.0 -0.000116106920302
218.0 -0.000114545597854
219.0 -0.000113019076994
220.0 -0.000111523958816
221.0 -0.000110057866841
222.0 -0.000108619573554
223.0 -0.000107208915531
224.0 -0.000105826511134
225.0 -0.000104473328998
226.0 -0.000103150180818
227.0 -0.000101857224002
228.0 -0.000100593556563
229.0 -9.93569694175e-05
230.0 -9.81438934709e-05
231.0 -9.69495460867e-05
232.0 -9.57682497745e-05
233.0 -9.45938708372e-05
234.0 -9.34203113126e-05
235.0 -9.22419855104e-05
236.0 -9.10542219648e-05
237.0 -8.98535496576e-05
238.0 -8.86378494998e-05
239.0 -8.74063735568e-05
240.0 -8.61596514064e-05
241.0 -8.48993129412e-05
242.0 -8.36278594581e-05
243.0 -8.23484113921e-05
244.0 -8.10644541186e-05
245.0 -7.97795957973e-05
246.0 -7.84973456616e-05
247.0 -7.72209187506e-05
248.0 -7.59530737381e-05
249.0 -7.46959929657e-05
250.0 -7.34512160697e-05
251.0 -7.22196387714e-05
252.0 -7.10015851406e-05
253.0 -6.97969546658e-05
254.0 -6.86054356277e-05
255.0 -6.74267653798e-05
256.0 -6.62610084532e-05
257.0 -6.51088171584e-05
258.0 -6.39716381532e-05
259.0 -6.28518329707e-05
260.0 -6.17526903018e-05
261.0 -6.06783214691e-05
262.0 -5.96334458483e-05
263.0 -5.86230875479e-05
264.0 -5.76522161534e-05
265.0 -5.67253710775e-05
266.0 -5.58463101543e-05
267.0 -5.50177186708e-05
268.0 -5.42410060089e-05
269.0 -5.35162051159e-05
270.0 -5.28419770975e-05
271.0 -5.22157112883e-05
272.0 -5.16337017904e-05
273.0 -5.10913757049e-05
274.0 -5.05835464368e-05
275.0 -5.01046672094e-05
276.0 -4.96490644543e-05
277.0 -4.92111369201e-05
278.0 -4.87855130196e-05
279.0 -4.83671650989e-05
280.0 -4.79514842643e-05
281.0 -4.75343227789e-05
282.0 -4.71120128083e-05
283.0 -4.66813706333e-05
284.0 -4.62396946729e-05
285.0 -4.57847641116e-05
286.0 -4.53148429006e-05
287.0 -4.48286916317e-05
288.0 -4.43255874645e-05
289.0 -4.38053500618e-05
290.0 -4.32683695385e-05
291.0 -4.2715630906e-05
292.0 -4.21487285929e-05
293.0 -4.15698644672e-05
294.0 -4.09818234714e-05
295.0 -4.03879224673e-05
296.0 -3.97919300663e-05
297.0 -3.91979578362e-05
298.0 -3.86103260477e-05
299.0 -3.80334097263e-05
