10.0 0.34052195544
11.0 0.289380053058
12.0 0.248192757654
13.0 0.214572079527
14.0 0.186801330846
15.0 0.163623719378
16.0 0.144104067091
17.0 0.127533325024
18.0 0.113364109173
19.0 0.101168624186
20.0 0.0906097391797
21.0 0.0814193169105
22.0 0.0733816218705
23.0 0.0663210103493
24.0 0.0600931436523
25.0 0.0545787294171
26.0 0.0496787748662
27.0 0.0453106944652
28.0 0.0414050929907
29.0 0.0379032498746
30.0 0.0347552207909
31.0 0.0319183499002
32.0 0.029356034015
33.0 0.0270366955172
34.0 0.0249329685204
35.0 0.0230210730241
36.0 0.021280307497
37.0 0.0196925941493
38.0 0.0182420685335
39.0 0.0169147492833
40.0 0.015698300136
41.0 0.0145818415725
42.0 0.0135557605808
43.0 0.0126115153428
44.0 0.0117414728487
45.0 0.0109388025713
46.0 0.0101974048863
47.0 0.00951183726915
48.0 0.00887722783129
49.0 0.00828919489924
50.0 0.00774378904744
51.0 0.0072374513337
52.0 0.00676697081562
53.0 0.00632943581013
54.0 0.00592218839239
55.0 0.0055427923132
56.0 0.00518901376544
57.0 0.00485880694752
58.0 0.00455029896731
59.0 0.0042617752032
60.0 0.00399166828917
61.0 0.00373855032289
62.0 0.00350112409594
63.0 0.00327820974993
64.0 0.00306872771348
65.0 0.00287168291293
66.0 0.00268615564917
67.0 0.00251130120585
68.0 0.00234635604397
69.0 0.00219064636781
70.0 0.00204359579871
71.0 0.00190473132998
72.0 0.00177368840317
73.0 0.00165021586645
74.0 0.0015341805644
75.0 0.0014255707523
76.0 0.00132449784008
77.0 0.0012311963016
78.0 0.00114602094097
79.0 0.00106943915252
80.0 0.00100201449125
81.0 0.000944377940549
82.0 0.000897184908837
83.0 0.000861058455023
84.0 0.000836521650414
85.0 0.000823923934824
86.0 0.00082336782437
87.0 0.00083464331405
88.0 0.00085717745458
89.0 0.000890005542517
90.0 0.000931768221019
91.0 0.00098073608207
92.0 0.0010348607518
93.0 0.00109184932329
94.0 0.00114925739196
95.0 0.00120459468333
96.0 0.00125543626522
97.0 0.0012995317239
98.0 0.00133490466604
99.0 0.00135993563048
100.0 0.00137342293824
101.0 0.00137461800713
102.0 0.00136323394923
103.0 0.00133942856066
104.0 0.00130376482926
105.0 0.00125715361249
106.0 0.00120078405984
107.0 0.00113604765229
108.0 0.00106446146303
109.0 0.000987595504097
110.0 0.000907007936073
111.0 0.000824190638104
112.0 0.000740526346247
113.0 0.000657257453978
114.0 0.000575465760541
115.0 0.000496061987496
116.0 0.000419783699614
117.0 0.000347200244008
118.0 0.00027872334672
119.0 0.000214622015885
120.0 0.000155040394658
121.0 0.000100017222662
122.0 4.95056407351e-05
123.0 3.39222519585e-06
124.0 -3.84856471567e-05
125.0 -7.63247481009e-05
126.0 -0.000110343635553
127.0 -0.000140773082355
128.0 -0.000167849139204
129.0 -0.000191808446846
130.0 -0.000212885246026
131.0 -0.000231309458861
132.0 -0.000247305250596
133.0 -0.000261089620151
134.0 -0.000272870778156
135.0 -0.000282846298834
136.0 -0.00029120122004
137.0 -0.000298106370438
138.0 -0.000303717207285
139.0 -0.000308173365608
140.0 -0.000311598985423
141.0 -0.000314103742614
142.0 -0.000315784399729
143.0 -0.000316726637266
144.0 -0.000317006926601
145.0 -0.000316694249849
146.0 -0.000315851539386
147.0 -0.000314536780986
148.0 -0.000312803785298
149.0 -0.000310702675955
150.0 -0.000308280167278
151.0 -0.000305579711914
152.0 -0.000302641591241
153.0 -0.000299503001739
154.0 -0.000296198162638
155.0 -0.00029275843969
156.0 -0.000289212454416
157.0 -0.000285586135593
158.0 -0.000281902675682
159.0 -0.000278182380003
160.0 -0.000274442434889
161.0 -0.000270696661442
162.0 -0.000266955350041
163.0 -0.000263225275798
164.0 -0.000259509971493
165.0 -0.000255810285435
166.0 -0.000252125188874
167.0 -0.00024845273723
168.0 -0.000244791047969
169.0 -0.00024113914687
170.0 -0.000237497557033
171.0 -0.000233868555834
172.0 -0.00023025609141
173.0 -0.000226665415872
174.0 -0.000223102541979
175.0 -0.000219573652595
176.0 -0.000216084584413
177.0 -0.000212640473312
178.0 -0.000209245598716
179.0 -0.000205903412103
180.0 -0.000202616693222
181.0 -0.000199387755766
182.0 -0.000196218625018
183.0 -0.000193111130142
184.0 -0.000190066885459
185.0 -0.000187087168668
186.0 -0.000184172731076
187.0 -0.000181323590234
188.0 -0.000178538857627
189.0 -0.000175816645018
190.0 -0.000173154076608
191.0 -0.000170547414371
192.0 -0.000167992284597
193.0 -0.000165483977365
194.0 -0.000163017779577
195.0 -0.00016058929766
196.0 -0.000158194728863
197.0 -0.000155831050284
198.0 -0.000153496110677
199.0 -0.000151188628837
200.0 -0.000148908119709
201.0 -0.000146654780995
202.0 -0.000144429375639
203.0 -0.00014223313827
204.0 -0.000140067718209
205.0 -0.000137935152435
206.0 -0.000135837844788
207.0 -0.000133778518023
208.0 -0.000131760106886
209.0 -0.000129785573405
210.0 -0.000127857647389
211.0 -0.000125978519897
212.0 -0.000124149538624
213.0 -0.000122370965367
214.0 -0.000120641853272
215.0 -0.000118960084773
216.0 -0.000117322583053
217.0 -0.000115725676337
218.0 -0.000114165562507
219.0 -0.000112638798554
220.0 -0.00011114273027
221.0 -0.000109675784604
222.0 -0.000108237569091
223.0 -0.00010682875552
224.0 -0.000105450762326
225.0 -0.000104105284996
226.0 -0.000102793749775
227.0 -0.000101516778484
228.0 -0.00010027374952
229.0 -9.90625229655e-05
230.0 -9.78793698167e-05
231.0 -9.67191121043e-05
232.0 -9.55754481731e-05
233.0 -9.44414113896e-05
234.0 -9.33098950945e-05
235.0 -9.21741735339e-05
236.0 -9.1028357066e-05
237.0 -8.98677372057e-05
238.0 -8.86889987051e-05
239.0 -8.74902971812e-05
240.0 -8.62712178546e-05
241.0 -8.50326413641e-05
242.0 -8.37765458933e-05
243.0 -8.25057723139e-05
244.0 -8.12237731822e-05
245.0 -7.99343600543e-05
246.0 -7.86414590203e-05
247.0 -7.73488827823e-05
248.0 -7.60601288568e-05
249.0 -7.47782162438e-05
250.0 -7.35055752079e-05
251.0 -7.22440047244e-05
252.0 -7.09947083732e-05
253.0 -6.97584117997e-05
254.0 -6.85355542392e-05
255.0 -6.73265349114e-05
256.0 -6.6131984678e-05
257.0 -6.49530265239e-05
258.0 -6.37914868187e-05
259.0 -6.26500236435e-05
260.0 -6.15321482925e-05
261.0 -6.04421298916e-05
262.0 -5.93847887431e-05
263.0 -5.83651989758e-05
264.0 -5.73883330295e-05
265.0 -5.64586876567e-05
266.0 -5.55799325684e-05
267.0 -5.47546186455e-05
268.0 -5.39839737408e-05
269.0 -5.32678021359e-05
270.0 -5.2604490685e-05
271.0 -5.19911125459e-05
272.0 -5.14236097786e-05
273.0 -5.08970300564e-05
274.0 -5.04057906202e-05
275.0 -4.99439441265e-05
276.0 -4.95054253869e-05
277.0 -4.90842640558e-05
278.0 -4.86747549544e-05
279.0 -4.82715839073e-05
280.0 -4.78699120105e-05
281.0 -4.74654247692e-05
282.0 -4.70543545002e-05
283.0 -4.66334849335e-05
284.0 -4.62001463973e-05
285.0 -4.5752208623e-05
286.0 -4.52880763604e-05
287.0 -4.48066908719e-05
288.0 -4.43075381432e-05
289.0 -4.37906624746e-05
290.0 -4.32566821521e-05
291.0 -4.27068023272e-05
292.0 -4.21428192356e-05
293.0 -4.1567109616e-05
294.0 -4.09825997368e-05
295.0 -4.03927097922e-05
296.0 -3.98012714733e-05
297.0 -3.9212419021e-05
298.0 -3.86304567463e-05
299.0 -3.80597085242e-05
