10.0 0.340654016222
11.0 0.289483979148
12.0 0.248268474729
13.0 0.214623239358
14.0 0.186832924389
15.0 0.163640685658
16.0 0.144110643105
17.0 0.127532855035
18.0 0.113359091911
19.0 0.101160855238
20.0 0.0906004708057
21.0 0.0814094003825
22.0 0.0733716213413
23.0 0.0663112885495
24.0 0.0600839239749
25.0 0.0545701397906
26.0 0.0496708783085
27.0 0.0453035102632
28.0 0.0413986114659
29.0 0.0378974428039
30.0 0.0347500488372
31.0 0.0319137678907
32.0 0.0293519945967
33.0 0.027033151559
34.0 0.0249298745706
35.0 0.0230183860972
36.0 0.0212779874231
37.0 0.0196906036641
38.0 0.0182403732294
39.0 0.0169133174902
40.0 0.0156971027719
41.0 0.0145808519843
42.0 0.0135549543868
43.0 0.0126108702824
44.0 0.0117409686341
45.0 0.0109384207351
46.0 0.0101971286192
47.0 0.00951165124825
48.0 0.00887711804648
49.0 0.00828914848719
50.0 0.00774379414301
51.0 0.00723749694196
52.0 0.00676704670311
53.0 0.00632953241244
54.0 0.00592229673849
55.0 0.00554290397268
56.0 0.00518912083021
57.0 0.00485890206092
58.0 0.00455037541063
59.0 0.00426182704409
60.0 0.00399169059174
61.0 0.0037385394185
62.0 0.00350107791757
63.0 0.003278128239
64.0 0.00306861331404
65.0 0.00287154116973
66.0 0.00268599592263
67.0 0.00251113750686
68.0 0.00234620797506
69.0 0.00219054013454
70.0 0.00204356522426
71.0 0.00190481876722
72.0 0.00177394539231
73.0 0.001650703337
74.0 0.00153496833651
75.0 0.00142673606757
76.0 0.00132612266016
77.0 0.00123336316974
78.0 0.00114880731751
79.0 0.00107291031113
80.0 0.00100621528929
81.0 0.000949324030019
82.0 0.000902854197684
83.0 0.000867383817847
84.0 0.000843385975596
85.0 0.000831158544085
86.0 0.000830755088889
87.0 0.000841923922622
88.0 0.000864062296631
89.0 0.000896191611923
90.0 0.000936957404192
91.0 0.000984655250159
92.0 0.00103728130687
93.0 0.0010926043024
94.0 0.00114825442741
95.0 0.00120182352916
96.0 0.00125097017332
97.0 0.00129352260582
98.0 0.00132757261917
99.0 0.00135155395364
100.0 0.00136430014715
101.0 0.00136507854737
102.0 0.00135359928671
103.0 0.00133000013171
104.0 0.00129480999786
105.0 0.00124889537005
106.0 0.00119339477058
107.0 0.00112964674953
108.0 0.00105911667627
109.0 0.000983326967989
110.0 0.000903794407235
111.0 0.000821977017401
112.0 0.000739231755534
113.0 0.000656783225341
114.0 0.0005757028384
115.0 0.000496897397698
116.0 0.000421105886831
117.0 0.000348903206876
118.0 0.000280709601923
119.0 0.000216804495421
120.0 0.000157343426036
121.0 0.000102376763449
122.0 5.18689417245e-05
123.0 5.71708568983e-06
124.0 -3.62318877569e-05
125.0 -7.41663620044e-05
126.0 -0.000108297706174
127.0 -0.000138850680325
128.0 -0.000166056424837
129.0 -0.000190147667397
130.0 -0.000211355610986
131.0 -0.00022990788808
132.0 -0.000246026998492
133.0 -0.00025992878506
134.0 -0.000271820709324
135.0 -0.000281899915224
136.0 -0.000290351255335
137.0 -0.000297345557821
138.0 -0.000303038416167
139.0 -0.000307569700703
140.0 -0.000311063856719
141.0 -0.000313630913004
142.0 -0.000315368015484
143.0 -0.000316361245205
144.0 -0.000316687480767
145.0 -0.000316416109751
146.0 -0.000315610461414
147.0 -0.000314328904311
148.0 -0.000312625613488
149.0 -0.000310551055475
150.0 -0.000308152264008
151.0 -0.000305472986697
152.0 -0.000302553775312
153.0 -0.000299432072643
154.0 -0.000296142320989
155.0 -0.000292716086929
156.0 -0.000289182171583
157.0 -0.000285566663092
158.0 -0.000281892894071
159.0 -0.000278181291916
160.0 -0.000274449148296
161.0 -0.000270710374442
162.0 -0.000266975337371
163.0 -0.00026325087708
164.0 -0.000259540581098
165.0 -0.000255845343689
166.0 -0.000252164174257
167.0 -0.000248495159223
168.0 -0.00024483644037
169.0 -0.000241187061584
170.0 -0.000237547558616
171.0 -0.000233920217296
172.0 -0.000230308991866
173.0 -0.000226719140645
174.0 -0.000223156685551
175.0 -0.000219627824508
176.0 -0.000216138417812
177.0 -0.000212693635428
178.0 -0.000209297802244
179.0 -0.000205954426193
180.0 -0.000202666352744
181.0 -0.000199435967595
182.0 -0.000196265370355
183.0 -0.000193156462237
184.0 -0.000190110922563
185.0 -0.000187130082504
186.0 -0.00018421473156
187.0 -0.000181364907554
188.0 -0.000178579723049
189.0 -0.000175857271911
190.0 -0.000173194643169
191.0 -0.000170588049374
192.0 -0.000168033057198
193.0 -0.000165524891633
194.0 -0.000163058774012
195.0 -0.000160630249516
196.0 -0.000158235462747
197.0 -0.000155871350189
198.0 -0.000153535734391
199.0 -0.000151227323589
200.0 -0.0001489456379
201.0 -0.000146690894933
202.0 -0.000144463890384
203.0 -0.000142265901865
204.0 -0.000140098628844
205.0 -0.000137964162328
206.0 -0.000135864960818
207.0 -0.000133803799391
208.0 -0.000131783660237
209.0 -0.000129807545997
210.0 -0.000127878218925
211.0 -0.000125997893646
212.0 -0.000124167932349
213.0 -0.000122388602487
214.0 -0.000120658954501
215.0 -0.000118976860359
216.0 -0.00011733922562
217.0 -0.000115742354257
218.0 -0.000114182413742
219.0 -0.000112655924942
220.0 -0.00011116019234
221.0 -0.000109693597124
222.0 -0.000108255697666
223.0 -0.000106847114654
224.0 -0.000105469215402
225.0 -0.000104123646589
226.0 -0.00010281179062
227.0 -0.000101534233259
228.0 -0.000100290327363
229.0 -9.90779204117e-05
230.0 -9.7893285592e-05
231.0 -9.67312629778e-05
232.0 -9.55855849158e-05
233.0 -9.44493337954e-05
234.0 -9.33154650197e-05
235.0 -9.21773250106e-05
236.0 -9.10291027252e-05
237.0 -8.98661705016e-05
238.0 -8.86852917346e-05
239.0 -8.74846942135e-05
240.0 -8.62640250029e-05
241.0 -8.50242131032e-05
242.0 -8.37672693468e-05
243.0 -8.2496050367e-05
244.0 -8.12140075243e-05
245.0 -7.99249352104e-05
246.0 -7.86327283021e-05
247.0 -7.73411568882e-05
248.0 -7.60536676033e-05
249.0 -7.47732236364e-05
250.0 -7.35021977871e-05
251.0 -7.22423328788e-05
252.0 -7.0994780115e-05
253.0 -6.97602183672e-05
254.0 -6.8539046832e-05
255.0 -6.73316318773e-05
256.0 -6.61385785494e-05
257.0 -6.49609904299e-05
258.0 -6.38006799553e-05
259.0 -6.26602956572e-05
260.0 -6.15433425872e-05
261.0 -6.04540860042e-05
262.0 -5.93973440232e-05
263.0 -5.83781898552e-05
264.0 -5.74015961704e-05
265.0 -5.64720612294e-05
266.0 -5.55932578442e-05
267.0 -5.4767742005e-05
268.0 -5.39967491034e-05
269.0 -5.32800937325e-05
270.0 -5.26161760225e-05
271.0 -5.20020853604e-05
272.0 -5.14337827519e-05
273.0 -5.09063370681e-05
274.0 -5.04141883316e-05
275.0 -4.99514127377e-05
276.0 -4.95119684643e-05
277.0 -4.90899073934e-05
278.0 -4.86795445004e-05
279.0 -4.82755828518e-05
280.0 -4.78731971853e-05
281.0 -4.74680825582e-05
282.0 -4.70564764828e-05
283.0 -4.66351635009e-05
284.0 -4.62014705746e-05
285.0 -4.57532603106e-05
286.0 -4.52889271742e-05
287.0 -4.4807399717e-05
288.0 -4.43081496049e-05
289.0 -4.37912060561e-05
290.0 -4.32571723373e-05
291.0 -4.27072394005e-05
292.0 -4.21431907552e-05
293.0 -4.15673924079e-05
294.0 -4.0982762263e-05
295.0 -4.03927147423e-05
296.0 -3.98010784319e-05
297.0 -3.92119870764e-05
298.0 -3.86297469218e-05
299.0 -3.80586859362e-05
