10.0 0.341557675106
11.0 0.290268932284
12.0 0.248904788569
13.0 0.215106957399
14.0 0.187176421337
15.0 0.163864734094
16.0 0.144238726932
17.0 0.127587599238
18.0 0.113360366968
19.0 0.101125045871
20.0 0.0905404609178
21.0 0.0813349369637
22.0 0.0732898318223
23.0 0.0662272170015
24.0 0.0600010164485
25.0 0.0544906507879
26.0 0.0495961944521
27.0 0.0452343992638
28.0 0.0413354090478
29.0 0.0378401906294
30.0 0.0346985948882
31.0 0.0318678385699
32.0 0.0293112457099
33.0 0.0269972036326
34.0 0.0248983366586
35.0 0.0229908712622
36.0 0.0212541223282
37.0 0.019670034114
38.0 0.0182227670076
39.0 0.0168983654544
40.0 0.0156845188615
41.0 0.0145703725772
42.0 0.013546337277
43.0 0.0126038934405
44.0 0.0117354288402
45.0 0.0109341321316
46.0 0.0101939212175
47.0 0.00950936942442
48.0 0.00887561906616
49.0 0.00828830110443
50.0 0.0077434773135
51.0 0.00723759868556
52.0 0.00676746314604
53.0 0.00633016704231
54.0 0.00592305991529
55.0 0.00554371275151
56.0 0.00518989916131
57.0 0.00485958143455
58.0 0.00455089600925
59.0 0.00426213945595
60.0 0.00399175813496
61.0 0.00373834112551
62.0 0.00350061223497
63.0 0.00327741749941
64.0 0.00306770902241
65.0 0.00287053010447
66.0 0.00268500697041
67.0 0.00251034902226
68.0 0.00234585527806
69.0 0.00219092253235
70.0 0.00204505167907
71.0 0.00190785104805
72.0 0.00177903728406
73.0 0.00165843428559
74.0 0.00154596985393
75.0 0.00144166937862
76.0 0.00134564651304
77.0 0.00125809149802
78.0 0.00117925753187
79.0 0.00110944435639
80.0 0.00104897709826
81.0 0.000998178450393
82.0 0.000957333625688
83.0 0.000926649394325
84.0 0.000906210069299
85.0 0.000895934222541
86.0 0.000895536338089
87.0 0.000904497644639
88.0 0.000922049856545
89.0 0.000947174307622
90.0 0.000978617146758
91.0 0.00101491941617
92.0 0.00105445952487
93.0 0.00109550508632
94.0 0.00113627110441
95.0 0.00117498166377
96.0 0.00120993232659
97.0 0.00123955032892
98.0 0.00126244956026
99.0 0.00127747738064
100.0 0.00128375068106
101.0 0.0012806792327
102.0 0.00126797523592
103.0 0.00124564896834
104.0 0.00121399141645
105.0 0.00117354564011
106.0 0.00112506927855
107.0 0.00106949101751
108.0 0.00100786398406
109.0 0.000941318917053
110.0 0.000871019593643
111.0 0.000798122430979
112.0 0.000723741532863
113.0 0.000648919842846
114.0 0.000574606604407
115.0 0.000501641050231
116.0 0.000430742102073
117.0 0.00036250377094
118.0 0.000297395824512
119.0 0.000235769106705
120.0 0.000177864682434
121.0 0.000123825799804
122.0 7.37115665999e-05
123.0 2.75112516975e-05
124.0 -1.48417644631e-05
125.0 -5.34571792701e-05
126.0 -8.8476653014e-05
127.0 -0.000120064687141
128.0 -0.000148401529171
129.0 -0.000173677893922
130.0 -0.000196091100999
131.0 -0.000215842127396
132.0 -0.000233133082628
133.0 -0.000248164728023
134.0 -0.00026113384948
135.0 -0.000272230501478
136.0 -0.000281635312561
137.0 -0.000289517135245
138.0 -0.000296031319348
139.0 -0.000301318799533
140.0 -0.000305506050694
141.0 -0.000308705822724
142.0 -0.0003110184572
143.0 -0.000312533534169
144.0 -0.000313331599703
145.0 -0.000313485771129
146.0 -0.000313063086352
147.0 -0.00031212553664
148.0 -0.000310730784405
149.0 -0.000308932611849
150.0 -0.000306781171526
151.0 -0.000304323117271
152.0 -0.000301601686457
153.0 -0.000298656784828
154.0 -0.000295525097437
155.0 -0.000292240219
156.0 -0.000288832771936
157.0 -0.000285330468235
158.0 -0.000281758077623
159.0 -0.000278137289776
160.0 -0.000274486496795
161.0 -0.000270820562296
162.0 -0.000267150671785
163.0 -0.000263484363814
164.0 -0.000259825817684
165.0 -0.000256176424631
166.0 -0.000252535606943
167.0 -0.000248901789688
168.0 -0.00024527338875
169.0 -0.000241649668131
170.0 -0.000238031342069
171.0 -0.000234420848084
172.0 -0.000230822282712
173.0 -0.000227241056529
174.0 -0.000223683373656
175.0 -0.00022015566286
176.0 -0.00021666407911
177.0 -0.000213214160368
178.0 -0.000209810674886
179.0 -0.000206457642833
180.0 -0.000203158475605
181.0 -0.000199916155517
182.0 -0.000196733380383
183.0 -0.000193612618553
184.0 -0.000190556052179
185.0 -0.000187565420256
186.0 -0.000184641799907
187.0 -0.000181785379147
188.0 -0.000178995275739
189.0 -0.000176269446714
190.0 -0.000173604715509
191.0 -0.000170996922842
192.0 -0.000168441187151
193.0 -0.000165932243438
194.0 -0.000163464817924
195.0 -0.000161033991264
196.0 -0.000158635506285
197.0 -0.000156265986799
198.0 -0.000153923050772
199.0 -0.000151605320604
200.0 -0.00014931235146
201.0 -0.000147044510935
202.0 -0.000144802846617
203.0 -0.000142588971269
204.0 -0.000140404980183
205.0 -0.000138253396257
206.0 -0.000136137121099
207.0 -0.00013405936067
208.0 -0.00013202349515
209.0 -0.00013003287528
210.0 -0.000128090548698
211.0 -0.000126198944102
212.0 -0.000124359561716
213.0 -0.000122572729528
214.0 -0.000120837482066
215.0 -0.000119151601774
216.0 -0.000117511835099
217.0 -0.000115914262195
218.0 -0.000114354767695
219.0 -0.000112829537344
220.0 -0.000111335496428
221.0 -0.000109870613059
222.0 -0.000108434011306
223.0 -0.000107025871668
224.0 -0.00010564713334
225.0 -0.000104299047052
226.0 -0.000102982652752
227.0 -0.000101698268516
228.0 -0.000100445073959
229.0 -9.922085416e-05
230.0 -9.80219422422e-05
231.0 -9.68433657739e-05
232.0 -9.5679170123e-05
233.0 -9.45228665205e-05
234.0 -9.33679378352e-05
235.0 -9.22083327144e-05
236.0 -9.10388879707e-05
237.0 -8.98556369076e-05
238.0 -8.86559832689e-05
239.0 -8.74387419575e-05
240.0 -8.62040646352e-05
241.0 -8.49532784017e-05
242.0 -8.36886685348e-05
243.0 -8.24132330927e-05
244.0 -8.11304305991e-05
245.0 -7.9843934925e-05
246.0 -7.85574062405e-05
247.0 -7.7274284772e-05
248.0 -7.59976149589e-05
249.0 -7.47299101624e-05
250.0 -7.34730703878e-05
251.0 -7.22283655888e-05
252.0 -7.09964937221e-05
253.0 -6.97777155432e-05
254.0 -6.8572058069e-05
255.0 -6.73795674921e-05
256.0 -6.62005824264e-05
257.0 -6.50359919205e-05
258.0 -6.38874413343e-05
259.0 -6.27574536135e-05
260.0 -6.16494432718e-05
261.0 -6.05676140627e-05
262.0 -5.95167467196e-05
263.0 -5.85018977962e-05
264.0 -5.75280422611e-05
265.0 -5.65996993478e-05
266.0 -5.57205823697e-05
267.0 -5.48933088388e-05
268.0 -5.41191982573e-05
269.0 -5.33981730112e-05
270.0 -5.27287648503e-05
271.0 -5.21082174542e-05
272.0 -5.15326661538e-05
273.0 -5.09973700325e-05
274.0 -5.04969697071e-05
275.0 -5.00257457701e-05
276.0 -4.95778573445e-05
277.0 -4.9147546337e-05
278.0 -4.87292996363e-05
279.0 -4.83179676682e-05
280.0 -4.79088427014e-05
281.0 -4.74977037195e-05
282.0 -4.70808365016e-05
283.0 -4.66550379665e-05
284.0 -4.62176131303e-05
285.0 -4.57663715537e-05
286.0 -4.52996281908e-05
287.0 -4.48162113343e-05
288.0 -4.43154780699e-05
289.0 -4.37973354466e-05
290.0 -4.32622636234e-05
291.0 -4.27113357151e-05
292.0 -4.21462281343e-05
293.0 -4.15692150319e-05
294.0 -4.09831410795e-05
295.0 -4.03913682776e-05
296.0 -3.97976945991e-05
297.0 -3.92062448491e-05
298.0 -3.8621336857e-05
299.0 -3.80473286753e-05
