10.0 0.341740365001
11.0 0.290437806713
12.0 0.249052649042
13.0 0.215229840095
14.0 0.187273169717
15.0 0.163936358956
16.0 0.144287707488
17.0 0.127617237402
18.0 0.1133742606
19.0 0.101126705905
20.0 0.0905330676028
21.0 0.0813212128906
22.0 0.0732720023144
23.0 0.0662070286764
24.0 0.0599797892272
25.0 0.0544693447537
26.0 0.0495754790335
27.0 0.0452147173134
28.0 0.0413170321744
29.0 0.0378232646707
30.0 0.0346831759083
31.0 0.031853920519
32.0 0.0292987811549
33.0 0.0269861189536
34.0 0.0248885429563
35.0 0.0229822720169
36.0 0.0212466186474
37.0 0.0196635282205
38.0 0.0182171644667
39.0 0.0168935765114
40.0 0.0156804591644
41.0 0.0145669634817
42.0 0.0135435058735
43.0 0.0126015724018
44.0 0.0117335561555
45.0 0.0109326507743
46.0 0.0101927787775
47.0 0.00950851772862
48.0 0.00887501380419
49.0 0.00828790147449
50.0 0.00774324570143
51.0 0.00723750039008
52.0 0.00676746616327
53.0 0.00633024192351
54.0 0.00592317971239
55.0 0.00554385306598
56.0 0.00519003831251
57.0 0.0048597007642
58.0 0.00455098033872
59.0 0.00426217771268
60.0 0.00399174416234
61.0 0.00373827468718
62.0 0.00350050021739
63.0 0.00327727530524
64.0 0.00306756212931
65.0 0.00287041573877
66.0 0.00268497581134
67.0 0.00251046681046
68.0 0.00234620415428
69.0 0.00219160188164
70.0 0.00204617820933
71.0 0.00190955779771
72.0 0.0017814712421
73.0 0.0016617523293
74.0 0.00155033277534
75.0 0.00144723388711
76.0 0.00135255526979
77.0 0.00126646145322
78.0 0.00118916708199
79.0 0.00112092009383
80.0 0.00106198115732
81.0 0.00101259762687
82.0 0.000972971526423
83.0 0.000943222828853
84.0 0.000923350709955
85.0 0.000913196230762
86.0 0.000912410201216
87.0 0.00092042992643
88.0 0.000936467989771
89.0 0.000959515012693
90.0 0.000988356612428
91.0 0.00102160308609
92.0 0.00105772923991
93.0 0.0010951214576
94.0 0.00113212932874
95.0 0.00116711951056
96.0 0.00119852966712
97.0 0.00122492027733
98.0 0.00124502197508
99.0 0.00125777606674
100.0 0.00126236607699
101.0 0.00125823863001
102.0 0.0012451126419
103.0 0.00122297659825
104.0 0.00119207451648
105.0 0.00115288193888
106.0 0.00110607389545
107.0 0.00105248717111
108.0 0.000993079390841
109.0 0.000928887386451
110.0 0.000860987034598
111.0 0.000790456299513
112.0 0.000718342668706
113.0 0.000645635655383
114.0 0.000573244656325
115.0 0.000501982229707
116.0 0.000432552748883
117.0 0.000365546307742
118.0 0.000301437624455
119.0 0.000240589489449
120.0 0.000183260064319
121.0 0.000129613126124
122.0 7.97302244819e-05
123.0 3.36237031287e-05
124.0 -8.75037398746e-06
125.0 -4.74801851852e-05
126.0 -8.26875767061e-05
127.0 -0.000114519277381
128.0 -0.000143139969216
129.0 -0.000168727038419
130.0 -0.000191466640488
131.0 -0.000211550608736
132.0 -0.000229173740003
133.0 -0.000244531100771
134.0 -0.00025781517984
135.0 -0.000269212917753
136.0 -0.000278902811644
137.0 -0.000287052383641
138.0 -0.000293816294338
139.0 -0.000299335292695
140.0 -0.000303736055138
141.0 -0.000307131823673
142.0 -0.000309623643347
143.0 -0.000311301944844
144.0 -0.000312248220583
145.0 -0.000312536589087
146.0 -0.000312235112177
147.0 -0.000311406802792
148.0 -0.000310110323648
149.0 -0.000308400421557
150.0 -0.000306328167544
151.0 -0.000303941080545
152.0 -0.000301283204981
153.0 -0.000298395193011
154.0 -0.000295314414536
155.0 -0.000292075087923
156.0 -0.000288708399445
157.0 -0.00028524256732
158.0 -0.000281702812643
159.0 -0.000278111224802
160.0 -0.000274486547439
161.0 -0.000270843951204
162.0 -0.000267194887874
163.0 -0.000263547125249
164.0 -0.00025990503857
165.0 -0.000256270185357
166.0 -0.000252642128185
167.0 -0.000249019410114
168.0 -0.000245400546567
169.0 -0.00024178488665
170.0 -0.000238173219542
171.0 -0.000234568051976
172.0 -0.000230973548502
173.0 -0.000227395190904
174.0 -0.000223839261709
175.0 -0.000220312278565
176.0 -0.000216820498034
177.0 -0.000213369573279
178.0 -0.000209964400718
179.0 -0.00020660913939
180.0 -0.000203307346455
181.0 -0.000200062151745
182.0 -0.000196876396264
183.0 -0.000193752680669
184.0 -0.000190693302077
185.0 -0.000187700091313
186.0 -0.000184774189594
187.0 -0.000181915818329
188.0 -0.000179124096951
189.0 -0.000176396953478
190.0 -0.000173731154711
191.0 -0.000171122462001
192.0 -0.000168565898006
193.0 -0.000166056092835
194.0 -0.000163587666417
195.0 -0.000161155599309
196.0 -0.000158755547341
197.0 -0.000156384066229
198.0 -0.000154038729054
199.0 -0.000151718139166
200.0 -0.000149421859352
201.0 -0.000147150290616
202.0 -0.000144904537293
203.0 -0.000142686288492
204.0 -0.000140497730754
205.0 -0.000138341487844
206.0 -0.000136220566337
207.0 -0.000134138275881
208.0 -0.000132098094071
209.0 -0.000130103458432
210.0 -0.00012815748917
211.0 -0.000126262670574
212.0 -0.000124420539578
213.0 -0.000122631440878
214.0 -0.000120894405332
215.0 -0.000119207191589
216.0 -0.00011756650303
217.0 -0.000115968358844
218.0 -0.000114408566697
219.0 -0.000112883221772
220.0 -0.000111389148138
221.0 -0.000109924205521
222.0 -0.00010848740643
223.0 -0.00010707882112
224.0 -0.000105699284679
225.0 -0.000104349954898
226.0 -0.000103031794917
227.0 -0.000101745066784
228.0 -0.000100488918864
229.0 -9.92611328148e-05
230.0 -9.80580679895e-05
231.0 -9.68748081944e-05
232.0 -9.57054838168e-05
233.0 -9.45437170386e-05
234.0 -9.3383123232e-05
235.0 -9.22177993973e-05
236.0 -9.10427398365e-05
237.0 -8.98541371517e-05
238.0 -8.86495487035e-05
239.0 -8.74279301432e-05
240.0 -8.61895545747e-05
241.0 -8.49358459394e-05
242.0 -8.36691579055e-05
243.0 -8.23925262574e-05
244.0 -8.11094160757e-05
245.0 -7.98234777657e-05
246.0 -7.85383206384e-05
247.0 -7.72573105129e-05
248.0 -7.59833985969e-05
249.0 -7.47189914265e-05
250.0 -7.34658739481e-05
251.0 -7.22251979619e-05
252.0 -7.09975447991e-05
253.0 -6.97830640066e-05
254.0 -6.85816798275e-05
255.0 -6.73933462203e-05
256.0 -6.62183213305e-05
257.0 -6.5057425957e-05
258.0 -6.39122492626e-05
259.0 -6.27852694406e-05
260.0 -6.16798668341e-05
261.0 -6.06002206567e-05
262.0 -5.95510958285e-05
263.0 -5.85375410557e-05
264.0 -5.75645308508e-05
265.0 -5.66365909999e-05
266.0 -5.57574481444e-05
267.0 -5.49297397504e-05
268.0 -5.41548117529e-05
269.0 -5.34326192126e-05
270.0 -5.27617323948e-05
271.0 -5.21394387089e-05
272.0 -5.15619215433e-05
273.0 -5.10244912191e-05
274.0 -5.05218413851e-05
275.0 -5.00483058944e-05
276.0 -4.95980956849e-05
277.0 -4.91655013448e-05
278.0 -4.8745053704e-05
279.0 -4.83316409614e-05
280.0 -4.79205858252e-05
281.0 -4.75076895528e-05
282.0 -4.70892515798e-05
283.0 -4.66620738143e-05
284.0 -4.62234579454e-05
285.0 -4.57712026125e-05
286.0 -4.53036052975e-05
287.0 -4.48194715687e-05
288.0 -4.43181320078e-05
289.0 -4.37994649431e-05
290.0 -4.32639211616e-05
291.0 -4.27125452447e-05
292.0 -4.21469872512e-05
293.0 -4.15694982957e-05
294.0 -4.09829042213e-05
295.0 -4.03905530287e-05
296.0 -3.97962338587e-05
297.0 -3.92040679203e-05
298.0 -3.86183744936e-05
299.0 -3.80435177194e-05
