10.0 0.342444882158
11.0 0.291089986118
12.0 0.249635691747
13.0 0.21573273552
14.0 0.187690663529
15.0 0.164268357078
16.0 0.144538319063
17.0 0.127793652735
18.0 0.113485626914
19.0 0.101183117566
20.0 0.0905447395205
21.0 0.0812978639578
22.0 0.073222444024
23.0 0.0661389336009
24.0 0.05989960363
25.0 0.054382307063
26.0 0.0494857086491
27.0 0.0451253439113
28.0 0.0412303424758
29.0 0.0377408503088
30.0 0.0346060718227
31.0 0.0317827279243
32.0 0.0292337725305
33.0 0.0269273248152
34.0 0.024835821602
35.0 0.0229353642107
36.0 0.0212051895039
37.0 0.0196271985604
38.0 0.0181855337369
39.0 0.0168662391015
40.0 0.0156570156589
41.0 0.0145470281032
42.0 0.0135267111155
43.0 0.0125875716273
44.0 0.01172202476
45.0 0.0109232863645
46.0 0.0101853007095
47.0 0.00950266626366
48.0 0.00887054908197
49.0 0.00828460246041
50.0 0.00774090923534
51.0 0.00723594044467
52.0 0.00676651340811
53.0 0.00632974368244
54.0 0.00592300039591
55.0 0.00554387515472
56.0 0.00519016396015
57.0 0.0048598540769
58.0 0.00455111037072
59.0 0.00426226219146
60.0 0.00399179391926
61.0 0.00373833871701
62.0 0.00350067122135
63.0 0.00327769548436
64.0 0.00306842888907
65.0 0.00287198684479
66.0 0.002687573406
67.0 0.00251447957269
68.0 0.00235208677466
69.0 0.00219987095329
70.0 0.00205740362352
71.0 0.00192434880712
72.0 0.00180045653548
73.0 0.00168555376458
74.0 0.00157953284993
75.0 0.00148233757362
76.0 0.00139394748638
77.0 0.00131436212289
78.0 0.00124358639994
79.0 0.00118161718915
80.0 0.00112842971997
81.0 0.00108396219405
82.0 0.0010480979195
83.0 0.00102064566669
84.0 0.00100131999667
85.0 0.000989723768906
86.0 0.000985335101012
87.0 0.000987500892634
88.0 0.000995438519902
89.0 0.00100824629463
90.0 0.00102492191697
91.0 0.00104438693375
92.0 0.0010655146591
93.0 0.0010871592637
94.0 0.00110818450068
95.0 0.00112749132484
96.0 0.0011440441238
97.0 0.00115689534281
98.0 0.00116520808809
99.0 0.00116827603282
100.0 0.00116553977038
101.0 0.00115659873234
102.0 0.00114121792871
103.0 0.00111932904825
104.0 0.00109102582153
105.0 0.00105655393442
106.0 0.00101629613246
107.0 0.000970753445073
108.0 0.000920523657027
109.0 0.00086627823457
110.0 0.0008087388536
111.0 0.00074865448875
112.0 0.000686779767097
113.0 0.000623855059643
114.0 0.000560588653223
115.0 0.000497641329811
116.0 0.000435613725066
117.0 0.000375036852955
118.0 0.000316366095418
119.0 0.00025997874858
120.0 0.000206174934357
121.0 0.000155181404331
122.0 0.000107157550998
123.0 6.22028355791e-05
124.0 2.03648424224e-05
125.0 -1.83527422198e-05
126.0 -5.39827776435e-05
127.0 -8.6588296951e-05
128.0 -0.000116257250129
129.0 -0.000143098278437
130.0 -0.000167237258707
131.0 -0.000188814255317
132.0 -0.000207980517872
133.0 -0.000224895262951
134.0 -0.000239722148729
135.0 -0.000252625541438
136.0 -0.00026376682691
137.0 -0.000273301096568
138.0 -0.000281374518578
139.0 -0.000288122604548
140.0 -0.000293669435219
141.0 -0.000298127759238
142.0 -0.000301599764862
143.0 -0.000304178266729
144.0 -0.000305948050353
145.0 -0.000306987162404
146.0 -0.000307368004283
147.0 -0.000307158159881
148.0 -0.000306420951284
149.0 -0.00030521576143
150.0 -0.000303598188687
151.0 -0.000301620106648
152.0 -0.000299329695642
153.0 -0.000296771493442
154.0 -0.000293986485532
155.0 -0.000291012225578
156.0 -0.000287882952159
157.0 -0.000284629656059
158.0 -0.00028128005907
159.0 -0.000277858490819
160.0 -0.00027438568879
161.0 -0.000270878587078
162.0 -0.000267350187915
163.0 -0.000263809614958
164.0 -0.000260262423812
165.0 -0.000256711196519
166.0 -0.000253156384401
167.0 -0.000249597303903
168.0 -0.000246033149116
169.0 -0.000242463873799
170.0 -0.000238890818203
171.0 -0.000235317006292
172.0 -0.000231747104426
173.0 -0.000228187097137
174.0 -0.000224643784114
175.0 -0.000221124224367
176.0 -0.000217635245358
177.0 -0.000214183101108
178.0 -0.000210773314076
179.0 -0.000207410684746
180.0 -0.000204099412877
181.0 -0.000200843254291
182.0 -0.000197645639387
183.0 -0.000194509701016
184.0 -0.000191438191691
185.0 -0.000188433303985
186.0 -0.000185496434579
187.0 -0.000182627946879
188.0 -0.000179826987897
189.0 -0.000177091404412
190.0 -0.000174417785104
191.0 -0.000171801633887
192.0 -0.000169237658711
193.0 -0.000166720142783
194.0 -0.000164243353318
195.0 -0.000161801938317
196.0 -0.000159391265078
197.0 -0.00015700766509
198.0 -0.00015464856705
199.0 -0.000152312519749
200.0 -0.000149999125291
201.0 -0.000147708916037
202.0 -0.000145443212396
203.0 -0.000143203992204
204.0 -0.000140993787563
205.0 -0.000138815606176
206.0 -0.000136672857035
207.0 -0.000134569250478
208.0 -0.000132508643618
209.0 -0.000130494814504
210.0 -0.000128531169389
211.0 -0.00012662041147
212.0 -0.000124764219931
213.0 -0.000122962998847
214.0 -0.000121215752687
215.0 -0.000119520128333
216.0 -0.000117872635582
217.0 -0.000116269024826
218.0 -0.00011470476921
219.0 -0.000113175575853
220.0 -0.000111677841864
221.0 -0.000110208977905
222.0 -0.00010876754384
223.0 -0.000107353173383
224.0 -0.000105966301378
225.0 -0.000104607741491
226.0 -0.000103278187422
227.0 -0.000101977722726
228.0 -0.000100705421228
229.0 -9.94591027915e-05
230.0 -9.82352815633e-05
231.0 -9.70293111018e-05
232.0 -9.58356991794e-05
233.0 -9.46485401071e-05
234.0 -9.34619981636e-05
235.0 -9.2270773824e-05
236.0 -9.10704941173e-05
237.0 -8.98579865656e-05
238.0 -8.86314183382e-05
239.0 -8.73903037596e-05
240.0 -8.61354001685e-05
241.0 -8.48685219716e-05
242.0 -8.3592305147e-05
243.0 -8.23099508256e-05
244.0 -8.1024969486e-05
245.0 -7.97409396942e-05
246.0 -7.8461289597e-05
247.0 -7.71891068473e-05
248.0 -7.59269832026e-05
249.0 -7.46769024272e-05
250.0 -7.34401823915e-05
251.0 -7.22174824592e-05
252.0 -7.10088840373e-05
253.0 -6.98140452645e-05
254.0 -6.86324210683e-05
255.0 -6.74635290234e-05
256.0 -6.63072318598e-05
257.0 -6.5164001307e-05
258.0 -6.40351268316e-05
259.0 -6.29228373994e-05
260.0 -6.18303142211e-05
261.0 -6.07615860921e-05
262.0 -5.97213142432e-05
263.0 -5.87144881445e-05
264.0 -5.77460651698e-05
265.0 -5.68205937198e-05
266.0 -5.5941860467e-05
267.0 -5.51125979036e-05
268.0 -5.43342793398e-05
269.0 -5.36070165295e-05
270.0 -5.29295621815e-05
271.0 -5.22994076876e-05
272.0 -5.17129570573e-05
273.0 -5.11657523069e-05
274.0 -5.06527237386e-05
275.0 -5.01684403284e-05
276.0 -4.97073399888e-05
277.0 -4.92639256736e-05
278.0 -4.88329199676e-05
279.0 -4.84093769689e-05
280.0 -4.79887552098e-05
281.0 -4.7566958718e-05
282.0 -4.71403550572e-05
283.0 -4.67057794947e-05
284.0 -4.6260533632e-05
285.0 -4.58023852512e-05
286.0 -4.53295740755e-05
287.0 -4.48408258427e-05
288.0 -4.43353747535e-05
289.0 -4.38129921202e-05
290.0 -4.32740170837e-05
291.0 -4.27193837511e-05
292.0 -4.21506382129e-05
293.0 -4.15699387617e-05
294.0 -4.09800333402e-05
295.0 -4.03842097584e-05
296.0 -3.97862164221e-05
297.0 -3.9190153956e-05
298.0 -3.86003409044e-05
299.0 -3.80211593088e-05
