10.0 0.341143814008
11.0 0.289895670793
12.0 0.248589540127
13.0 0.214856555903
14.0 0.186989806906
15.0 0.163735744498
16.0 0.144158524786
17.0 0.127546515116
18.0 0.11334912742
19.0 0.101135469065
20.0 0.0905657511115
21.0 0.0813697123239
22.0 0.0733299987925
23.0 0.0662697742929
24.0 0.0600438426344
25.0 0.0545323061126
26.0 0.0496357509902
27.0 0.0452713032529
28.0 0.0413693735748
29.0 0.0378711143436
30.0 0.0347265017712
31.0 0.0318928341134
32.0 0.0293334855644
33.0 0.0270168715711
34.0 0.0249156294051
35.0 0.0230059883145
36.0 0.0212672593621
37.0 0.0196813789109
38.0 0.0182324971236
39.0 0.0169066470597
40.0 0.015691506348
41.0 0.0145762086532
42.0 0.0135511533654
43.0 0.0126078102583
44.0 0.011738557086
45.0 0.0109365732315
46.0 0.0101957680982
47.0 0.00951070728852
48.0 0.00887652614809
49.0 0.00828884938702
50.0 0.00774373318561
51.0 0.0072376235207
52.0 0.00676731378081
53.0 0.00632989613159
54.0 0.00592271613786
55.0 0.00554334083774
56.0 0.00518953971214
57.0 0.00485927050045
58.0 0.00455066439766
59.0 0.00426201173586
60.0 0.00399175130743
61.0 0.00373846292922
62.0 0.00350085905926
63.0 0.00327777188597
64.0 0.00306813675572
65.0 0.0028709769253
66.0 0.0026853950001
67.0 0.00251057306077
68.0 0.00234577923716
69.0 0.00219037638242
70.0 0.00204382941566
71.0 0.00190571030708
72.0 0.00177570133161
73.0 0.00165359715082
74.0 0.00153930533195
75.0 0.00143284447508
76.0 0.00133433961214
77.0 0.00124401510567
78.0 0.00116218489095
79.0 0.00108923859435
80.0 0.00102562091656
81.0 0.000971801790918
82.0 0.000928236352124
83.0 0.000895315903778
84.0 0.000873312976346
85.0 0.000862324871065
86.0 0.000862220879665
87.0 0.000872598702268
88.0 0.000892755241122
89.0 0.000921675703585
90.0 0.000958042947013
91.0 0.00100026678904
92.0 0.00104653119998
93.0 0.00109485617618
94.0 0.00114317053307
95.0 0.00118939153035
96.0 0.00123150693268
97.0 0.00126765483334
98.0 0.00129619649892
99.0 0.00131577779658
100.0 0.00132537550619
101.0 0.00132432594554
102.0 0.00131233472163
103.0 0.0012894678942
104.0 0.00125612622176
105.0 0.00121300529967
106.0 0.00116104519336
107.0 0.0011013735773
108.0 0.00103524641652
109.0 0.000963989901249
110.0 0.000888946719768
111.0 0.000811428920999
112.0 0.000732678713684
113.0 0.00065383772529
114.0 0.000575924621789
115.0 0.000499820608801
116.0 0.000426262148686
117.0 0.000355840139514
118.0 0.000289004719169
119.0 0.000226074740408
120.0 0.000167250827916
121.0 0.000112630826874
122.0 6.22264311634e-05
123.0 1.59798563734e-05
124.0 -2.62204133576e-05
125.0 -6.45255522955e-05
126.0 -9.91144847832e-05
127.0 -0.000130184361811
128.0 -0.000157943375111
129.0 -0.000182605620565
130.0 -0.000204387540475
131.0 -0.000223505383108
132.0 -0.000240173137565
133.0 -0.000254600527351
134.0 -0.000266990843946
135.0 -0.00027753861932
136.0 -0.000286427316285
137.0 -0.000293827314403
138.0 -0.000299894469713
139.0 -0.000304769441497
140.0 -0.000308577844148
141.0 -0.000311431141091
142.0 -0.000313428089013
143.0 -0.000314656486055
144.0 -0.000315194979488
145.0 -0.000315114733939
146.0 -0.000314480829912
147.0 -0.000313353334614
148.0 -0.000311788048647
149.0 -0.000309836976041
150.0 -0.000307548589945
151.0 -0.000304967973537
152.0 -0.000302136908046
153.0 -0.000299093960007
154.0 -0.000295874592005
155.0 -0.000292511290857
156.0 -0.000289033681975
157.0 -0.000285468586421
158.0 -0.000281839983382
159.0 -0.000278168866031
160.0 -0.000274473017146
161.0 -0.000270766771071
162.0 -0.000267060856875
163.0 -0.000263362422423
164.0 -0.00025967531531
165.0 -0.000256000647622
166.0 -0.000252337608965
167.0 -0.000248684432226
168.0 -0.000245039375489
169.0 -0.000241401572706
170.0 -0.000237771628447
171.0 -0.000234151882665
172.0 -0.00023054633738
173.0 -0.000226960302225
174.0 -0.000223399864705
175.0 -0.000219871313082
176.0 -0.000216380631683
177.0 -0.000212933154255
178.0 -0.000209533411321
179.0 -0.000206185155725
180.0 -0.000202891509725
181.0 -0.000199655155842
182.0 -0.000196478495214
183.0 -0.000193363717816
184.0 -0.000190312761016
185.0 -0.000187327166587
186.0 -0.000184407873328
187.0 -0.000181554997435
188.0 -0.000178767654477
189.0 -0.000176043867181
190.0 -0.000173380586068
191.0 -0.000170773829583
192.0 -0.00016821893038
193.0 -0.000165710857784
194.0 -0.00016324457508
195.0 -0.000160815385762
196.0 -0.000158419225877
197.0 -0.000156052870122
198.0 -0.000153714035705
199.0 -0.000151401387222
200.0 -0.000149114463623
201.0 -0.000146853560366
202.0 -0.000144619602913
203.0 -0.000142414040587
204.0 -0.000140238774592
205.0 -0.000138096114844
206.0 -0.000135988743073
207.0 -0.000133919649957
208.0 -0.000131892015297
209.0 -0.000129909013066
210.0 -0.00012797354458
211.0 -0.000126087927541
212.0 -0.000124253589563
213.0 -0.000122470825826
214.0 -0.000120738677934
215.0 -0.00011905497428
216.0 -0.000117416544286
217.0 -0.000115819585529
218.0 -0.000114260131251
219.0 -0.000112734542952
220.0 -0.00011123994389
221.0 -0.000109774516367
222.0 -0.000108337607693
223.0 -0.0001069296223
224.0 -0.000105551714567
225.0 -0.000104205331452
226.0 -0.000102891679641
227.0 -0.000101611204239
228.0 -0.00010036316298
229.0 -9.91453627301e-05
230.0 -9.79540971448e-05
231.0 -9.67842912286e-05
232.0 -9.56298263409e-05
233.0 -9.44839935441e-05
234.0 -9.33400081695e-05
235.0 -9.21915158342e-05
236.0 -9.10330291134e-05
237.0 -8.98602516706e-05
238.0 -8.86702685036e-05
239.0 -8.74616023757e-05
240.0 -8.62341535031e-05
241.0 -8.49890497894e-05
242.0 -8.37284378785e-05
243.0 -8.24552423827e-05
244.0 -8.11729143453e-05
245.0 -7.98851831939e-05
246.0 -7.85958214647e-05
247.0 -7.73084296734e-05
248.0 -7.60262497243e-05
249.0 -7.47520178926e-05
250.0 -7.34878707256e-05
251.0 -7.22353172404e-05
252.0 -7.09952872544e-05
253.0 -6.97682583196e-05
254.0 -6.85544534497e-05
255.0 -6.73540904747e-05
256.0 -6.61676537513e-05
257.0 -6.49961523565e-05
258.0 -6.38413274419e-05
259.0 -6.27057758122e-05
260.0 -6.15929665727e-05
261.0 -6.05071414174e-05
262.0 -5.94531046185e-05
263.0 -5.84359235465e-05
264.0 -5.74605722989e-05
265.0 -5.65315579759e-05
266.0 -5.56525704477e-05
267.0 -5.48261921544e-05
268.0 -5.40536955472e-05
269.0 -5.33349438343e-05
270.0 -5.26683977285e-05
271.0 -5.20512188514e-05
272.0 -5.14794509508e-05
273.0 -5.09482541668e-05
274.0 -5.04521655849e-05
275.0 -4.99853609277e-05
276.0 -4.95418966549e-05
277.0 -4.91159178442e-05
278.0 -4.87018238714e-05
279.0 -4.82943900784e-05
280.0 -4.78888486273e-05
281.0 -4.74809351955e-05
282.0 -4.70669100519e-05
283.0 -4.66435625134e-05
284.0 -4.62082071466e-05
285.0 -4.57586786541e-05
286.0 -4.52933304713e-05
287.0 -4.48110399255e-05
288.0 -4.43112205442e-05
289.0 -4.3793839914e-05
290.0 -4.32594395356e-05
291.0 -4.27091515733e-05
292.0 -4.21447064435e-05
293.0 -4.15684249611e-05
294.0 -4.09831893673e-05
295.0 -4.03923889672e-05
296.0 -3.97998381918e-05
297.0 -3.9209667446e-05
298.0 -3.86261898044e-05
299.0 -3.80537491634e-05
