10.0 0.34261885089
11.0 0.29124945392
12.0 0.249778889243
13.0 0.215858426224
14.0 0.187798199594
15.0 0.164357684634
16.0 0.144609939014
17.0 0.127848546613
18.0 0.113525159337
19.0 0.101208927141
20.0 0.0905586289145
21.0 0.0813016978499
22.0 0.0732180611487
23.0 0.0661280764991
24.0 0.0598838673912
25.0 0.0543631064415
26.0 0.0494642615756
27.0 0.0451026685992
28.0 0.0412072649812
29.0 0.0377180194368
30.0 0.0345839785711
31.0 0.031761727114
32.0 0.0292141047875
33.0 0.0269091375824
34.0 0.0248191883208
35.0 0.022920301192
36.0 0.0211916703081
37.0 0.0196151659174
38.0 0.0181749091763
39.0 0.0168569305462
40.0 0.0156489232703
41.0 0.0145400486678
42.0 0.0135207412507
43.0 0.012582510051
44.0 0.0117177738405
45.0 0.0109197531302
46.0 0.0101823974674
47.0 0.00950031094986
48.0 0.00886866544087
49.0 0.00828312013309
50.0 0.00773976382043
51.0 0.00723507358375
52.0 0.00676587293748
53.0 0.00632928388507
54.0 0.00592268237971
55.0 0.00554366737584
56.0 0.00519004290151
57.0 0.00485980508242
58.0 0.00455112862366
59.0 0.0042623538107
60.0 0.00399197713021
61.0 0.00373864503398
62.0 0.00350114655632
63.0 0.00327840107425
64.0 0.00306944191146
65.0 0.00287340057286
66.0 0.00268949673976
67.0 0.00251703577898
68.0 0.00235541127579
69.0 0.00220410802645
70.0 0.00206270191359
71.0 0.00193085561406
72.0 0.00180831091507
73.0 0.00169487857484
74.0 0.0015904259804
75.0 0.00149486270452
76.0 0.00140812482996
77.0 0.00133015968971
78.0 0.00126091239798
79.0 0.00120031419188
80.0 0.00114827122322
81.0 0.00110465211398
82.0 0.00106927346404
83.0 0.00104188384321
84.0 0.00102214780803
85.0 0.00100963191122
86.0 0.00100379472745
87.0 0.00100398276723
88.0 0.00100943367596
89.0 0.00101928715211
90.0 0.0010326027199
91.0 0.00104838235239
92.0 0.00106559546793
93.0 0.00108320415248
94.0 0.00110018729234
95.0 0.00111556314506
96.0 0.00112841037155
97.0 0.00113788762601
98.0 0.00114325158853
99.0 0.00114387302775
100.0 0.00113925024526
101.0 0.00112901915713
102.0 0.0011129593309
103.0 0.00109099549956
104.0 0.00106319436759
105.0 0.00102975684851
106.0 0.000991006181355
107.0 0.000947372634015
108.0 0.000899375690266
109.0 0.000847604704773
110.0 0.00079269897211
111.0 0.000735328000916
112.0 0.000676172569834
113.0 0.000615906955634
114.0 0.000555182637399
115.0 0.00049461380549
116.0 0.000434765083419
117.0 0.000376141912844
118.0 0.000319183982766
119.0 0.000264261887174
120.0 0.000211676915575
121.0 0.000161663595525
122.0 0.000114394385855
123.0 6.9985801402e-05
124.0 2.85052367628e-05
125.0 -1.00221704247e-05
126.0 -4.56071589072e-05
127.0 -7.82907852459e-05
128.0 -0.000108139817216
129.0 -0.000135243000674
130.0 -0.000159707950322
131.0 -0.000181658318523
132.0 -0.000201230899343
133.0 -0.00021857242618
134.0 -0.00023383599158
135.0 -0.000247177206551
136.0 -0.000258750369083
137.0 -0.00026870498525
138.0 -0.000277182965208
139.0 -0.000284316713525
140.0 -0.000290228184166
141.0 -0.000295028818968
142.0 -0.000298820172603
143.0 -0.000301694967801
144.0 -0.000303738324148
145.0 -0.000305028948289
146.0 -0.000305640142292
147.0 -0.00030564055992
148.0 -0.000305094703264
149.0 -0.000304063197292
150.0 -0.000302602905905
151.0 -0.00030076696144
152.0 -0.000298604772862
153.0 -0.000296162059046
154.0 -0.000293480926488
155.0 -0.00029059998124
156.0 -0.000287554440402
157.0 -0.000284376196824
158.0 -0.000281093797461
159.0 -0.000277732321446
160.0 -0.000274313182689
161.0 -0.000270853922269
162.0 -0.000267368084385
163.0 -0.000263865274685
164.0 -0.000260351476273
165.0 -0.000256829649994
166.0 -0.000253300583249
167.0 -0.000249763891876
168.0 -0.000246219038655
169.0 -0.00024266622112
170.0 -0.000239107003866
171.0 -0.00023554462079
172.0 -0.000231983938186
173.0 -0.000228431134203
174.0 -0.00022489319865
175.0 -0.000221377379009
176.0 -0.000217890690426
177.0 -0.000214439573621
178.0 -0.000211029735632
179.0 -0.000207666157358
180.0 -0.000204353212096
181.0 -0.000201094819103
182.0 -0.000197894558677
183.0 -0.000194755696631
184.0 -0.000191681098456
185.0 -0.000188673047265
186.0 -0.000185733006233
187.0 -0.000182861380612
188.0 -0.000180057335125
189.0 -0.000177318711781
190.0 -0.000174642074757
191.0 -0.00017202288741
192.0 -0.00016945580553
193.0 -0.000166935053479
194.0 -0.000164454838086
195.0 -0.000162009750456
196.0 -0.00015959510913
197.0 -0.000157207208974
198.0 -0.000154843457318
199.0 -0.000152502398944
200.0 -0.000150183650293
201.0 -0.000147887776249
202.0 -0.000145616146693
203.0 -0.000143370803655
204.0 -0.000141154355109
205.0 -0.000138969892613
206.0 -0.000136820912901
207.0 -0.000134711213639
208.0 -0.000132644734577
209.0 -0.000130625327672
210.0 -0.000128656460716
211.0 -0.00012674088302
212.0 -0.000124880302079
213.0 -0.00012307513088
214.0 -0.000121324362656
215.0 -0.00011962561302
216.0 -0.000117975341443
217.0 -0.000116369230756
218.0 -0.000114802671908
219.0 -0.000113271278486
220.0 -0.000111771346619
221.0 -0.000110300182881
222.0 -0.000108856244586
223.0 -0.000107439069186
224.0 -0.00010604900623
225.0 -0.000104686799444
226.0 -0.000103353091834
227.0 -0.00010204793871
228.0 -0.000100770410418
229.0 -9.95183494139e-05
230.0 -9.82883186905e-05
231.0 -9.70757459077e-05
232.0 -9.58752360391e-05
233.0 -9.46810004451e-05
234.0 -9.34873360934e-05
235.0 -9.22890868089e-05
236.0 -9.10820281179e-05
237.0 -8.98631354048e-05
238.0 -8.86307172999e-05
239.0 -8.73844177166e-05
240.0 -8.6125106799e-05
241.0 -8.48546908499e-05
242.0 -8.35758736742e-05
243.0 -8.22918980818e-05
244.0 -8.10062891458e-05
245.0 -7.97226131314e-05
246.0 -7.84442602381e-05
247.0 -7.71742567061e-05
248.0 -7.59151123645e-05
249.0 -7.46687120552e-05
250.0 -7.34362616229e-05
251.0 -7.22182993522e-05
252.0 -7.10147805388e-05
253.0 -6.98252360019e-05
254.0 -6.86489956357e-05
255.0 -6.7485457335e-05
256.0 -6.63343720864e-05
257.0 -6.51961098843e-05
258.0 -6.40718700409e-05
259.0 -6.2963804048e-05
260.0 -6.18750290012e-05
261.0 -6.080952325e-05
262.0 -5.97719112504e-05
263.0 -5.87671591154e-05
264.0 -5.78002138163e-05
265.0 -5.68756256672e-05
266.0 -5.59971947806e-05
267.0 -5.51676776899e-05
268.0 -5.4388581293e-05
269.0 -5.36600592988e-05
270.0 -5.29809134386e-05
271.0 -5.2348689782e-05
272.0 -5.17598511597e-05
273.0 -5.12100009662e-05
274.0 -5.06941318071e-05
275.0 -5.02068742504e-05
276.0 -4.97427254978e-05
277.0 -4.92962439903e-05
278.0 -4.88622026477e-05
279.0 -4.84356995992e-05
280.0 -4.80122301941e-05
281.0 -4.75877274316e-05
282.0 -4.71585796718e-05
283.0 -4.67216347841e-05
284.0 -4.62741990648e-05
285.0 -4.58140376587e-05
286.0 -4.53393811458e-05
287.0 -4.48489406531e-05
288.0 -4.43419314954e-05
289.0 -4.38181031138e-05
290.0 -4.32777711184e-05
291.0 -4.27218457265e-05
292.0 -4.21518499989e-05
293.0 -4.15699211472e-05
294.0 -4.0978788899e-05
295.0 -4.03817264317e-05
296.0 -3.97824715971e-05
297.0 -3.91851188162e-05
298.0 -3.85939848278e-05
299.0 -3.80134541098e-05
