10.0 0.341650719631
11.0 0.290354767462
12.0 0.248979638015
13.0 0.215168806653
14.0 0.187224757012
15.0 0.163900177496
16.0 0.144262646935
17.0 0.127601763901
18.0 0.113366666556
19.0 0.101125297348
20.0 0.0905362883521
21.0 0.0813277136525
22.0 0.0732806670883
23.0 0.0662169715792
24.0 0.0599903333512
25.0 0.0544799921623
26.0 0.0495858782886
27.0 0.0452246325323
28.0 0.0413263157484
29.0 0.0378318344739
30.0 0.0346909970116
31.0 0.03186099098
32.0 0.0293051212646
33.0 0.0269917632862
34.0 0.0248935346174
35.0 0.0229866585736
36.0 0.021250449316
37.0 0.0196668519787
38.0 0.0182200288327
39.0 0.0168960267969
40.0 0.0156825380572
41.0 0.0145687108539
42.0 0.0135449587423
43.0 0.0126027649877
44.0 0.0117345200049
45.0 0.0109334149186
46.0 0.0101933699135
47.0 0.00950896040531
48.0 0.00887533060865
49.0 0.00828811320731
50.0 0.0077433715356
51.0 0.00723755800614
52.0 0.00676747185415
53.0 0.00633021066182
54.0 0.00592312517271
55.0 0.00554378759433
56.0 0.00518997283476
57.0 0.00485964462514
58.0 0.00455094106329
59.0 0.00426216068151
60.0 0.00399175219475
61.0 0.00373830752684
62.0 0.00350055392
63.0 0.00327734153379
64.0 0.00306762737195
65.0 0.00287046047755
66.0 0.00268497368737
67.0 0.0025103838518
68.0 0.00234599815655
69.0 0.00219122205532
70.0 0.00204556522915
71.0 0.00190864440394
72.0 0.00178018354621
73.0 0.00166001196214
74.0 0.00154805997988
75.0 0.00144435159773
76.0 0.00134899413493
77.0 0.00126216565226
78.0 0.00118410066759
79.0 0.00111507346963
80.0 0.00105537719295
81.0 0.00100529683446
82.0 0.000965075691923
83.0 0.00093487652055
84.0 0.000914740183382
85.0 0.000904545413444
86.0 0.000903973662731
87.0 0.000912483000951
88.0 0.000929294493348
89.0 0.000953393255821
90.0 0.000983544618623
91.0 0.00101832406193
92.0 0.00105615838157
93.0 0.00109537511427
94.0 0.00113425737843
95.0 0.00117110155364
96.0 0.00120427533432
97.0 0.00123227361404
98.0 0.00125376953811
99.0 0.00126765808636
100.0 0.0012730898229
101.0 0.00126949299323
102.0 0.00125658291132
103.0 0.00123435846869
104.0 0.00120308649936
105.0 0.00116327553872
106.0 0.00111564114016
107.0 0.0010610653175
108.0 0.00100055284613
109.0 0.000935187074219
110.0 0.000866087577116
111.0 0.000794371481978
112.0 0.00072111969429
113.0 0.000647348697961
114.0 0.000573988178367
115.0 0.000501864466303
116.0 0.000431689675791
117.0 0.000364056321732
118.0 0.000299437076567
119.0 0.000238189132567
120.0 0.000180562409907
121.0 0.000126710653401
122.0 7.6704349041e-05
123.0 3.05443901583e-05
124.0 -1.18244761159e-05
125.0 -5.05012144668e-05
126.0 -8.56176455237e-05
127.0 -0.000117329481141
128.0 -0.000145809301763
129.0 -0.000171241283436
130.0 -0.00019381729153
131.0 -0.000213733855366
132.0 -0.000231189544288
133.0 -0.000246382377456
134.0 -0.000259507084904
135.0 -0.000270752243613
136.0 -0.000280297482823
137.0 -0.000288311043909
138.0 -0.000294947974878
139.0 -0.000300349150404
140.0 -0.00030464117047
141.0 -0.000307937048188
142.0 -0.000310337488161
143.0 -0.000311932502347
144.0 -0.000312803112892
145.0 -0.000313022937778
146.0 -0.000312659524796
147.0 -0.000311775372415
148.0 -0.000310428638454
149.0 -0.000308673581931
150.0 -0.000306560808686
151.0 -0.000304137398919
152.0 -0.000301446987281
153.0 -0.000298529846555
154.0 -0.000295422998228
155.0 -0.000292160343105
156.0 -0.000288772780097
157.0 -0.000285288269216
158.0 -0.000281731801131
159.0 -0.000278125261004
160.0 -0.000274487212698
161.0 -0.000270832669704
162.0 -0.000267172947367
163.0 -0.0002635156959
164.0 -0.000259865189909
165.0 -0.000256222901367
166.0 -0.000252588320512
167.0 -0.000248959929369
168.0 -0.000245336191658
169.0 -0.000241716412051
170.0 -0.000238101340395
171.0 -0.000234493446962
172.0 -0.000230896860457
173.0 -0.000227317025272
174.0 -0.000223760183044
175.0 -0.000220232805463
176.0 -0.000216741097004
177.0 -0.000213290652239
178.0 -0.000209886302838
179.0 -0.000206532138087
180.0 -0.000203231642282
181.0 -0.000199987871799
182.0 -0.000196803596564
183.0 -0.000193681351725
184.0 -0.000190623377581
185.0 -0.000187631459631
186.0 -0.000184706707468
187.0 -0.000181849325989
188.0 -0.000179058433699
189.0 -0.000176331972735
190.0 -0.000173666737551
191.0 -0.000171058528289
192.0 -0.000168502414433
193.0 -0.000165993077391
194.0 -0.000163525189086
195.0 -0.000161093779054
196.0 -0.0001586945457
197.0 -0.000156324078071
198.0 -0.000153979971214
199.0 -0.000151660837772
200.0 -0.000149366236735
201.0 -0.000147096552625
202.0 -0.000144852861795
203.0 -0.000142636815691
204.0 -0.000140450555801
205.0 -0.000138296656035
206.0 -0.000136178071026
207.0 -0.000134098059049
208.0 -0.000132060049366
209.0 -0.000130067436388
210.0 -0.000128123304224
211.0 -0.00012623010948
212.0 -0.000124389370801
213.0 -0.000122601424574
214.0 -0.000120865303538
215.0 -0.000119178778305
216.0 -0.000117538573877
217.0 -0.00011594074003
218.0 -0.000114381123017
219.0 -0.000112855863375
220.0 -0.000111361835797
221.0 -0.000109896954123
222.0 -0.000108460286451
223.0 -0.000107051957836
224.0 -0.000105672854966
225.0 -0.000104324181533
226.0 -0.000103006938432
227.0 -0.00010172141503
228.0 -0.000100466774638
229.0 -9.92408000102e-05
230.0 -9.80398368909e-05
231.0 -9.68589406343e-05
232.0 -9.56921989769e-05
233.0 -9.45331786863e-05
234.0 -9.33754291395e-05
235.0 -9.22129735856e-05
236.0 -9.10407281335e-05
237.0 -8.98548063591e-05
238.0 -8.86526894484e-05
239.0 -8.74332632617e-05
240.0 -8.61967406589e-05
241.0 -8.49444974877e-05
242.0 -8.36788533697e-05
243.0 -8.24028251868e-05
244.0 -8.11198745226e-05
245.0 -7.98336631446e-05
246.0 -7.85478253127e-05
247.0 -7.7265763511e-05
248.0 -7.5990475024e-05
249.0 -7.47244193169e-05
250.0 -7.34694384881e-05
251.0 -7.22267431818e-05
252.0 -7.09969729789e-05
253.0 -6.9780333145e-05
254.0 -6.85767995938e-05
255.0 -6.7386372831e-05
256.0 -6.62093517779e-05
257.0 -6.50465919685e-05
258.0 -6.38997112972e-05
259.0 -6.27712109449e-05
260.0 -6.16644888893e-05
261.0 -6.05837370713e-05
262.0 -5.95337286626e-05
263.0 -5.85195165161e-05
264.0 -5.75460754765e-05
265.0 -5.66179280498e-05
266.0 -5.57387941213e-05
267.0 -5.49113010233e-05
268.0 -5.41367812787e-05
269.0 -5.34151734006e-05
270.0 -5.27450281943e-05
271.0 -5.21236110262e-05
272.0 -5.15470811139e-05
273.0 -5.10107230584e-05
274.0 -5.05092039319e-05
275.0 -5.00368309318e-05
276.0 -4.95877890891e-05
277.0 -4.91563446662e-05
278.0 -4.87370065397e-05
279.0 -4.83246440296e-05
280.0 -4.79145646122e-05
281.0 -4.75025583685e-05
282.0 -4.70849178348e-05
283.0 -4.66584423211e-05
284.0 -4.62204350463e-05
285.0 -4.57686999525e-05
286.0 -4.53015430826e-05
287.0 -4.48177811844e-05
288.0 -4.43167579108e-05
289.0 -4.37983657813e-05
290.0 -4.32630701197e-05
291.0 -4.27119296514e-05
292.0 -4.21466075212e-05
293.0 -4.15693663044e-05
294.0 -4.09830412351e-05
295.0 -4.03909873229e-05
296.0 -3.97969981622e-05
297.0 -3.92051968214e-05
298.0 -3.8619901935e-05
299.0 -3.80454746912e-05
