10.0 0.340718986848
11.0 0.28953626831
12.0 0.248307424957
13.0 0.214650168884
14.0 0.186850003521
15.0 0.163650223107
16.0 0.14411471063
17.0 0.127533142225
18.0 0.113356893282
19.0 0.101157119559
20.0 0.0905958702814
21.0 0.0814043979709
22.0 0.0733665274084
23.0 0.0663063049451
24.0 0.0600791767108
25.0 0.0545657025327
26.0 0.0496667889506
27.0 0.0452997825221
28.0 0.0413952429969
29.0 0.0378944209193
30.0 0.0347473545573
31.0 0.0319113788055
32.0 0.029349886845
33.0 0.027031301144
34.0 0.02492825818
35.0 0.0230169815688
36.0 0.0212767739734
37.0 0.0196895619689
38.0 0.0182394854198
39.0 0.0169125671037
40.0 0.0156964746821
41.0 0.0145803323225
42.0 0.0135545304628
43.0 0.0126105305054
44.0 0.0117407024352
45.0 0.0109382184862
46.0 0.0101969815491
47.0 0.00951155135491
48.0 0.0088770580095
49.0 0.00828912158445
50.0 0.00774379417495
51.0 0.00723751816528
52.0 0.00676708377389
53.0 0.00632958033842
54.0 0.00592235084144
55.0 0.00554295986422
56.0 0.00518917440624
57.0 0.0048589495202
58.0 0.00455041330197
59.0 0.00426185234444
60.0 0.00399170081605
61.0 0.00373853276195
62.0 0.00350105343242
63.0 0.00327808605085
64.0 0.00306855488434
65.0 0.00287146961167
66.0 0.00268591637547
67.0 0.00251105756821
68.0 0.0023461381823
69.0 0.00219049447392
70.0 0.00204356163056
71.0 0.00190487955639
72.0 0.00177409754673
73.0 0.00165097853951
74.0 0.00153540263022
75.0 0.00142736900959
76.0 0.00132699584606
77.0 0.00123451803888
78.0 0.00115028221047
79.0 0.00107473684043
80.0 0.0010084141965
81.0 0.000951900824777
82.0 0.000905794988425
83.0 0.000870651829074
84.0 0.000846919280639
85.0 0.000834869507897
86.0 0.000834531904074
87.0 0.000845634436858
88.0 0.00086756008799
89.0 0.000899323999553
90.0 0.000939574823038
91.0 0.000986621209669
92.0 0.00103848202957
93.0 0.00109295712203
94.0 0.00114771412449
95.0 0.00120038598347
96.0 0.00124867299051
97.0 0.00129044269069
98.0 0.00132382097801
99.0 0.0013472682728
100.0 0.00135963588233
101.0 0.00136019935103
102.0 0.00134866759582
103.0 0.00132516864514
104.0 0.00129021461374
105.0 0.00124464995447
106.0 0.00118958791975
107.0 0.00112634051202
108.0 0.00105634704073
109.0 0.000981105806233
110.0 0.000902112496735
111.0 0.000820807748907
112.0 0.000738535152761
113.0 0.00065650995398
114.0 0.000575797949663
115.0 0.000497303626387
116.0 0.000421766396653
117.0 0.000349763739916
118.0 0.000281720041067
119.0 0.000217919886512
120.0 0.000158524530965
121.0 0.00010359022789
122.0 5.30871640581e-05
123.0 6.91786944101e-06
124.0 -3.50658245336e-05
125.0 -7.30479583775e-05
126.0 -0.000107236161328
127.0 -0.000137852050199
128.0 -0.000165124185647
129.0 -0.000189283228685
130.0 -0.000210558768591
131.0 -0.000229177213483
132.0 -0.000245360165471
133.0 -0.000259322837721
134.0 -0.00027127227748
135.0 -0.000281405384079
136.0 -0.00028990689664
137.0 -0.000296947629378
138.0 -0.000302683235883
139.0 -0.00030725370057
140.0 -0.000310783621164
141.0 -0.000313383205175
142.0 -0.000315149794235
143.0 -0.000316169674852
144.0 -0.000316519935161
145.0 -0.000316270171826
146.0 -0.000315483919084
147.0 -0.000314219743468
148.0 -0.000312532008751
149.0 -0.000310471359311
150.0 -0.000308084994786
151.0 -0.000305416816208
152.0 -0.000302507516158
153.0 -0.000299394665812
154.0 -0.000296112823819
155.0 -0.00029269366154
156.0 -0.000289166073829
157.0 -0.000285556232034
158.0 -0.000281887542007
159.0 -0.000278180495024
160.0 -0.00027445243797
161.0 -0.00027071732944
162.0 -0.000266985576799
163.0 -0.000263264054258
164.0 -0.000259556378215
165.0 -0.000255863467139
166.0 -0.000252184350481
167.0 -0.000248517130932
168.0 -0.000244859963055
169.0 -0.000241211900354
170.0 -0.000237573485486
171.0 -0.000233947009166
172.0 -0.000230336429472
173.0 -0.000226747008739
174.0 -0.000223184774491
175.0 -0.000219655933273
176.0 -0.000216166358284
177.0 -0.000212721237578
178.0 -0.000209324919713
179.0 -0.000205980941639
180.0 -0.000202692182303
181.0 -0.000199461063855
182.0 -0.000196289723352
183.0 -0.000193180098183
184.0 -0.000190133900216
185.0 -0.000187152487336
186.0 -0.000184236668077
187.0 -0.000181386490332
188.0 -0.000178601067146
189.0 -0.000175878483411
190.0 -0.000173215810566
191.0 -0.000170609236474
192.0 -0.000168054298028
193.0 -0.000165546187704
194.0 -0.000163080094057
195.0 -0.000160651531625
196.0 -0.000158256618637
197.0 -0.000155892271194
198.0 -0.000153556298655
199.0 -0.000151247403891
200.0 -0.000148965109539
201.0 -0.000146709643133
202.0 -0.000144481816761
203.0 -0.000142282929608
204.0 -0.00014011470636
205.0 -0.000137979265249
206.0 -0.000135879092389
207.0 -0.000133816989352
208.0 -0.000131795962437
209.0 -0.000129819035002
210.0 -0.000127888985935
211.0 -0.000126008042023
212.0 -0.000124177573018
213.0 -0.000122397849413
214.0 -0.000120667920377
215.0 -0.000118985652576
216.0 -0.000117347942526
217.0 -0.000115751081691
218.0 -0.00011419122182
219.0 -0.000112664865101
220.0 -0.000111169294691
221.0 -0.000109702868221
222.0 -0.000108265118845
223.0 -0.000106856641159
224.0 -0.000105478776492
225.0 -0.000104133146845
226.0 -0.000102821112596
227.0 -0.000101543241526
228.0 -0.000100298873918
229.0 -9.90858512764e-05
230.0 -9.79004483058e-05
231.0 -9.67375145965e-05
232.0 -9.5590800032e-05
233.0 -9.44534120638e-05
234.0 -9.33183376708e-05
235.0 -9.21789598845e-05
236.0 -9.10295074499e-05
237.0 -8.9865393567e-05
238.0 -8.86834213608e-05
239.0 -8.74818550759e-05
240.0 -8.62603730285e-05
241.0 -8.50199286905e-05
242.0 -8.37625494691e-05
243.0 -8.24911000846e-05
244.0 -8.12090314551e-05
245.0 -7.99201294868e-05
246.0 -7.86282734761e-05
247.0 -7.73372121513e-05
248.0 -7.60503665618e-05
249.0 -7.47706717493e-05
250.0 -7.35004714393e-05
251.0 -7.22414799401e-05
252.0 -7.09948217403e-05
253.0 -6.97611517254e-05
254.0 -6.85408484238e-05
255.0 -6.73342611037e-05
256.0 -6.61419812355e-05
257.0 -6.49651020636e-05
258.0 -6.38054284831e-05
259.0 -6.26656037585e-05
260.0 -6.15491294272e-05
261.0 -6.04602685295e-05
262.0 -5.94038379125e-05
263.0 -5.83849102609e-05
264.0 -5.74084583885e-05
265.0 -5.64789814214e-05
266.0 -5.56001539002e-05
267.0 -5.47745345975e-05
268.0 -5.40033629363e-05
269.0 -5.3286458947e-05
270.0 -5.26222296876e-05
271.0 -5.20077729481e-05
272.0 -5.14390594877e-05
273.0 -5.09111690438e-05
274.0 -5.04185532815e-05
275.0 -4.99553003995e-05
276.0 -4.95153804728e-05
277.0 -4.9092856691e-05
278.0 -4.86820542785e-05
279.0 -4.82776850724e-05
280.0 -4.78749307581e-05
281.0 -4.74694912713e-05
282.0 -4.70576068002e-05
283.0 -4.66360623458e-05
284.0 -4.62021832156e-05
285.0 -4.57538284578e-05
286.0 -4.52893873754e-05
287.0 -4.48077821222e-05
288.0 -4.43084771415e-05
289.0 -4.37914940302e-05
290.0 -4.32574284515e-05
291.0 -4.27074641554e-05
292.0 -4.21433781815e-05
293.0 -4.15675310655e-05
294.0 -4.09828364327e-05
295.0 -4.03927057338e-05
296.0 -3.98009659341e-05
297.0 -3.92117504815e-05
298.0 -3.86293665624e-05
299.0 -3.8058144186e-05
