10.0 0.342032543376
11.0 0.290709195496
12.0 0.249294062738
13.0 0.215435521128
14.0 0.187440625339
15.0 0.164065884788
16.0 0.144381739016
17.0 0.127679654748
18.0 0.113409741202
19.0 0.101140184282
20.0 0.0905293286694
21.0 0.0813046198087
22.0 0.073246343046
23.0 0.0661754568152
24.0 0.0599448325103
25.0 0.0544329567828
26.0 0.0495391141616
27.0 0.0451794138281
28.0 0.0412834938061
29.0 0.0377919345277
30.0 0.0346543000018
31.0 0.0318276001342
32.0 0.0292750146095
33.0 0.0269648339669
34.0 0.024869621118
35.0 0.0229655668549
36.0 0.021231968661
37.0 0.019650766051
38.0 0.0182061231664
39.0 0.0168840936747
40.0 0.0156723795121
41.0 0.0145601403454
42.0 0.0135378019136
43.0 0.0125968598003
44.0 0.0117297164619
45.0 0.010929574528
46.0 0.0101903650001
47.0 0.00950667335069
48.0 0.00887365307693
49.0 0.00828694540605
50.0 0.007742621551
51.0 0.00723714124967
52.0 0.00676731065595
53.0 0.00633023404641
54.0 0.00592326885318
55.0 0.00554399422196
56.0 0.00519019254173
57.0 0.00485983589711
58.0 0.0045510719767
59.0 0.00426221053492
60.0 0.00399171355413
61.0 0.0037381886885
62.0 0.00350038176975
63.0 0.00327716474484
64.0 0.00306751983419
65.0 0.0028705247868
66.0 0.00268534444528
67.0 0.00251123043918
68.0 0.00234752655095
69.0 0.00219367517949
70.0 0.00204922125348
71.0 0.00191381240129
72.0 0.00178719593043
73.0 0.00166921324831
74.0 0.0015597915996
75.0 0.00145893278975
76.0 0.0013666993052
77.0 0.00128319903579
78.0 0.00120856959273
79.0 0.00114296197332
80.0 0.00108652210464
81.0 0.00103936867412
82.0 0.00100156675768
83.0 0.000973098331768
84.0 0.000953831977708
85.0 0.000943494683745
86.0 0.000941648807107
87.0 0.000947677123034
88.0 0.000960778332102
89.0 0.000979974258314
90.0 0.00100412840917
91.0 0.00103197410343
92.0 0.00106214953658
93.0 0.00109323712073
94.0 0.0011238049388
95.0 0.00115244873435
96.0 0.00117783318521
97.0 0.00119873122241
98.0 0.00121405999791
99.0 0.00122291196649
100.0 0.00122457955887
101.0 0.00121857213581
102.0 0.00120462431589
103.0 0.00118269531109
104.0 0.00115295950445
105.0 0.00111578907912
106.0 0.00107172999393
107.0 0.00102147295685
108.0 0.000965821251407
109.0 0.00090565729955
110.0 0.000841909686682
111.0 0.000775522057815
112.0 0.00070742489318
113.0 0.000638510793861
114.0 0.000569613640406
115.0 0.000501491854351
116.0 0.000434815945866
117.0 0.000370160482913
118.0 0.000308000494952
119.0 0.000248712108366
120.0 0.000192576941134
121.0 0.000139789531965
122.0 9.04669076199e-05
123.0 4.46593324275e-05
124.0 2.36133194496e-06
125.0 -3.64777848555e-05
126.0 -7.19444893579e-05
127.0 -0.000104153038698
128.0 -0.000133239032532
129.0 -0.000159354395431
130.0 -0.000182663470163
131.0 -0.000203339800995
132.0 -0.000221563186013
133.0 -0.000237516680802
134.0 -0.000251383411921
135.0 -0.000263343255705
136.0 -0.000273569599926
137.0 -0.000282226489466
138.0 -0.000289466445722
139.0 -0.00029542915534
140.0 -0.000300241082317
141.0 -0.000304015912446
142.0 -0.000306855628158
143.0 -0.000308851956516
144.0 -0.000310087935308
145.0 -0.000310639388583
146.0 -0.000310576172972
147.0 -0.000309963129654
148.0 -0.000308860739638
149.0 -0.000307325524988
150.0 -0.00030541026429
151.0 -0.000303164098567
152.0 -0.000300632596692
153.0 -0.000297857829989
154.0 -0.000294878478213
155.0 -0.00029172995915
156.0 -0.000288444549194
157.0 -0.000285051450309
158.0 -0.000281576765212
159.0 -0.000278043368045
160.0 -0.000274470696301
161.0 -0.00027087453003
162.0 -0.000267266852706
163.0 -0.000263655893064
164.0 -0.000260046423557
165.0 -0.000256440342348
166.0 -0.000252837503326
167.0 -0.000249236698945
168.0 -0.000245636659679
169.0 -0.000242036923121
170.0 -0.000238438448256
171.0 -0.000234843900823
172.0 -0.000231257601189
173.0 -0.000227685190794
174.0 -0.000224133121684
175.0 -0.000220608095509
176.0 -0.000217116570102
177.0 -0.000213664417804
178.0 -0.000210256770411
179.0 -0.000206898034465
180.0 -0.00020359202052
181.0 -0.000200342109661
182.0 -0.000197151382781
183.0 -0.000194022659359
184.0 -0.000190958424883
185.0 -0.000187960659849
186.0 -0.000185030610072
187.0 -0.000182168552592
188.0 -0.000179373612495
189.0 -0.000176643675516
190.0 -0.000173975423268
191.0 -0.000171364496678
192.0 -0.000168805772537
193.0 -0.000166293720878
194.0 -0.000163822799192
195.0 -0.000161387834908
196.0 -0.000158984350722
197.0 -0.00015660879825
198.0 -0.000154258682339
199.0 -0.000151932578268
200.0 -0.000149630062508
201.0 -0.000147351590439
202.0 -0.000145098357973
203.0 -0.000142872177431
204.0 -0.000140675383063
205.0 -0.000138510762625
206.0 -0.00013638149426
207.0 -0.000134291058059
208.0 -0.000132243092697
209.0 -0.000130241180021
210.0 -0.000128288561493
211.0 -0.000126387814564
212.0 -0.000124540537544
213.0 -0.000122747102393
214.0 -0.000121006532092
215.0 -0.00011931654251
216.0 -0.000117673760746
217.0 -0.00011607409873
218.0 -0.000114513229483
219.0 -0.000112987090778
220.0 -0.000111492332101
221.0 -0.000110026627935
222.0 -0.000108588802198
223.0 -0.000107178741132
224.0 -0.000105797108712
225.0 -0.00010444491287
226.0 -0.000103122996174
227.0 -0.000101831536626
228.0 -0.00010056964107
229.0 -9.93350964809e-05
230.0 -9.81243166053e-05
231.0 -9.69324886076e-05
232.0 -9.57538925807e-05
233.0 -9.45823416501e-05
234.0 -9.3411675949e-05
235.0 -9.22362416722e-05
236.0 -9.10512958998e-05
237.0 -8.98532958892e-05
238.0 -8.86400536535e-05
239.0 -8.74107581389e-05
240.0 -8.61658842246e-05
241.0 -8.49070177145e-05
242.0 -8.36366280546e-05
243.0 -8.23578170596e-05
244.0 -8.10740650462e-05
245.0 -7.97889883603e-05
246.0 -7.85061167597e-05
247.0 -7.72286967395e-05
248.0 -7.5959527571e-05
249.0 -7.47008392909e-05
250.0 -7.34542241693e-05
251.0 -7.2220633351e-05
252.0 -7.10004470975e-05
253.0 -6.97936200486e-05
254.0 -6.85998930699e-05
255.0 -6.74190523178e-05
256.0 -6.62512064519e-05
257.0 -6.5097046646e-05
258.0 -6.39580528337e-05
259.0 -6.28366141327e-05
260.0 -6.17360411885e-05
261.0 -6.0660461822e-05
262.0 -5.96146066901e-05
263.0 -5.86035062334e-05
264.0 -5.76321316942e-05
265.0 -5.67050197335e-05
266.0 -5.58259212889e-05
267.0 -5.49975108744e-05
268.0 -5.42211835137e-05
269.0 -5.3496954543e-05
270.0 -5.28234645963e-05
271.0 -5.219808014e-05
272.0 -5.16170705544e-05
273.0 -5.1075836984e-05
274.0 -5.05691663244e-05
275.0 -5.0091485465e-05
276.0 -4.96370954209e-05
277.0 -4.92003711691e-05
278.0 -4.87759196728e-05
279.0 -4.83586947429e-05
280.0 -4.79440723418e-05
281.0 -4.75278933173e-05
282.0 -4.71064823286e-05
283.0 -4.66766520731e-05
284.0 -4.62357011598e-05
285.0 -4.57814124334e-05
286.0 -4.53120565361e-05
287.0 -4.48264032346e-05
288.0 -4.43237407199e-05
289.0 -4.38039008731e-05
290.0 -4.32672865322e-05
291.0 -4.27148952798e-05
292.0 -4.21483333591e-05
293.0 -4.15698131718e-05
294.0 -4.0982128486e-05
295.0 -4.03886029677e-05
296.0 -3.97930098157e-05
297.0 -3.91994628921e-05
298.0 -3.86122825073e-05
299.0 -3.80358416123e-05
