10.0 0.342550154495
11.0 0.291186553708
12.0 0.249722407341
13.0 0.215808794242
14.0 0.187755638525
15.0 0.16432220189
16.0 0.144581340922
17.0 0.127826463373
18.0 0.113509078669
19.0 0.10119823263
20.0 0.0905526393289
21.0 0.0812997042989
22.0 0.0732193597459
23.0 0.0661319950619
24.0 0.0598897855176
25.0 0.0543704689964
26.0 0.0494725861384
27.0 0.0451115477639
28.0 0.0412163645744
29.0 0.0377270737495
30.0 0.034592783633
31.0 0.0317701328988
32.0 0.0292220070668
33.0 0.0269164699684
34.0 0.0248259148665
35.0 0.0229264097749
36.0 0.0211971669056
37.0 0.0196200697929
38.0 0.0181792489366
39.0 0.0168607409898
40.0 0.0156522429275
41.0 0.014542917928
42.0 0.0135232009707
43.0 0.0125846005522
44.0 0.0117195342067
45.0 0.0109212207354
46.0 0.0101836076724
47.0 0.00950129691553
48.0 0.00886945801916
49.0 0.00828374780018
50.0 0.00774025262611
51.0 0.00723544709475
52.0 0.0067661521571
53.0 0.00632948713515
54.0 0.00592282513443
55.0 0.00554376204017
56.0 0.0051900985309
57.0 0.00485982704477
58.0 0.00455111820947
59.0 0.00426230780361
60.0 0.00399188735701
61.0 0.0037384979211
62.0 0.00350092272825
63.0 0.00327807503787
64.0 0.00306898187846
65.0 0.00287276847858
66.0 0.00268864852124
67.0 0.00251592197483
68.0 0.00235397800615
69.0 0.00220229840076
70.0 0.00206045789651
71.0 0.00192812035577
72.0 0.00180503152146
73.0 0.00169100925679
74.0 0.00158593148143
75.0 0.00148972186568
76.0 0.0014023341125
77.0 0.00132373644481
78.0 0.00125389765154
79.0 0.00119277470547
80.0 0.00114030060269
81.0 0.00109637076608
82.0 0.00106082725009
83.0 0.00103344134483
84.0 0.0010138962002
85.0 0.00100177152791
86.0 0.000996532497067
87.0 0.000997524783429
88.0 0.00100397724465
89.0 0.00101501271245
90.0 0.00102966606832
91.0 0.00104690760216
92.0 0.00106566914898
93.0 0.0010848708
94.0 0.0011034467908
95.0 0.00112036999253
96.0 0.001134674916
97.0 0.00114547920826
98.0 0.00115200341538
99.0 0.00115358850113
100.0 0.00114971039639
101.0 0.00113999078304
102.0 0.00112420340754
103.0 0.00110227545094
104.0 0.00107428380185
105.0 0.00104044642602
106.0 0.00100110935105
107.0 0.000956730055795
108.0 0.000907858247425
109.0 0.000855115093881
110.0 0.000799171934072
111.0 0.000740729321062
112.0 0.000680497024284
113.0 0.000619175414307
114.0 0.000557438550793
115.0 0.000495919303873
116.0 0.000435196905399
117.0 0.00037578735806
118.0 0.000318137053733
119.0 0.00026261975108
120.0 0.000209536781001
121.0 0.000159120064056
122.0 0.000111537306325
123.0 6.68986265757e-05
124.0 2.52638593826e-05
125.0 -1.33501426725e-05
126.0 -4.89627419166e-05
127.0 -8.16236298585e-05
128.0 -0.000111407955335
129.0 -0.000138412386983
130.0 -0.000162751856619
131.0 -0.000184556631937
132.0 -0.000203969368665
133.0 -0.000221141893073
134.0 -0.000236231635846
135.0 -0.000249397827528
136.0 -0.000260797718735
137.0 -0.000270583162933
138.0 -0.000278897879368
139.0 -0.000285875611845
140.0 -0.000291639250786
141.0 -0.000296300835341
142.0 -0.00029996223712
143.0 -0.000302716268536
144.0 -0.000304647958655
145.0 -0.000305835784385
146.0 -0.000306352713964
147.0 -0.000306266992881
148.0 -0.000305642665154
149.0 -0.000304539868081
150.0 -0.000303014964565
151.0 -0.000301120585507
152.0 -0.00029890564799
153.0 -0.000296415396102
154.0 -0.000293691484153
155.0 -0.000290772092418
156.0 -0.000287692041048
157.0 -0.000284482856072
158.0 -0.000281172748131
159.0 -0.000277786490211
160.0 -0.000274345219327
161.0 -0.000270866227545
162.0 -0.000267362836219
163.0 -0.000263844452345
164.0 -0.000260316882395
165.0 -0.000256782930299
166.0 -0.000253243243882
167.0 -0.000249697314338
168.0 -0.000246144492362
169.0 -0.000242584873658
170.0 -0.000239019929085
171.0 -0.000235452804918
172.0 -0.000231888284214
173.0 -0.000228332464832
174.0 -0.000224792258142
175.0 -0.000221274834318
176.0 -0.000217787131993
177.0 -0.00021433551624
178.0 -0.000210925619733
179.0 -0.000207562351065
180.0 -0.000204250014287
181.0 -0.000200992463679
182.0 -0.000197793220096
183.0 -0.000194655496699
184.0 -0.000191582114229
185.0 -0.000188575319834
186.0 -0.000185636550082
187.0 -0.000182766193148
188.0 -0.000179963405988
189.0 -0.000177226031481
190.0 -0.000174550642251
191.0 -0.000171932716254
192.0 -0.000169366928338
193.0 -0.000166847524499
194.0 -0.000164368733821
195.0 -0.000161925168374
196.0 -0.000159512164604
197.0 -0.000157126030705
198.0 -0.000154764181565
199.0 -0.000152425162955
200.0 -0.00015010858535
201.0 -0.000147815000771
202.0 -0.000145545759803
203.0 -0.00014330287959
204.0 -0.000141088938791
205.0 -0.000138906996625
206.0 -0.000136760516034
207.0 -0.000134653261092
208.0 -0.000132589139797
209.0 -0.000130571975756
210.0 -0.000128605213218
211.0 -0.00012669158394
212.0 -0.000124832784774
213.0 -0.000123029225592
214.0 -0.000121279904322
215.0 -0.000119582449033
216.0 -0.000117933339022
217.0 -0.000116328283591
218.0 -0.000114762705779
219.0 -0.000113232255584
220.0 -0.000111733268343
221.0 -0.000110263090929
222.0 -0.000108820220236
223.0 -0.000107404230738
224.0 -0.000106015504626
225.0 -0.000104654812204
226.0 -0.000103322815504
227.0 -0.000102019580088
228.0 -0.000100744176913
229.0 -9.94944389299e-05
230.0 -9.82669094683e-05
231.0 -9.70569867793e-05
232.0 -9.58592375376e-05
233.0 -9.46678271876e-05
234.0 -9.34770008002e-05
235.0 -9.22815462496e-05
236.0 -9.10771811847e-05
237.0 -8.98608234139e-05
238.0 -8.86307265107e-05
239.0 -8.73864839556e-05
240.0 -8.61289219739e-05
241.0 -8.4859911055e-05
242.0 -8.35821285183e-05
243.0 -8.22988008277e-05
244.0 -8.10134472262e-05
245.0 -7.97296386106e-05
246.0 -7.84507798142e-05
247.0 -7.7179920894e-05
248.0 -7.5919603562e-05
249.0 -7.46717512663e-05
250.0 -7.34376136907e-05
251.0 -7.22177766307e-05
252.0 -7.10122450059e-05
253.0 -6.98205998796e-05
254.0 -6.8642220636e-05
255.0 -6.74765526879e-05
256.0 -6.63233915309e-05
257.0 -6.51831478167e-05
258.0 -6.40570570107e-05
259.0 -6.29473017873e-05
260.0 -6.18570251531e-05
261.0 -6.07902259453e-05
262.0 -5.97515436585e-05
263.0 -5.87459540781e-05
264.0 -5.77784086531e-05
265.0 -5.68534572302e-05
266.0 -5.59748948229e-05
267.0 -5.51454686083e-05
268.0 -5.43666722988e-05
269.0 -5.3638643067e-05
270.0 -5.29601632849e-05
271.0 -5.23287574097e-05
272.0 -5.1740865013e-05
273.0 -5.11920652172e-05
274.0 -5.06773259894e-05
275.0 -5.01912535392e-05
276.0 -4.97283216143e-05
277.0 -4.92830666924e-05
278.0 -4.88502417473e-05
279.0 -4.84249274261e-05
280.0 -4.80026044135e-05
281.0 -4.75791941054e-05
282.0 -4.7151076448e-05
283.0 -4.67150940937e-05
284.0 -4.62685512085e-05
285.0 -4.58092136723e-05
286.0 -4.5335315348e-05
287.0 -4.48455727929e-05
288.0 -4.43392084404e-05
289.0 -4.38159800408e-05
290.0 -4.32762121915e-05
291.0 -4.27208242726e-05
292.0 -4.21513482091e-05
293.0 -4.15699293558e-05
294.0 -4.09793045034e-05
295.0 -4.03827525304e-05
296.0 -3.97840154307e-05
297.0 -3.91871900974e-05
298.0 -3.85965940459e-05
299.0 -3.80166108904e-05
