10.0 0.342515365039
11.0 0.291154666417
12.0 0.24969377366
13.0 0.21578365989
14.0 0.187734132323
15.0 0.164304334561
16.0 0.144567012749
17.0 0.127815478815
18.0 0.113501165681
19.0 0.101193064322
20.0 0.090549855844
21.0 0.0812989331674
22.0 0.0732202334639
23.0 0.0661341651621
24.0 0.059892932863
25.0 0.0543743104081
26.0 0.0494768777441
27.0 0.0451160856203
28.0 0.0412209831883
29.0 0.0377316431184
30.0 0.0345972053674
31.0 0.0317743358986
32.0 0.0292259431215
33.0 0.026920109547
34.0 0.0248292432722
35.0 0.0229294237616
36.0 0.0211998717932
37.0 0.0196224770763
38.0 0.0181813743543
39.0 0.016862603001
40.0 0.0156538615408
41.0 0.0145443138224
42.0 0.0135243948543
43.0 0.0125856127079
44.0 0.0117203841827
45.0 0.0109219271442
46.0 0.0101841880674
47.0 0.00950176772181
48.0 0.00886983449826
49.0 0.00828404403306
50.0 0.00774048150142
51.0 0.00723562029213
52.0 0.00676628011711
53.0 0.00632957900898
54.0 0.00592288870829
55.0 0.00554380363048
56.0 0.00519012284834
57.0 0.00485983702702
58.0 0.00455111482495
59.0 0.00426228983161
60.0 0.0039918511527
61.0 0.00373843717826
62.0 0.00350082825671
63.0 0.00327793457739
64.0 0.00306877997505
65.0 0.00287248645339
66.0 0.00268826456445
67.0 0.00251541139838
68.0 0.00235331368724
69.0 0.00220145144369
70.0 0.00205939853237
71.0 0.00192681908754
72.0 0.00180346050669
73.0 0.00168914390102
74.0 0.00158375219485
75.0 0.00148721591313
76.0 0.00139949746637
77.0 0.00132057553181
78.0 0.0012504308719
79.0 0.0011890335972
80.0 0.00113633052713
81.0 0.00109223100442
82.0 0.00105659042488
83.0 0.00102919211413
84.0 0.00100972921447
85.0 0.000997788687364
86.0 0.000992839596879
87.0 0.000994227682222
88.0 0.0010011777334
89.0 0.0010128042928
90.0 0.00102812986795
91.0 0.00104610865777
92.0 0.00106565327438
93.0 0.00108566222742
94.0 0.0011050467302
95.0 0.00112275619972
96.0 0.00113780229951
97.0 0.00114928144206
98.0 0.00115639546474
99.0 0.00115846991634
100.0 0.00115496918772
101.0 0.00114550766286
102.0 0.00112985617322
103.0 0.00110794328554
104.0 0.00107985128684
105.0 0.00104580709008
106.0 0.00100616861726
107.0 0.000961407493809
108.0 0.000912089083122
109.0 0.000858850973692
110.0 0.000802380981302
111.0 0.000743395555137
112.0 0.000682619239282
113.0 0.000620765629724
114.0 0.000558520155305
115.0 0.000496525012577
116.0 0.000435366643803
117.0 0.000375566173484
118.0 0.000317573138382
119.0 0.000261762642532
120.0 0.000208435786752
121.0 0.000157822938286
122.0 0.000110089190346
123.0 6.53412500564e-05
124.0 2.36349879263e-05
125.0 -1.50170365892e-05
126.0 -5.06386133387e-05
127.0 -8.32838328503e-05
128.0 -0.000113032084178
129.0 -0.000139984018677
130.0 -0.000164258223941
131.0 -0.000185988253015
132.0 -0.000205319655221
133.0 -0.000222406755456
134.0 -0.000237409099036
135.0 -0.000250487668593
136.0 -0.000261801132949
137.0 -0.000271502462922
138.0 -0.000279736229353
139.0 -0.000286636797225
140.0 -0.00029232748192
141.0 -0.000296920583442
142.0 -0.000300518099547
143.0 -0.000303212860428
144.0 -0.000305089827744
145.0 -0.000306227345835
146.0 -0.000306698202276
147.0 -0.000306570428099
148.0 -0.000305907830896
149.0 -0.000304770299185
150.0 -0.000303213942446
151.0 -0.000301291139563
152.0 -0.000299050561672
153.0 -0.000296537216461
154.0 -0.000293792533893
155.0 -0.000290854483654
156.0 -0.000287757690108
157.0 -0.000284533498806
158.0 -0.000281209955316
159.0 -0.000277811682694
160.0 -0.000274359682655
161.0 -0.000270871125867
162.0 -0.000267359225294
163.0 -0.000263833291545
164.0 -0.000260299045606
165.0 -0.000256759215665
166.0 -0.000253214382349
167.0 -0.000249663976992
168.0 -0.000246107296565
169.0 -0.000242544388033
170.0 -0.000238976677395
171.0 -0.000235407268947
172.0 -0.000231840905763
173.0 -0.00022828364698
174.0 -0.000224742365946
175.0 -0.000221224195138
176.0 -0.000217736035652
177.0 -0.000214284215222
178.0 -0.000210874329613
179.0 -0.000207511251337
180.0 -0.000204199249749
181.0 -0.000200942146449
182.0 -0.000197743432331
183.0 -0.000194606293972
184.0 -0.000191533529536
185.0 -0.000188527368077
186.0 -0.000185589232873
187.0 -0.000182719503744
188.0 -0.000179917334107
189.0 -0.000177180567802
190.0 -0.000174505782352
191.0 -0.000171888463825
192.0 -0.000169323297495
193.0 -0.000166804541123
194.0 -0.000164326435863
195.0 -0.00016188360516
196.0 -0.000159471395205
197.0 -0.000157086121514
198.0 -0.000154725203247
199.0 -0.000152387186975
200.0 -0.000150071680309
201.0 -0.000147779228766
202.0 -0.000145511173041
203.0 -0.000143269517442
204.0 -0.000141056825456
205.0 -0.000138876139533
206.0 -0.000136730905067
207.0 -0.000134624868668
208.0 -0.000132561921804
209.0 -0.000130545873299
210.0 -0.000128580155091
211.0 -0.000126667489713
212.0 -0.000124809568355
213.0 -0.000123006799104
214.0 -0.000121258182139
215.0 -0.000119561351786
216.0 -0.000117912797412
217.0 -0.000116308241838
218.0 -0.00011474312455
219.0 -0.000113213114262
220.0 -0.000111714566514
221.0 -0.000110244849003
222.0 -0.000108802479142
223.0 -0.000107387050659
224.0 -0.000105998962805
225.0 -0.000104638999874
226.0 -0.00010330783403
227.0 -0.000102005536482
228.0 -0.000100731178875
229.0 -9.9482589634e-05
230.0 -9.82563023125e-05
231.0 -9.7047700334e-05
232.0 -9.58513309268e-05
233.0 -9.46613361204e-05
234.0 -9.34719344444e-05
235.0 -9.22778851005e-05
236.0 -9.10748760372e-05
237.0 -8.98597954897e-05
238.0 -8.86308687392e-05
239.0 -8.7387663348e-05
240.0 -8.61309829792e-05
241.0 -8.4862679741e-05
242.0 -8.35854173844e-05
243.0 -8.23024140331e-05
244.0 -8.10171860064e-05
245.0 -7.97333066556e-05
246.0 -7.84541883978e-05
247.0 -7.71828935676e-05
248.0 -7.59219802588e-05
249.0 -7.46733917018e-05
250.0 -7.34383999855e-05
251.0 -7.22176151238e-05
252.0 -7.10110672633e-05
253.0 -6.98183629386e-05
254.0 -6.863890655e-05
255.0 -6.74721674574e-05
256.0 -6.6317963517e-05
257.0 -6.51767257398e-05
258.0 -6.40497076343e-05
259.0 -6.29391073803e-05
260.0 -6.18480808169e-05
261.0 -6.07806368775e-05
262.0 -5.97414224166e-05
263.0 -5.87354178933e-05
264.0 -5.77675768374e-05
265.0 -5.68424487107e-05
266.0 -5.59638258347e-05
267.0 -5.5134450573e-05
268.0 -5.4355809914e-05
269.0 -5.36280326325e-05
270.0 -5.29498912892e-05
271.0 -5.23188993991e-05
272.0 -5.17314847634e-05
273.0 -5.11832142236e-05
274.0 -5.06690432818e-05
275.0 -5.01835658255e-05
276.0 -4.97212437419e-05
277.0 -4.92766024094e-05
278.0 -4.88443847333e-05
279.0 -4.84196625536e-05
280.0 -4.79979091911e-05
281.0 -4.75750402471e-05
282.0 -4.71474315083e-05
283.0 -4.67119231066e-05
284.0 -4.62658182688e-05
285.0 -4.58068834025e-05
286.0 -4.5333354199e-05
287.0 -4.4843950138e-05
288.0 -4.43378974304e-05
289.0 -4.38149582012e-05
290.0 -4.32754617548e-05
291.0 -4.272033225e-05
292.0 -4.21511062192e-05
293.0 -4.15699332347e-05
294.0 -4.09795537317e-05
295.0 -4.0383249517e-05
296.0 -3.97847646971e-05
297.0 -3.91881974072e-05
298.0 -3.85978655258e-05
299.0 -3.80181521809e-05
