10.0 0.341410866413
11.0 0.290134621587
12.0 0.24878922078
13.0 0.21501311028
14.0 0.187104643694
15.0 0.16381351442
16.0 0.144205434722
17.0 0.127569103016
18.0 0.113353489139
19.0 0.101126855682
20.0 0.0905484310147
21.0 0.0813469987213
22.0 0.0733043642908
23.0 0.0662429985101
24.0 0.0600171601342
25.0 0.0545065378787
26.0 0.0496114131206
27.0 0.0452486925905
28.0 0.0413486329281
29.0 0.0378522809626
30.0 0.0347095427174
31.0 0.0318776716719
32.0 0.0293200152296
33.0 0.0270049745597
34.0 0.0249051811763
35.0 0.0229968642063
36.0 0.0212593381757
37.0 0.0196745450612
38.0 0.0182266418123
39.0 0.016901668802
40.0 0.0156873110834
41.0 0.0145727095996
42.0 0.0135482707183
43.0 0.0126054707997
44.0 0.011736693741
45.0 0.0109351245973
46.0 0.0101946779605
47.0 0.00950992413855
48.0 0.00887600271193
49.0 0.00828854217908
50.0 0.00774360209758
51.0 0.00723763145785
52.0 0.00676742635789
53.0 0.00633008144222
54.0 0.00592294461312
55.0 0.00554358521152
56.0 0.00518977511225
57.0 0.00485947468493
58.0 0.00455081815526
59.0 0.00426209946992
60.0 0.00399176182214
61.0 0.00373839043814
62.0 0.00350070443525
63.0 0.00327754416864
64.0 0.00306785492319
65.0 0.0028706719187
66.0 0.00268511195861
67.0 0.00251037367985
68.0 0.0023457441022
69.0 0.00219060705526
70.0 0.00204444996766
71.0 0.00190686790819
72.0 0.00177756543297
73.0 0.00165635675792
74.0 0.00154316387568
75.0 0.00143801187037
76.0 0.00134102126424
77.0 0.0012523978893
78.0 0.00117242048018
79.0 0.00110142493673
80.0 0.00103978307977
81.0 0.000987873806274
82.0 0.000946045967712
83.0 0.000914574274577
84.0 0.000893611204919
85.0 0.000883138941542
86.0 0.000882925905362
87.0 0.000892492578698
88.0 0.000911090843977
89.0 0.000937699807084
90.0 0.000971039186761
91.0 0.00100959937497
92.0 0.00105168579406
93.0 0.00109547444029
94.0 0.00113907532772
95.0 0.00118060055542
96.0 0.00121823365139
97.0 0.00125029668452
98.0 0.0012753115411
99.0 0.00129205191111
100.0 0.00129958301024
101.0 0.00129728686591
102.0 0.00128487203489
103.0 0.00126236777309
104.0 0.00123010380044
105.0 0.00118867776583
106.0 0.00113891322774
107.0 0.001081811382
108.0 0.00101849987984
109.0 0.000950181895099
110.0 0.000878088146283
111.0 0.000803433926219
112.0 0.000727382453491
113.0 0.000651015174908
114.0 0.00057530912755
115.0 0.000501121150252
116.0 0.000429178573231
117.0 0.000360075919365
118.0 0.000294277038189
119.0 0.000232121931578
120.0 0.000173837343741
121.0 0.000119550034672
122.0 6.93015873069e-05
123.0 2.30636356978e-05
124.0 -1.92474657241e-05
125.0 -5.77573103294e-05
126.0 -9.26219804035e-05
127.0 -0.000124018732551
128.0 -0.00015213883233
129.0 -0.00017718229942
130.0 -0.00019935413699
131.0 -0.000218861521065
132.0 -0.000235911438055
133.0 -0.000250708376812
134.0 -0.000263451873029
135.0 -0.00027433391575
136.0 -0.000283536401072
137.0 -0.000291228913267
138.0 -0.000297567111398
139.0 -0.000302691912635
140.0 -0.000306729527186
141.0 -0.000309792258143
142.0 -0.000311979870778
143.0 -0.000313381281436
144.0 -0.00031407631852
145.0 -0.000314137354064
146.0 -0.000313630673653
147.0 -0.000312617525137
148.0 -0.000311154848527
149.0 -0.000309295733661
150.0 -0.00030708967721
151.0 -0.000304582717969
152.0 -0.000301817521766
153.0 -0.000298833467589
154.0 -0.00029566675873
155.0 -0.000292350552511
156.0 -0.00028891507705
157.0 -0.00028538769136
158.0 -0.000281792851367
159.0 -0.000278151969716
160.0 -0.000274483195627
161.0 -0.000270801181278
162.0 -0.000267116929436
163.0 -0.0002634378219
164.0 -0.00025976790458
165.0 -0.000256108456139
166.0 -0.000252458804634
167.0 -0.000248817296771
168.0 -0.000245182283382
169.0 -0.000241552973975
170.0 -0.000237930035882
171.0 -0.000234315864067
172.0 -0.000230714513442
173.0 -0.000227131350424
174.0 -0.00022357252917
175.0 -0.000220044419865
176.0 -0.000216553108228
177.0 -0.000213104051299
178.0 -0.000209701924975
179.0 -0.000206350647223
180.0 -0.000203053520319
181.0 -0.000199813414591
182.0 -0.000196632917941
183.0 -0.000193514396259
184.0 -0.000190459942062
185.0 -0.000187471222412
186.0 -0.000184549264117
187.0 -0.000181694229091
188.0 -0.000178905234212
189.0 -0.000176180260133
190.0 -0.000173516176032
191.0 -0.000170908886606
192.0 -0.000168353587423
193.0 -0.000165845097894
194.0 -0.000163378229688
195.0 -0.000160948143863
196.0 -0.000158550653042
197.0 -0.000156182435623
198.0 -0.000153841145541
199.0 -0.000151525420539
200.0 -0.000149234809924
201.0 -0.000146969655054
202.0 -0.000144730958966
203.0 -0.000142520274625
204.0 -0.000140339626098
205.0 -0.000138191457861
206.0 -0.000136078590265
207.0 -0.000134004149395
208.0 -0.000131971440762
209.0 -0.00012998374893
210.0 -0.000128044066491
211.0 -0.000126154780167
212.0 -0.000124317362567
213.0 -0.000122532129094
214.0 -0.00012079811688
215.0 -0.000119113125861
216.0 -0.000117473934206
217.0 -0.000115876667022
218.0 -0.000114317265816
219.0 -0.000112791983473
220.0 -0.000111297820665
221.0 -0.000109832826723
222.0 -0.000108396209908
223.0 -0.000106988234642
224.0 -0.000105609920165
225.0 -0.000104262589554
226.0 -0.000102947343528
227.0 -0.000101664545662
228.0 -0.000100413402521
229.0 -9.91917050131e-05
230.0 -9.79957693206e-05
231.0 -9.68205827958e-05
232.0 -9.56601280715e-05
233.0 -9.45078331845e-05
234.0 -9.33570806595e-05
235.0 -9.22017060484e-05
236.0 -9.10364255594e-05
237.0 -8.9857150149e-05
238.0 -8.8661165396e-05
239.0 -8.74471779207e-05
240.0 -8.6215246092e-05
241.0 -8.49666229013e-05
242.0 -8.37035417322e-05
243.0 -8.24289726716e-05
244.0 -8.11463705229e-05
245.0 -7.98594286872e-05
246.0 -7.85718479251e-05
247.0 -7.72871269606e-05
248.0 -7.60083827998e-05
249.0 -7.47382112281e-05
250.0 -7.34786002593e-05
251.0 -7.22309093905e-05
252.0 -7.09959240723e-05
253.0 -6.97739875567e-05
254.0 -6.85652021509e-05
255.0 -6.7369680685e-05
256.0 -6.61878190311e-05
257.0 -6.50205540088e-05
258.0 -6.38695696342e-05
259.0 -6.27374190883e-05
260.0 -6.16275395531e-05
261.0 -6.05441507584e-05
262.0 -5.94920435006e-05
263.0 -5.84762790962e-05
264.0 -5.75018323871e-05
265.0 -5.65732178113e-05
266.0 -5.56941392842e-05
267.0 -5.48672002989e-05
268.0 -5.40937016902e-05
269.0 -5.3373542571e-05
270.0 -5.27052269971e-05
271.0 -5.20859669129e-05
272.0 -5.15118624769e-05
273.0 -5.09781349959e-05
274.0 -5.04793857462e-05
275.0 -5.00098556187e-05
276.0 -4.95636649742e-05
277.0 -4.91350192213e-05
278.0 -4.87183722819e-05
279.0 -4.83085462777e-05
280.0 -4.79008107598e-05
281.0 -4.74909282429e-05
282.0 -4.70751746465e-05
283.0 -4.66503436796e-05
284.0 -4.62137435229e-05
285.0 -4.57631927078e-05
286.0 -4.52970201432e-05
287.0 -4.48140720424e-05
288.0 -4.43137262244e-05
289.0 -4.37959120674e-05
290.0 -4.32611324401e-05
291.0 -4.27104824004e-05
292.0 -4.21456585105e-05
293.0 -4.15689524161e-05
294.0 -4.0983222963e-05
295.0 -4.03918425521e-05
296.0 -3.97986155484e-05
297.0 -3.92076691174e-05
298.0 -3.86233195855e-05
299.0 -3.80499199787e-05
