10.0 0.340846112297
11.0 0.289640727969
12.0 0.248386896202
13.0 0.214706349628
14.0 0.186886561608
15.0 0.163671391069
16.0 0.144124473189
17.0 0.127534863785
18.0 0.113353222382
19.0 0.101150040209
20.0 0.0905868135236
21.0 0.0813943642835
22.0 0.0733561964165
23.0 0.0662961243098
24.0 0.0600694299399
25.0 0.0545565587672
26.0 0.0496583386482
27.0 0.0452920626978
28.0 0.0413882550006
29.0 0.0378881429726
30.0 0.0347417506119
31.0 0.0319064047752
32.0 0.0293454949197
33.0 0.0270274426793
34.0 0.0249248855369
35.0 0.0230140491999
36.0 0.021274238994
37.0 0.0196873843983
38.0 0.0182376282223
39.0 0.0169109961191
40.0 0.0156951584988
41.0 0.0145792421263
42.0 0.0135536398763
43.0 0.0126098154267
44.0 0.0117401408736
45.0 0.0109377903943
46.0 0.0101966686483
47.0 0.00951133695745
48.0 0.00887692684137
49.0 0.00828905961703
50.0 0.00774378847082
51.0 0.00723755674183
52.0 0.00676715548589
53.0 0.00632967478068
54.0 0.00592245827483
55.0 0.00554307117182
56.0 0.00518928108898
57.0 0.00485904374198
58.0 0.00455048799225
59.0 0.00426190136339
60.0 0.0039917191853
61.0 0.00373851696408
62.0 0.00350100178515
63.0 0.00327799916555
64.0 0.00306843622141
65.0 0.002871326145
66.0 0.00268575937251
67.0 0.00251090348088
68.0 0.00234600962538
69.0 0.00219042124191
70.0 0.00204358167015
71.0 0.00190503977112
72.0 0.0017744542653
73.0 0.00165159743571
74.0 0.00153635784963
75.0 0.00142874124834
76.0 0.00132886915377
77.0 0.00123697519215
78.0 0.00115339863245
79.0 0.00107857322308
80.0 0.00101300820264
81.0 0.000957258480942
82.0 0.000911882592739
83.0 0.000877389348816
84.0 0.000854176262576
85.0 0.000842464439535
86.0 0.000842235732295
87.0 0.000853178581293
88.0 0.000874648814676
89.0 0.000905650502955
90.0 0.000944839873035
91.0 0.000990552829118
92.0 0.00104085444176
93.0 0.00109360718756
94.0 0.00114655368485
95.0 0.00119740892177
96.0 0.00124395635628
97.0 0.00128414184271
98.0 0.00131615929564
99.0 0.00133852249618
100.0 0.00135011850574
101.0 0.00135023967714
102.0 0.00133859305443
103.0 0.00131528780718
104.0 0.00128080302912
105.0 0.00123593956167
106.0 0.00118176036945
107.0 0.00111952436606
108.0 0.0010506184891
109.0 0.000976492312063
110.0 0.000898598643066
111.0 0.000818342515566
112.0 0.000737039885501
113.0 0.000655886379852
114.0 0.000575935721416
115.0 0.000498087023329
116.0 0.000423079952231
117.0 0.000351496694374
118.0 0.000283769622606
119.0 0.00022019350292
120.0 0.000160941005702
121.0 0.000106080242867
122.0 5.55930799708e-05
123.0 9.39308851537e-06
124.0 -3.26578045315e-05
125.0 -7.07346717222e-05
126.0 -0.000105037380426
127.0 -0.000135780991025
128.0 -0.000163188655427
129.0 -0.000187486678017
130.0 -0.000208901226166
131.0 -0.000227656094248
132.0 -0.000243970952595
133.0 -0.000258059645363
134.0 -0.000270128305652
135.0 -0.000280373279095
136.0 -0.000288979031404
137.0 -0.00029611631729
138.0 -0.000301940891019
139.0 -0.000306592955138
140.0 -0.000310197409489
141.0 -0.000312864821687
142.0 -0.000314692931317
143.0 -0.000315768445019
144.0 -0.00031616888095
145.0 -0.000315964265927
146.0 -0.000315218556703
147.0 -0.000313990728539
148.0 -0.000312335535417
149.0 -0.000310303989969
150.0 -0.000307943635869
151.0 -0.000305298692733
152.0 -0.000302410145904
153.0 -0.000299315833753
154.0 -0.000296050557235
155.0 -0.000292646206044
156.0 -0.000289131870424
157.0 -0.000285533895268
158.0 -0.000281875839313
159.0 -0.000278178327362
160.0 -0.000274458821944
161.0 -0.000270731381031
162.0 -0.00026700649683
163.0 -0.000263291115571
164.0 -0.000259588914446
165.0 -0.000255900862843
166.0 -0.000252226032338
167.0 -0.000248562559793
168.0 -0.000244908626707
169.0 -0.000241263307074
170.0 -0.000237627158667
171.0 -0.000234002483438
172.0 -0.000230393248834
173.0 -0.000226804727174
174.0 -0.000223242959338
175.0 -0.000219714171361
176.0 -0.000216224264469
177.0 -0.000212778464972
178.0 -0.000209381170583
179.0 -0.000206035977759
180.0 -0.000202745833504
181.0 -0.000199513233588
182.0 -0.000196340390347
183.0 -0.000193229313623
184.0 -0.000190181780288
185.0 -0.000187199201448
186.0 -0.000184282423479
187.0 -0.000181431514222
188.0 -0.000178645587585
189.0 -0.000175922710512
190.0 -0.000173259919393
191.0 -0.00017065335292
192.0 -0.000168098488696
193.0 -0.000165590454443
194.0 -0.000163124373397
195.0 -0.000160695698986
196.0 -0.000158300496781
197.0 -0.000155935642112
198.0 -0.000153598917883
199.0 -0.000151289016112
200.0 -0.000149005464332
201.0 -0.000146748509807
202.0 -0.000144518997355
203.0 -0.000142318269328
204.0 -0.000140148100985
205.0 -0.000138010665277
206.0 -0.000135908503939
207.0 -0.00013384447207
208.0 -0.000131821624821
209.0 -0.000129843027696
210.0 -0.000127911493589
211.0 -0.000126029274305
212.0 -0.000124197755302
213.0 -0.000122417213553
214.0 -0.000120686695842
215.0 -0.000119004058099
216.0 -0.000117366178321
217.0 -0.000115769322228
218.0 -0.000114209609146
219.0 -0.000112683502755
220.0 -0.000111188242315
221.0 -0.000109722137099
222.0 -0.000108284668693
223.0 -0.00010687637855
224.0 -0.000105498555342
225.0 -0.000104152771324
226.0 -0.000102840342732
227.0 -0.000101561801611
228.0 -0.000100316463596
229.0 -9.9102158951e-05
230.0 -9.79151662964e-05
231.0 -9.67503552248e-05
232.0 -9.56015116989e-05
233.0 -9.44617942842e-05
234.0 -9.33242540456e-05
235.0 -9.21823480898e-05
236.0 -9.10303855054e-05
237.0 -8.98638618959e-05
238.0 -8.86796604505e-05
239.0 -8.74761188648e-05
240.0 -8.62529784496e-05
241.0 -8.50112420747e-05
242.0 -8.3752970717e-05
243.0 -8.24810456537e-05
244.0 -8.11989172493e-05
245.0 -7.99103546962e-05
246.0 -7.86192062864e-05
247.0 -7.73291780503e-05
248.0 -7.60436397268e-05
249.0 -7.47654697349e-05
250.0 -7.34969531187e-05
251.0 -7.22397464164e-05
252.0 -7.09949197504e-05
253.0 -6.97630789293e-05
254.0 -6.85445599118e-05
255.0 -6.73396764609e-05
256.0 -6.61489915731e-05
257.0 -6.49735765451e-05
258.0 -6.38152200217e-05
259.0 -6.26765537224e-05
260.0 -6.15610713388e-05
261.0 -6.04730308754e-05
262.0 -5.94172462705e-05
263.0 -5.83987890008e-05
264.0 -5.74226322129e-05
265.0 -5.64932769804e-05
266.0 -5.56144016553e-05
267.0 -5.47885710307e-05
268.0 -5.40170331151e-05
269.0 -5.32996193724e-05
270.0 -5.26347512839e-05
271.0 -5.20195440046e-05
272.0 -5.14499883338e-05
273.0 -5.09211862418e-05
274.0 -5.04276131402e-05
275.0 -4.99633816538e-05
276.0 -4.95224860315e-05
277.0 -4.90990124161e-05
278.0 -4.86873068302e-05
279.0 -4.82820989134e-05
280.0 -4.78785844707e-05
281.0 -4.74724733819e-05
282.0 -4.70600113375e-05
283.0 -4.66379843694e-05
284.0 -4.620371455e-05
285.0 -4.57550538452e-05
286.0 -4.5290381229e-05
287.0 -4.4808606016e-05
288.0 -4.43091781234e-05
289.0 -4.37921037907e-05
290.0 -4.32579633312e-05
291.0 -4.27079259252e-05
292.0 -4.21437554955e-05
293.0 -4.1567801455e-05
294.0 -4.09829686964e-05
295.0 -4.03926625708e-05
296.0 -3.98007066694e-05
297.0 -3.92112337456e-05
298.0 -3.86285528018e-05
299.0 -3.80569979018e-05
