10.0 0.340188933033
11.0 0.289132355566
12.0 0.248021701971
13.0 0.214462626231
14.0 0.186737961096
15.0 0.163593069434
16.0 0.144095669975
17.0 0.127539441303
18.0 0.113379229208
19.0 0.101188930642
20.0 0.090632644455
21.0 0.0814431031216
22.0 0.0734051752299
23.0 0.0663436313278
24.0 0.0601144142994
25.0 0.0545984222453
26.0 0.0496967909826
27.0 0.0453270214914
28.0 0.04141977586
29.0 0.0379163698891
30.0 0.0347668802341
31.0 0.0319286608166
32.0 0.0293651104312
33.0 0.0270446485358
34.0 0.0249399036411
35.0 0.0230270889791
36.0 0.0212854959567
37.0 0.0196970398372
38.0 0.0182458495026
39.0 0.016917937262
40.0 0.0157009609142
41.0 0.0145840354047
42.0 0.0135575425688
43.0 0.0126129357773
44.0 0.011742577519
45.0 0.01093963308
46.0 0.0101979990063
47.0 0.00951222935337
48.0 0.00887744924846
49.0 0.0082892744502
50.0 0.00774375332305
51.0 0.00723732500104
52.0 0.00676677684702
53.0 0.00632919568155
54.0 0.00592192226662
55.0 0.00554251919672
56.0 0.00518875160071
57.0 0.00485857259186
58.0 0.00455010802061
59.0 0.00426164167307
60.0 0.00399160410645
61.0 0.00373856472869
62.0 0.00350122290869
63.0 0.00327839449396
64.0 0.00306899456526
65.0 0.0028720214089
66.0 0.00268654710652
67.0 0.00251171683249
68.0 0.00234675475144
69.0 0.00219097234951
70.0 0.00204377599927
71.0 0.00190467301573
72.0 0.00177327715382
73.0 0.00164931443803
74.0 0.00153262920623
75.0 0.00142318966397
76.0 0.00132109248546
77.0 0.00122656621178
78.0 0.00113997239963
79.0 0.00106180174991
80.0 0.000992660970658
81.0 0.000933246096259
82.0 0.000884299616217
83.0 0.000846551340749
84.0 0.000820645574156
85.0 0.000807059471677
86.0 0.000806019386531
87.0 0.00081742344117
88.0 0.000840779063496
89.0 0.000875163406308
90.0 0.000919212431284
91.0 0.000971141498986
92.0 0.00102879724644
93.0 0.00108973781309
94.0 0.00115133620751
95.0 0.00121089973666
96.0 0.00126579697139
97.0 0.00131358288301
98.0 0.00135211279636
99.0 0.00137963679033
100.0 0.00139486806535
101.0 0.00139702133821
102.0 0.00138582016799
103.0 0.00136147488971
104.0 0.00132463519853
105.0 0.00127632314497
106.0 0.00121785325094
107.0 0.0011507466437
108.0 0.00107664562504
109.0 0.000997234086414
110.0 0.000914167817898
111.0 0.000829017227939
112.0 0.000743223502883
113.0 0.000658067985305
114.0 0.00057465367077
115.0 0.000493897243163
116.0 0.000416529914253
117.0 0.000343105369808
118.0 0.000274013223221
119.0 0.000209496463375
120.0 0.000149671446924
121.0 9.4549058464e-05
122.0 4.40557817994e-05
123.0 -1.94639341713e-06
124.0 -4.36420730058e-05
125.0 -8.12471496142e-05
126.0 -0.00011499639577
127.0 -0.000145134003339
128.0 -0.000171906861722
129.0 -0.000195560147871
130.0 -0.000216334643153
131.0 -0.000234465125333
132.0 -0.000250179226368
133.0 -0.000263696292476
134.0 -0.000275225998331
135.0 -0.000284966699212
136.0 -0.00029310369599
137.0 -0.000299807694714
138.0 -0.000305233748355
139.0 -0.000309520886148
140.0 -0.000312792501834
141.0 -0.000315157430763
142.0 -0.000316711535872
143.0 -0.000317539566212
144.0 -0.00031771705156
145.0 -0.000317312040045
146.0 -0.000316386552502
147.0 -0.000314997697883
148.0 -0.000313198454498
149.0 -0.000311038165215
150.0 -0.000308562819512
151.0 -0.000305815202896
152.0 -0.000302834986926
153.0 -0.000299658813728
154.0 -0.000296320401037
155.0 -0.000292850663265
156.0 -0.00028927781831
157.0 -0.000285627436941
158.0 -0.000281922397252
159.0 -0.000278182731606
160.0 -0.000274425391975
161.0 -0.000270664000139
162.0 -0.000266908677989
163.0 -0.000263166058531
164.0 -0.000259439554625
165.0 -0.000255729913441
166.0 -0.000252036021577
167.0 -0.000248355865108
168.0 -0.000244687507068
169.0 -0.000241029933419
170.0 -0.000237383641136
171.0 -0.000233750892854
172.0 -0.000230135629258
173.0 -0.000226543096381
174.0 -0.000222979295001
175.0 -0.000219450382302
176.0 -0.000215962148377
177.0 -0.000212519656075
178.0 -0.000209127082548
179.0 -0.000205787748268
180.0 -0.000202504277284
181.0 -0.000199278810221
182.0 -0.000196113191873
183.0 -0.000193009075093
184.0 -0.000189967914191
185.0 -0.000186990854569
186.0 -0.000184078552553
187.0 -0.000181230974848
188.0 -0.000178447229604
189.0 -0.000175725472353
190.0 -0.000173062913989
191.0 -0.000170455938595
192.0 -0.000167900319819
193.0 -0.000165391508512
194.0 -0.000162924953323
195.0 -0.00016049641142
196.0 -0.000158102209233
197.0 -0.000155739423088
198.0 -0.000153405965278
199.0 -0.00015110057959
200.0 -0.000148822767417
201.0 -0.00014657267697
202.0 -0.000144350990591
203.0 -0.000142158837717
204.0 -0.000139997745515
205.0 -0.000137869619968
206.0 -0.000135776733042
207.0 -0.000133721682034
208.0 -0.00013170728876
209.0 -0.000129736419494
210.0 -0.000127811728471
211.0 -0.000125935352801
212.0 -0.000124108607923
213.0 -0.000122331744132
214.0 -0.000120603822294
215.0 -0.000118922750059
216.0 -0.000117285491742
217.0 -0.000115688431344
218.0 -0.000114127836249
219.0 -0.000112600345935
220.0 -0.000111103400846
221.0 -0.000109635533478
222.0 -0.00010819646576
223.0 -0.000106786989595
224.0 -0.000105408644922
225.0 -0.000104063244636
226.0 -0.000102752321858
227.0 -0.000101476587825
228.0 -0.000100235485997
229.0 -9.90269109605e-05
230.0 -9.78471327988e-05
231.0 -9.66909342722e-05
232.0 -9.55519355209e-05
233.0 -9.44230548067e-05
234.0 -9.32970381196e-05
235.0 -9.216698716e-05
236.0 -9.10268235371e-05
237.0 -8.98716441143e-05
238.0 -8.86979439384e-05
239.0 -8.7503704452e-05
240.0 -8.62883617657e-05
241.0 -8.50526802543e-05
242.0 -8.37985601758e-05
243.0 -8.25288056729e-05
244.0 -8.12468738764e-05
245.0 -7.99566196911e-05
246.0 -7.86620464872e-05
247.0 -7.73670715301e-05
248.0 -7.60753163545e-05
249.0 -7.47899351201e-05
250.0 -7.35134962822e-05
251.0 -7.22479327458e-05
252.0 -7.09945717814e-05
253.0 -6.97542481452e-05
254.0 -6.85274930405e-05
255.0 -6.73147796756e-05
256.0 -6.61167956001e-05
257.0 -6.49347050371e-05
258.0 -6.37703627489e-05
259.0 -6.26264452846e-05
260.0 -6.1506475305e-05
261.0 -6.04147285961e-05
262.0 -5.9356029145e-05
263.0 -5.8335452748e-05
264.0 -5.73579716832e-05
265.0 -5.64280802387e-05
266.0 -5.55494424057e-05
267.0 -5.47245988893e-05
268.0 -5.39547617012e-05
269.0 -5.32397126252e-05
270.0 -5.25778087702e-05
271.0 -5.19660862352e-05
272.0 -5.14004432296e-05
273.0 -5.08758778867e-05
274.0 -5.03867538346e-05
275.0 -4.99270680674e-05
276.0 -4.94906999628e-05
277.0 -4.90716263417e-05
278.0 -4.86640940864e-05
279.0 -4.82627480365e-05
280.0 -4.786271694e-05
281.0 -4.74596637948e-05
282.0 -4.70498088976e-05
283.0 -4.66299345109e-05
284.0 -4.61973795394e-05
285.0 -4.57500313027e-05
286.0 -4.52863196831e-05
287.0 -4.48052168236e-05
288.0 -4.43062433461e-05
289.0 -4.37894798838e-05
290.0 -4.32555807581e-05
291.0 -4.27057850388e-05
292.0 -4.21419192093e-05
293.0 -4.156638536e-05
294.0 -4.0982129351e-05
295.0 -4.03925847134e-05
296.0 -3.98015900781e-05
297.0 -3.92132804076e-05
298.0 -3.86319549688e-05
299.0 -3.80619275048e-05
