10.0 0.342945090573
11.0 0.291547413963
12.0 0.250046585503
13.0 0.216094555162
14.0 0.188002197873
15.0 0.164529740197
16.0 0.144750956259
17.0 0.127960072258
18.0 0.113609278328
19.0 0.10126813933
20.0 0.090595717384
21.0 0.0813195987751
22.0 0.0732197434043
23.0 0.0661164370527
24.0 0.0598616462548
25.0 0.0543328227985
26.0 0.0494281708637
27.0 0.0450627389018
28.0 0.0411651701135
29.0 0.0376751455724
30.0 0.0345414410963
31.0 0.0317203945254
32.0 0.0291746267855
33.0 0.0268719749708
34.0 0.0247846428284
35.0 0.0228885438341
36.0 0.021162767362
37.0 0.0195891019741
38.0 0.0181516070454
39.0 0.0168362680226
40.0 0.0156307469376
41.0 0.0145241850183
42.0 0.0135070054541
43.0 0.0125707127293
44.0 0.0117077261946
45.0 0.0109112707463
46.0 0.0101753030975
47.0 0.00949443652396
48.0 0.0088638535354
49.0 0.00827922508179
50.0 0.00773665262455
51.0 0.00723262674831
52.0 0.00676398533407
53.0 0.00632786571692
54.0 0.005921660301
55.0 0.00554298579296
56.0 0.00518966545903
57.0 0.00485971630922
58.0 0.00455133568542
59.0 0.00426288828335
60.0 0.00399289667548
61.0 0.00374003482443
62.0 0.00350312026474
63.0 0.00328110121409
64.0 0.00307303929378
65.0 0.00287809263529
66.0 0.00269550450828
67.0 0.0025245992469
68.0 0.0023647830305
69.0 0.00221554502482
70.0 0.00207645540135
71.0 0.00194715930262
72.0 0.00182736766525
73.0 0.00171684598552
74.0 0.00161540143044
75.0 0.00152286853753
76.0 0.00143909448996
77.0 0.00136392569813
78.0 0.00129719709569
79.0 0.00123872414337
80.0 0.00118829608704
81.0 0.00114566862103
82.0 0.00111055491778
83.0 0.00108261527216
84.0 0.00106144657656
85.0 0.00104657325113
86.0 0.00103744131276
87.0 0.0010334171463
88.0 0.00103379212159
89.0 0.00103779331654
90.0 0.00104459940322
91.0 0.00105335972188
92.0 0.0010632142034
93.0 0.00107331223281
94.0 0.00108282946673
95.0 0.00109098252556
96.0 0.00109704201595
97.0 0.00110034441942
98.0 0.00110030314916
99.0 0.00109641872766
100.0 0.00108828772703
101.0 0.00107560992474
102.0 0.001058193088
103.0 0.00103595489908
104.0 0.00100892172936
105.0 0.000977224209497
106.0 0.000941089784132
107.0 0.000900832655606
108.0 0.000856841687989
109.0 0.000809566931401
110.0 0.000759505409822
111.0 0.000707186698974
112.0 0.000653158657108
113.0 0.000597973543531
114.0 0.000542174733942
115.0 0.000486284325462
116.0 0.000430792057052
117.0 0.000376146058176
118.0 0.000322745904347
119.0 0.000270938285481
120.0 0.000221015326469
121.0 0.000173215317539
122.0 0.000127725386504
123.0 8.4685515467e-05
124.0 4.41932747385e-05
125.0 6.30870036969e-06
126.0 -2.89411415948e-05
127.0 -6.15581983086e-05
128.0 -9.15701843525e-05
129.0 -0.000119027958593
130.0 -0.000144003277831
131.0 -0.0001665865958
132.0 -0.000186884586688
133.0 -0.000205017178484
134.0 -0.00022111405402
135.0 -0.000235310766794
136.0 -0.000247744769798
137.0 -0.000258551726959
138.0 -0.000267862452679
139.0 -0.000275800718626
140.0 -0.000282482014244
141.0 -0.000288013192554
142.0 -0.000292492813744
143.0 -0.000296011937096
144.0 -0.000298655108854
145.0 -0.00030050133629
146.0 -0.000301624905534
147.0 -0.000302095972596
148.0 -0.000301980918883
149.0 -0.00030134250705
150.0 -0.000300239898742
151.0 -0.00029872860399
152.0 -0.00029686042528
153.0 -0.000294683440597
154.0 -0.000292242042752
155.0 -0.000289577023014
156.0 -0.000286725662701
157.0 -0.000283721784999
158.0 -0.000280595726163
159.0 -0.000277374211126
160.0 -0.000274080157402
161.0 -0.000270732471772
162.0 -0.000267345932879
163.0 -0.000263931257988
164.0 -0.000260495428749
165.0 -0.000257042302127
166.0 -0.000253573470411
167.0 -0.000250089274485
168.0 -0.000246589833602
169.0 -0.000243075944071
170.0 -0.000239549721735
171.0 -0.000236014913434
172.0 -0.000232476868137
173.0 -0.000228942223031
174.0 -0.000225418408413
175.0 -0.000221913097138
176.0 -0.000218433716357
177.0 -0.000214987105567
178.0 -0.000211579355966
179.0 -0.000208215815369
180.0 -0.000204901203089
181.0 -0.000201639759246
182.0 -0.000198435355338
183.0 -0.000195291514389
184.0 -0.000192211321374
185.0 -0.000189197238385
186.0 -0.000186250865563
187.0 -0.000183372703095
188.0 -0.000180561970221
189.0 -0.000177816526286
190.0 -0.00017513292039
191.0 -0.000172506574506
192.0 -0.000169932083844
193.0 -0.00016740360078
194.0 -0.00016491525675
195.0 -0.000162461571885
196.0 -0.000160037805357
197.0 -0.000157640210458
198.0 -0.00015526617561
199.0 -0.000152914252645
200.0 -0.000150584092613
201.0 -0.000148276322401
202.0 -0.000145992399432
203.0 -0.000143734475406
204.0 -0.000141505285332
205.0 -0.000139308059383
206.0 -0.000137146437951
207.0 -0.000135024360509
208.0 -0.000132945899843
209.0 -0.000130915025582
210.0 -0.000128935301881
211.0 -0.000127009548075
212.0 -0.000125139511475
213.0 -0.000123325612138
214.0 -0.000121566816535
215.0 -0.000119860680123
216.0 -0.000118203570769
217.0 -0.000116591051676
218.0 -0.000115018370893
219.0 -0.000113480981789
220.0 -0.000111975009862
221.0 -0.000110497588241
222.0 -0.000109047005989
223.0 -0.000107622645569
224.0 -0.000106224722582
225.0 -0.000104853875011
226.0 -0.000103510674502
227.0 -0.000102195144292
228.0 -0.000100906365301
229.0 -9.96422348193e-05
230.0 -9.83994146729e-05
231.0 -9.71734731831e-05
232.0 -9.59591937822e-05
233.0 -9.47509983451e-05
234.0 -9.35434191898e-05
235.0 -9.23315519452e-05
236.0 -9.11114312237e-05
237.0 -8.9880289235e-05
238.0 -8.86366796954e-05
239.0 -8.73804708775e-05
240.0 -8.61127284629e-05
241.0 -8.48355186106e-05
242.0 -8.35516639494e-05
243.0 -8.22644814307e-05
244.0 -8.09775237288e-05
245.0 -7.96943381104e-05
246.0 -7.84182508268e-05
247.0 -7.71521824137e-05
248.0 -7.58984997483e-05
249.0 -7.46589130201e-05
250.0 -7.34344280047e-05
251.0 -7.2225364214e-05
252.0 -7.10314463106e-05
253.0 -6.98519693255e-05
254.0 -6.86860285456e-05
255.0 -6.75327942219e-05
256.0 -6.63918017545e-05
257.0 -6.52632219322e-05
258.0 -6.41480747536e-05
259.0 -6.30483549909e-05
260.0 -6.1967047534e-05
261.0 -6.09080242335e-05
262.0 -5.98758292803e-05
263.0 -5.88753746897e-05
264.0 -5.79115789075e-05
265.0 -5.69889882372e-05
266.0 -5.61114218273e-05
267.0 -5.52816764673e-05
268.0 -5.45013183871e-05
269.0 -5.3770577281e-05
270.0 -5.30883448617e-05
271.0 -5.24522683242e-05
272.0 -5.18589197746e-05
273.0 -5.13040169544e-05
274.0 -5.07826687911e-05
275.0 -5.02896211102e-05
276.0 -4.9819482402e-05
277.0 -4.9366915743e-05
278.0 -4.89267896482e-05
279.0 -4.8494286788e-05
280.0 -4.80649744208e-05
281.0 -4.76348437284e-05
282.0 -4.7200326947e-05
283.0 -4.67583014568e-05
284.0 -4.63060891533e-05
285.0 -4.58414577961e-05
286.0 -4.53626289465e-05
287.0 -4.48682947794e-05
288.0 -4.43576436903e-05
289.0 -4.38303923726e-05
290.0 -4.32868200714e-05
291.0 -4.27277992116e-05
292.0 -4.21548157085e-05
293.0 -4.15699721542e-05
294.0 -4.09759677979e-05
295.0 -4.0376050778e-05
296.0 -3.9773940296e-05
297.0 -3.91737190925e-05
298.0 -3.85796994134e-05
299.0 -3.79962683022e-05
