10.0 0.341869282546
11.0 0.290557532669
12.0 0.249158731253
13.0 0.215319579111
14.0 0.187345491285
15.0 0.163991537123
16.0 0.144327015126
17.0 0.127642588743
18.0 0.11338789153
19.0 0.101130917876
20.0 0.0905300438624
21.0 0.0813129033144
22.0 0.0732600657104
23.0 0.0661928183851
24.0 0.059964367927
25.0 0.0544535163519
26.0 0.0495598283085
27.0 0.045199650825
28.0 0.0413028164354
29.0 0.0378100594885
30.0 0.034671062142
31.0 0.0318429223446
32.0 0.0292888833867
33.0 0.0269772801733
34.0 0.0248807052305
35.0 0.0229753679294
36.0 0.02124057627
37.0 0.0196582745357
38.0 0.0182126276512
39.0 0.0168896873943
40.0 0.0156771521
41.0 0.0145641768118
42.0 0.013541182111
43.0 0.0125996582243
44.0 0.0117320022784
45.0 0.0109314117466
46.0 0.0101918127359
47.0 0.00950778613124
48.0 0.00887448116343
49.0 0.00828753510307
50.0 0.00774301548375
51.0 0.00723737859053
52.0 0.00676742728271
53.0 0.00633026261547
54.0 0.0059232387706
55.0 0.00554393149555
56.0 0.0051901194973
57.0 0.00485977074293
58.0 0.00455102820197
59.0 0.00426219613144
60.0 0.00399173005648
61.0 0.00373823003686
62.0 0.00350043301327
63.0 0.00327720062152
64.0 0.00306750328766
65.0 0.00287040550974
66.0 0.00268505757365
67.0 0.00251069555795
68.0 0.002346647208
69.0 0.00219233913371
70.0 0.00204730170085
71.0 0.00191117042105
72.0 0.00178368436504
73.0 0.00166468217143
74.0 0.00155409542981
75.0 0.00145193897712
76.0 0.00135829835567
77.0 0.00127331545726
78.0 0.00119717316151
79.0 0.00113007855146
80.0 0.00107224311096
81.0 0.00102385824721
82.0 0.000985065668329
83.0 0.00095592381775
84.0 0.000936372889124
85.0 0.000926201633804
86.0 0.000925019400363
87.0 0.000932236748938
88.0 0.000947057426075
89.0 0.000968483301574
90.0 0.000995332220016
91.0 0.00102626713146
92.0 0.00105983388418
93.0 0.00109450487557
94.0 0.00112872611592
95.0 0.00116096572243
96.0 0.00118976210694
97.0 0.00121377010101
98.0 0.00123180312068
99.0 0.00124286939844
100.0 0.00124620042428
101.0 0.0012412700785
102.0 0.00122780348207
103.0 0.00120577526842
104.0 0.00117539770068
105.0 0.00113709972648
106.0 0.0010914986074
107.0 0.00103936614034
108.0 0.000981591681652
109.0 0.000919144174316
110.0 0.000853035160826
111.0 0.000784284374671
112.0 0.000713889025676
113.0 0.000642797442891
114.0 0.000571887406734
115.0 0.00050194931795
116.0 0.000433674268584
117.0 0.000367647012141
118.0 0.000304343701869
119.0 0.000244134056146
120.0 0.000187287355155
121.0 0.000133981441369
122.0 8.43137484028e-05
123.0 3.83133469278e-05
124.0 -4.04693336585e-06
125.0 -4.2839094977e-05
126.0 -7.81698593165e-05
127.0 -0.000110172190702
128.0 -0.000138998545485
129.0 -0.000164815694132
130.0 -0.000187800773364
131.0 -0.000208138119893
132.0 -0.000226016439192
133.0 -0.000241625969288
134.0 -0.000255155479241
135.0 -0.000266789142897
136.0 -0.000276703494093
137.0 -0.000285064756433
138.0 -0.00029202683209
139.0 -0.000297730142279
140.0 -0.000302301372277
141.0 -0.000305854030067
142.0 -0.000308489617683
143.0 -0.000310299159555
144.0 -0.000311364834601
145.0 -0.000311761505316
146.0 -0.000311558006995
147.0 -0.00031081813365
148.0 -0.000309601319754
149.0 -0.000307963061756
150.0 -0.000305955148744
151.0 -0.000303625779405
152.0 -0.000301019635096
153.0 -0.000298177959364
154.0 -0.000295138666653
155.0 -0.00029193647287
156.0 -0.000288603015554
157.0 -0.000285166919337
158.0 -0.000281653768815
159.0 -0.000278085976297
160.0 -0.000274482570352
161.0 -0.000270858971332
162.0 -0.000267226848361
163.0 -0.000263594157142
164.0 -0.000259965434309
165.0 -0.000256342375227
166.0 -0.000252724659744
167.0 -0.000249110930674
168.0 -0.000245499788806
169.0 -0.000241890657473
170.0 -0.000238284392272
171.0 -0.000234683561927
172.0 -0.000231092391874
173.0 -0.000227516426798
174.0 -0.000223962016866
175.0 -0.000220435754249
176.0 -0.000216943978261
177.0 -0.000213492433446
178.0 -0.000210086115561
179.0 -0.000206729289197
180.0 -0.000203425620524
181.0 -0.000200178348238
182.0 -0.000196990417881
183.0 -0.000193864525891
184.0 -0.00019080305209
185.0 -0.000187807893108
186.0 -0.000184880236089
187.0 -0.000182020326619
188.0 -0.000179227286014
189.0 -0.000176499022725
190.0 -0.000173832264747
191.0 -0.000171222718808
192.0 -0.000168665341525
193.0 -0.000166154690599
194.0 -0.000163685312522
195.0 -0.000161252118643
196.0 -0.000158850704611
197.0 -0.000156477579042
198.0 -0.000154130284046
199.0 -0.000151807410021
200.0 -0.0001495085255
201.0 -0.000147234055395
202.0 -0.000144985144505
203.0 -0.000142763536422
204.0 -0.000140571482963
205.0 -0.000138411680274
206.0 -0.000136287210542
207.0 -0.000134201458402
208.0 -0.000132157972195
209.0 -0.000130160252731
210.0 -0.000128211473328
211.0 -0.000126314159072
212.0 -0.000124469873834
213.0 -0.000122678974434
214.0 -0.000120940488641
215.0 -0.000119252156935
216.0 -0.000117610650049
217.0 -0.000116011941121
218.0 -0.000114451779862
219.0 -0.000112926193531
220.0 -0.000111431930645
221.0 -0.0001099667705
222.0 -0.000108529643407
223.0 -0.000107120539053
224.0 -0.000105740217198
225.0 -0.000104389769205
226.0 -0.000103070104244
227.0 -0.000101781446091
228.0 -0.000100522923269
229.0 -9.9292318023e-05
230.0 -9.80860118236e-05
231.0 -9.68991321801e-05
232.0 -9.57258737088e-05
233.0 -9.45599411633e-05
234.0 -9.3395047602e-05
235.0 -9.22253987002e-05
236.0 -9.10461036263e-05
237.0 -8.98534708424e-05
238.0 -8.86451692742e-05
239.0 -8.74202567828e-05
240.0 -8.61790947967e-05
241.0 -8.49231779616e-05
242.0 -8.36549102933e-05
243.0 -8.23773559642e-05
244.0 -8.10939860561e-05
245.0 -7.98084353101e-05
246.0 -7.85242774589e-05
247.0 -7.72448254371e-05
248.0 -7.59729635026e-05
249.0 -7.47110207991e-05
250.0 -7.34606981892e-05
251.0 -7.22230603391e-05
252.0 -7.09986017267e-05
253.0 -6.97873881876e-05
254.0 -6.85892656916e-05
255.0 -6.74041170489e-05
256.0 -6.62321374739e-05
257.0 -6.50740936052e-05
258.0 -6.39315293244e-05
259.0 -6.2806886197e-05
260.0 -6.17035161482e-05
261.0 -6.06255776326e-05
262.0 -5.95778219021e-05
263.0 -5.85652905653e-05
264.0 -5.75929571738e-05
265.0 -5.66653523463e-05
266.0 -5.57862130832e-05
267.0 -5.49581925068e-05
268.0 -5.41826572649e-05
269.0 -5.34595878862e-05
270.0 -5.2787584447e-05
271.0 -5.21639679543e-05
272.0 -5.15849584589e-05
273.0 -5.10459051208e-05
274.0 -5.05415415699e-05
275.0 -5.00662416355e-05
276.0 -4.96142550216e-05
277.0 -4.91799086668e-05
278.0 -4.87577661971e-05
279.0 -4.83427440458e-05
280.0 -4.79301877738e-05
281.0 -4.75159155268e-05
282.0 -4.70962373484e-05
283.0 -4.66679594425e-05
284.0 -4.62283817315e-05
285.0 -4.57752955379e-05
286.0 -4.53069862175e-05
287.0 -4.48222433266e-05
288.0 -4.43203785997e-05
289.0 -4.38012498017e-05
290.0 -4.32652865661e-05
291.0 -4.27135128086e-05
292.0 -4.21475593877e-05
293.0 -4.15696605191e-05
294.0 -4.09826281132e-05
295.0 -4.03897996752e-05
296.0 -3.97949575607e-05
297.0 -3.92022199768e-05
298.0 -3.86159068761e-05
299.0 -3.80403864693e-05
