10.0 0.342187878623
11.0 0.290853127266
12.0 0.249423044862
13.0 0.215547147663
14.0 0.187533665191
15.0 0.164140195412
16.0 0.144438094759
17.0 0.127719527811
18.0 0.113435069601
19.0 0.101153153857
20.0 0.090532187258
21.0 0.0812995329317
22.0 0.0732352931375
23.0 0.0661601826948
24.0 0.059926802562
25.0 0.0544133679158
26.0 0.0495189086268
27.0 0.0451593068699
28.0 0.0412640064942
29.0 0.0377734276027
30.0 0.03463700595
31.0 0.031811651862
32.0 0.0292604699649
33.0 0.0269516959697
34.0 0.0248578541494
35.0 0.0229551092671
36.0 0.0212227423555
37.0 0.0196426835784
38.0 0.0181990928572
39.0 0.0168780232439
40.0 0.0156671785063
41.0 0.0145557217293
42.0 0.013534083029
43.0 0.0125937628785
44.0 0.0117271688229
45.0 0.010927508571
46.0 0.0101887180594
47.0 0.00950538747395
48.0 0.00887267476999
49.0 0.00828622537666
50.0 0.00774211447946
51.0 0.00723680560945
52.0 0.00676710860502
53.0 0.00633013140848
54.0 0.00592323520723
55.0 0.00554400311731
56.0 0.00519022185475
57.0 0.00485986834342
58.0 0.00455109578902
59.0 0.00426222031101
60.0 0.00399171127069
61.0 0.0037381848647
62.0 0.003500396748
63.0 0.00327723003534
64.0 0.00306767944492
65.0 0.00287083643173
66.0 0.00268588049304
67.0 0.00251207843457
68.0 0.00234878911664
69.0 0.00219546908939
70.0 0.00205167546847
71.0 0.00191706487752
72.0 0.00179138905459
73.0 0.00167448782746
74.0 0.00156627943434
75.0 0.00146674798713
76.0 0.00137592863389
77.0 0.00129389178006
78.0 0.00122072750819
79.0 0.00115653006907
80.0 0.00110138105493
81.0 0.00105532968041
82.0 0.00101836962704
83.0 0.000990413402233
84.0 0.000971266307872
85.0 0.000960602642686
86.0 0.000957946872353
87.0 0.000962662345786
88.0 0.000973949593518
89.0 0.000990855152504
90.0 0.00101229037971
91.0 0.00103705835608
92.0 0.00106388626691
93.0 0.00109146073547
94.0 0.00111846420384
95.0 0.00114361112932
96.0 0.00116568315324
97.0 0.00118356243608
98.0 0.00119626217967
99.0 0.00120295316665
100.0 0.00120298507605
101.0 0.00119590144294
102.0 0.00118144741896
103.0 0.00115956991957
104.0 0.00113041024431
105.0 0.00109428975143
106.0 0.00105168960077
107.0 0.00100322590941
108.0 0.00094962187119
109.0 0.000891678445366
110.0 0.000830245107847
111.0 0.000766191898682
112.0 0.000700383662353
113.0 0.000633657061991
114.0 0.000566800737753
115.0 0.000500538893571
116.0 0.000435518584909
117.0 0.000372300954835
118.0 0.000311356553682
119.0 0.000253064661408
120.0 0.000197716253267
121.0 0.00014551998214
122.0 9.66103607873e-05
123.0 5.10572474069e-05
124.0 8.875766179e-06
125.0 -2.99640911459e-05
126.0 -6.55287607086e-05
127.0 -9.79136605374e-05
128.0 -0.00012723712757
129.0 -0.000153635632568
130.0 -0.000177259981918
131.0 -0.000198272110082
132.0 -0.000216842065486
133.0 -0.000233144893941
134.0 -0.000247357296928
135.0 -0.000259654136063
136.0 -0.000270205013729
137.0 -0.00027917124049
138.0 -0.000286703485666
139.0 -0.000292940310974
140.0 -0.000298007643705
141.0 -0.000302019099317
142.0 -0.00030507695136
143.0 -0.000307273490587
144.0 -0.00030869251684
145.0 -0.000309410753503
146.0 -0.000309499044176
147.0 -0.000309023264846
148.0 -0.000308044947719
149.0 -0.000306621657996
150.0 -0.00030480719071
151.0 -0.000302651662807
152.0 -0.000300201568655
153.0 -0.000297499847933
154.0 -0.000294585987488
155.0 -0.000291496148878
156.0 -0.000288263288536
157.0 -0.000284917225607
158.0 -0.000281484619007
159.0 -0.000277988840734
160.0 -0.000274449770997
161.0 -0.000270883581041
162.0 -0.000267302597938
163.0 -0.000263715350559
164.0 -0.000260126872335
165.0 -0.000256539287664
166.0 -0.000252952646469
167.0 -0.000249365911628
168.0 -0.000245777963107
169.0 -0.000242188471716
170.0 -0.000238598517988
171.0 -0.000235010881964
172.0 -0.000231429995172
173.0 -0.000227861610689
174.0 -0.000224312295635
175.0 -0.000220788872283
176.0 -0.000217297925745
177.0 -0.000213845462322
178.0 -0.000210436753308
179.0 -0.000207076348055
180.0 -0.00020376820003
181.0 -0.000200515829371
182.0 -0.000197322447729
183.0 -0.00019419099249
184.0 -0.00019112404988
185.0 -0.00018812368027
186.0 -0.000185191185723
187.0 -0.000182326874344
188.0 -0.00017952987692
189.0 -0.000176798060788
190.0 -0.000174128067711
191.0 -0.000171515481217
192.0 -0.000168955108026
193.0 -0.000166441340977
194.0 -0.000163968559081
195.0 -0.000161531515753
196.0 -0.00015912566943
197.0 -0.000156747421727
198.0 -0.000154394245203
199.0 -0.000152064702801
200.0 -0.000149758379524
201.0 -0.000147475759778
202.0 -0.000145218087395
203.0 -0.000142987238856
204.0 -0.000140785625316
205.0 -0.000138616120096
206.0 -0.000136481991136
207.0 -0.00013438680806
208.0 -0.000132334294459
209.0 -0.000130328108479
210.0 -0.000128371555779
211.0 -0.00012646726303
212.0 -0.000124616860623
213.0 -0.000122820734019
214.0 -0.000121077900448
215.0 -0.000119386050828
216.0 -0.000117741768896
217.0 -0.000116140906295
218.0 -0.000114579060966
219.0 -0.000113052083572
220.0 -0.000111556527771
221.0 -0.000110089967298
222.0 -0.000108651124586
223.0 -0.000107239788091
224.0 -0.00010585653223
225.0 -0.00010450228805
226.0 -0.000103177838045
227.0 -0.000101883320562
228.0 -0.000100617826087
229.0 -9.93791504538e-05
230.0 -9.81637423012e-05
231.0 -9.69668493151e-05
232.0 -9.57828360703e-05
233.0 -9.46056212351e-05
234.0 -9.34291675252e-05
235.0 -9.22479558043e-05
236.0 -9.10573842722e-05
237.0 -8.98540517429e-05
238.0 -8.86359061609e-05
239.0 -8.74022610045e-05
240.0 -8.61536991158e-05
241.0 -8.48918934051e-05
242.0 -8.36193763732e-05
243.0 -8.2339286877e-05
244.0 -8.10551155904e-05
245.0 -7.97704631179e-05
246.0 -7.84888191164e-05
247.0 -7.72133683369e-05
248.0 -7.59468301362e-05
249.0 -7.4691340442e-05
250.0 -7.34483874357e-05
251.0 -7.22188124045e-05
252.0 -7.10028839619e-05
253.0 -6.98004468865e-05
254.0 -6.8611137013e-05
255.0 -6.74346427413e-05
256.0 -6.62709840738e-05
257.0 -6.51207738612e-05
258.0 -6.39854247587e-05
259.0 -6.28672699258e-05
260.0 -6.17695753125e-05
261.0 -6.06964350139e-05
262.0 -5.96525564962e-05
263.0 -5.86429570337e-05
264.0 -5.76726041902e-05
265.0 -5.67460398959e-05
266.0 -5.58670287616e-05
267.0 -5.50382668142e-05
268.0 -5.42611778157e-05
269.0 -5.35358123685e-05
270.0 -5.28608520867e-05
271.0 -5.22337091786e-05
272.0 -5.16507024271e-05
273.0 -5.11072847965e-05
274.0 -5.05982960572e-05
275.0 -5.01182155855e-05
276.0 -4.96613950283e-05
277.0 -4.92222567071e-05
278.0 -4.87954503124e-05
279.0 -4.83759666046e-05
280.0 -4.79592117835e-05
281.0 -4.75410495634e-05
282.0 -4.71178197479e-05
283.0 -4.66863424297e-05
284.0 -4.62439161582e-05
285.0 -4.57883168588e-05
286.0 -4.53178022549e-05
287.0 -4.48311242685e-05
288.0 -4.43275495495e-05
289.0 -4.38068860581e-05
290.0 -4.32695116703e-05
291.0 -4.27163992598e-05
292.0 -4.21491318051e-05
293.0 -4.15699009249e-05
294.0 -4.09814829311e-05
295.0 -4.03871879862e-05
296.0 -3.97907801307e-05
297.0 -3.91963685725e-05
298.0 -3.86082734068e-05
299.0 -3.80308715398e-05
