10.0 0.342263069766
11.0 0.290922597691
12.0 0.249485391261
13.0 0.215601395096
14.0 0.18757929407
15.0 0.164177122228
16.0 0.144466617393
17.0 0.127740248184
18.0 0.113448806217
19.0 0.101160854994
20.0 0.0905348528428
21.0 0.0812981501455
22.0 0.0732307880071
23.0 0.0661533876562
24.0 0.0599184383887
25.0 0.0544040374662
26.0 0.0495090995098
27.0 0.0451494001953
28.0 0.0412542892252
29.0 0.0377641065139
30.0 0.034628221719
31.0 0.0318034923065
32.0 0.0292529818463
33.0 0.0269448950965
34.0 0.0248517337375
35.0 0.022949646658
36.0 0.0212179042732
37.0 0.0196384301414
38.0 0.0181953805644
39.0 0.0168748071402
40.0 0.0156644137063
41.0 0.014553364452
42.0 0.0135320912655
43.0 0.012592096792
44.0 0.0117257909571
45.0 0.0109263839261
46.0 0.0101878140796
47.0 0.00950467398269
48.0 0.00887212387664
49.0 0.00828581137726
50.0 0.00774181376677
51.0 0.00723659660649
52.0 0.00676697173385
53.0 0.00633004910492
54.0 0.00592319199094
55.0 0.00554398572614
56.0 0.00519021945049
57.0 0.00485987279478
58.0 0.00455110203476
59.0 0.00426222680253
60.0 0.00399172048806
61.0 0.00373820389319
62.0 0.00350043789328
63.0 0.00327731144477
64.0 0.00306782569014
65.0 0.00287107899422
66.0 0.00268625808139
67.0 0.00251263705024
68.0 0.00234958177689
69.0 0.00219655511327
70.0 0.00205311923705
71.0 0.00191893399454
72.0 0.00179375186066
73.0 0.00167741025976
74.0 0.00156982127443
75.0 0.00147095859968
76.0 0.00138084236482
77.0 0.00129952324852
78.0 0.00122706708602
79.0 0.00116353988656
80.0 0.00110899189491
81.0 0.00106343911839
82.0 0.00102684173768
83.0 0.000999080281551
84.0 0.000979931557324
85.0 0.000969046832139
86.0 0.000965934852672
87.0 0.000969952131092
88.0 0.000980302391645
89.0 0.000996046004165
90.0 0.001016118785
91.0 0.00103935823116
92.0 0.0010645345896
93.0 0.0010903843065
94.0 0.0011156440665
95.0 0.00113908434408
96.0 0.00115954180294
97.0 0.00117594992537
98.0 0.00118736707334
99.0 0.00119300096979
100.0 0.00119222848232
101.0 0.00118460965584
102.0 0.00116989518164
103.0 0.00114802687104
104.0 0.00111913115848
105.0 0.00108350611966
106.0 0.00104160289719
107.0 0.000994002745585
108.0 0.000941391111795
109.0 0.000884530232208
110.0 0.000824231632485
111.0 0.000761329681099
112.0 0.000696657036907
113.0 0.000631022543052
114.0 0.000565191933919
115.0 0.000499871657572
116.0 0.000435696121477
117.0 0.000373218655539
118.0 0.00031290638082
119.0 0.000255138957608
120.0 0.000200210905544
121.0 0.000148336915669
122.0 9.96593766323e-05
123.0 5.42572488409e-05
124.0 1.2155439801e-05
125.0 -2.66660599606e-05
126.0 -6.22638525274e-05
127.0 -9.47239813371e-05
128.0 -0.000124156082282
129.0 -0.000150688740067
130.0 -0.000174465768858
131.0 -0.000195643031967
132.0 -0.000214385414342
133.0 -0.000230863662346
134.0 -0.00024525097748
135.0 -0.000257719443321
136.0 -0.00026843652223
137.0 -0.000277561937561
138.0 -0.000285245241549
139.0 -0.000291624271421
140.0 -0.000296824551864
141.0 -0.000300959554584
142.0 -0.000304131613151
143.0 -0.000306433234805
144.0 -0.00030794855235
145.0 -0.00030875470528
146.0 -0.000308923009077
147.0 -0.00030851984519
148.0 -0.00030760726714
149.0 -0.000306243363364
150.0 -0.000304482443293
151.0 -0.000302375121325
152.0 -0.000299968366409
153.0 -0.000297305565792
154.0 -0.000294426624187
155.0 -0.000291368089788
156.0 -0.000288163273854
157.0 -0.000284842318686
158.0 -0.000281432175418
159.0 -0.000277956478496
160.0 -0.000274435342314
161.0 -0.000270885145808
162.0 -0.000267318399194
163.0 -0.000263743792041
164.0 -0.000260166498227
165.0 -0.000256588764629
166.0 -0.000253010748009
167.0 -0.000249431504827
168.0 -0.000245849997743
169.0 -0.000242265971741
170.0 -0.000238680575303
171.0 -0.000235096652355
172.0 -0.00023151869623
173.0 -0.000227952521438
174.0 -0.000224404757525
175.0 -0.000220882291119
176.0 -0.000217391774095
177.0 -0.000213939281859
178.0 -0.000210530156598
179.0 -0.000207169019277
180.0 -0.000203859894213
181.0 -0.000200606369833
182.0 -0.000197411721521
183.0 -0.000194278943824
184.0 -0.000191210671667
185.0 -0.000188209004058
186.0 -0.000185275270476
187.0 -0.000182409794604
188.0 -0.000179611710974
189.0 -0.000176878879475
190.0 -0.000174207924508
191.0 -0.000171594404127
192.0 -0.000169033093737
193.0 -0.000166518351552
194.0 -0.000164044521335
195.0 -0.000161606323258
196.0 -0.000159199186952
197.0 -0.000156819491727
198.0 -0.000154464695951
199.0 -0.000152133357526
200.0 -0.000149825066029
201.0 -0.000147540319903
202.0 -0.000145280385779
203.0 -0.000143047170502
204.0 -0.000140843121561
205.0 -0.000138671152687
206.0 -0.000136534574261
207.0 -0.000134436998251
208.0 -0.000132382188438
209.0 -0.00013037383909
210.0 -0.000128415286226
211.0 -0.000126509179718
212.0 -0.00012465716492
213.0 -0.000122859633306
214.0 -0.000121115598819
215.0 -0.000119422739819
216.0 -0.0001177776186
217.0 -0.000116176057224
218.0 -0.000114613616993
219.0 -0.000113086106253
220.0 -0.000111590032329
221.0 -0.000110122920489
222.0 -0.000108683444625
223.0 -0.000107271346734
224.0 -0.00010588715904
225.0 -0.000104531776771
226.0 -0.000103205954913
227.0 -0.000101909814284
228.0 -0.000100642439104
229.0 -9.9401631044e-05
230.0 -9.81838569733e-05
231.0 -9.69843949352e-05
232.0 -9.5797651126e-05
233.0 -9.46175956741e-05
234.0 -9.34382506596e-05
235.0 -9.22541618593e-05
236.0 -9.10607952781e-05
237.0 -8.9854817606e-05
238.0 -8.86342418998e-05
239.0 -8.73984412913e-05
240.0 -8.61480504033e-05
241.0 -8.48847840446e-05
242.0 -8.36112052255e-05
243.0 -8.23304709813e-05
244.0 -8.10460774805e-05
245.0 -7.97616183661e-05
246.0 -7.84805646376e-05
247.0 -7.72060719104e-05
248.0 -7.59408215044e-05
249.0 -7.46869042331e-05
250.0 -7.34457580427e-05
251.0 -7.22181708367e-05
252.0 -7.10043565892e-05
253.0 -6.98041059102e-05
254.0 -6.8617002439e-05
255.0 -6.74426855925e-05
256.0 -6.6281130566e-05
257.0 -6.51329102721e-05
258.0 -6.3999402744e-05
259.0 -6.288291207e-05
260.0 -6.17866807436e-05
261.0 -6.07147849534e-05
262.0 -5.96719196526e-05
263.0 -5.8663094782e-05
264.0 -5.76932754994e-05
265.0 -5.67670059824e-05
266.0 -5.5888057447e-05
267.0 -5.50591365655e-05
268.0 -5.42816814345e-05
269.0 -5.35557602858e-05
270.0 -5.28800752103e-05
271.0 -5.22520612311e-05
272.0 -5.16680617124e-05
273.0 -5.11235553365e-05
274.0 -5.06134080522e-05
275.0 -5.01321251714e-05
276.0 -4.9674083326e-05
277.0 -4.92337281893e-05
278.0 -4.88057305414e-05
279.0 -4.83850994238e-05
280.0 -4.79672560722e-05
281.0 -4.75480756842e-05
282.0 -4.71239058321e-05
283.0 -4.66915706518e-05
284.0 -4.62483691495e-05
285.0 -4.57920744006e-05
286.0 -4.5320938376e-05
287.0 -4.48337048473e-05
288.0 -4.43296304944e-05
289.0 -4.38085121094e-05
290.0 -4.32707158362e-05
291.0 -4.27172028669e-05
292.0 -4.21495451184e-05
293.0 -4.15699242669e-05
294.0 -4.09811082109e-05
295.0 -4.03864005378e-05
296.0 -3.97895607499e-05
297.0 -3.91946956433e-05
298.0 -3.86061250102e-05
299.0 -3.80282274479e-05
