10.0 0.0708633005412
11.0 0.0661060950176
12.0 0.0618442151823
13.0 0.0580040002085
14.0 0.0545262179852
15.0 0.0513625710995
16.0 0.0484731959503
17.0 0.0458248117801
18.0 0.0433893550263
19.0 0.0411429745882
20.0 0.0390652684524
21.0 0.0371386785975
22.0 0.0353480031003
23.0 0.0336800050717
24.0 0.032123101909
25.0 0.0306671167876
26.0 0.0293030749532
27.0 0.0280230324578
28.0 0.0268199312613
29.0 0.0256874777471
30.0 0.0246200413298
31.0 0.0236125690395
32.0 0.0226605126979
33.0 0.0217597666987
34.0 0.0209066151202
35.0 0.0200976867569
36.0 0.0193299163793
37.0 0.0186005108063
38.0 0.0179069191437
39.0 0.0172468070471
40.0 0.0166180346228
41.0 0.016018637093
42.0 0.0154468073884
43.0 0.0149008804321
44.0 0.0143793193275
45.0 0.0138807034876
46.0 0.0134037182837
47.0 0.0129471456636
48.0 0.0125098554994
49.0 0.012090797754
50.0 0.0116889955445
51.0 0.011303538965
52.0 0.0109335794392
53.0 0.0105783245102
54.0 0.010237033138
55.0 0.00990901158021
56.0 0.00959360981465
57.0 0.00929021837072
58.0 0.00899826546324
59.0 0.00871721438717
60.0 0.00844656115738
61.0 0.00818583234543
62.0 0.00793458303826
63.0 0.00769239487011
64.0 0.00745887414713
65.0 0.00723365013914
66.0 0.0070163736117
67.0 0.00680671561712
68.0 0.00660436649637
69.0 0.00640903500846
70.0 0.00622044751364
71.0 0.0060383471707
72.0 0.00586249313879
73.0 0.00569265978411
74.0 0.00552863588992
75.0 0.00537022386804
76.0 0.00521723897465
77.0 0.00506950853258
78.0 0.00492687114611
79.0 0.00478917586703
80.0 0.00465628124816
81.0 0.00452805421867
82.0 0.00440436873556
83.0 0.00428510419924
84.0 0.00417014365433
85.0 0.00405937182441
86.0 0.00395267304929
87.0 0.00384992920662
88.0 0.00375101770255
89.0 0.00365580961051
90.0 0.00356416802488
91.0 0.00347594668583
92.0 0.00339098892974
93.0 0.00330912702545
94.0 0.00323018196469
95.0 0.00315396377645
96.0 0.00308027242311
97.0 0.00300889930961
98.0 0.00293962939946
99.0 0.00287224388854
100.0 0.00280652334542
101.0 0.00274225119092
102.0 0.00267921736297
103.0 0.00261722199826
104.0 0.00255607895993
105.0 0.00249561904956
106.0 0.00243569276207
107.0 0.00237617246884
108.0 0.00231695394832
109.0 0.00225795721785
110.0 0.00219912665638
111.0 0.00214043043975
112.0 0.00208185933999
113.0 0.00202342496517
114.0 0.00196515753796
115.0 0.00190710332686
116.0 0.00184932185365
117.0 0.00179188300221
118.0 0.00173486414651
119.0 0.00167834740056
120.0 0.00162241707265
121.0 0.00156715738296
122.0 0.0015126504806
123.0 0.00145897477583
124.0 0.00140620358627
125.0 0.00135440408377
126.0 0.00130363652059
127.0 0.00125395370926
128.0 0.00120540072963
129.0 0.00115801483738
130.0 0.00111182555016
131.0 0.00106685488851
132.0 0.00102311774875
133.0 0.000980622383838
134.0 0.0009393709658
135.0 0.000899360201576
136.0 0.000860581973472
137.0 0.00082302397686
138.0 0.000786670331666
139.0 0.000751502149906
140.0 0.00071749804836
141.0 0.000684634602124
142.0 0.000652886740395
143.0 0.000622228089748
144.0 0.000592631272144
145.0 0.000564068165289
146.0 0.000536510132153
147.0 0.000509928224992
148.0 0.000484293367602
149.0 0.000459576518124
150.0 0.000435748813623
151.0 0.000412781697089
152.0 0.000390647027321
153.0 0.000369317172344
154.0 0.000348765087471
155.0 0.000328964379548
156.0 0.000309889359276
157.0 0.000291515083493
158.0 0.00027381738884
159.0 0.000256772917499
160.0 0.000240359134636
161.0 0.000224554336388
162.0 0.000209337646699
163.0 0.000194689001563
164.0 0.000180589120109
165.0 0.0001670194634
166.0 0.000153962183564
167.0 0.000141400067318
168.0 0.00012931647888
169.0 0.000117695307344
170.0 0.00010652092269
171.0 9.57781430714e-05
172.0 8.54522140264e-05
173.0 7.55287983346e-05
174.0 6.59939737759e-05
175.0 5.68342352934e-05
176.0 4.80364981275e-05
177.0 3.95880992682e-05
178.0 3.14767957811e-05
179.0 2.36907598656e-05
180.0 1.62185715665e-05
181.0 9.04921063427e-06
182.0 2.17204905502e-06
183.0 -4.42315471039e-06
184.0 -1.07462595123e-05
185.0 -1.68067439038e-05
186.0 -2.26137084022e-05
187.0 -2.81758792536e-05
188.0 -3.35016153356e-05
189.0 -3.85989194822e-05
190.0 -4.34754549219e-05
191.0 -4.81385667928e-05
192.0 -5.25953079715e-05
193.0 -5.68524678405e-05
194.0 -6.09166022019e-05
195.0 -6.47940623817e-05
196.0 -6.84910216896e-05
197.0 -7.20134977606e-05
198.0 -7.53673698634e-05
199.0 -7.85583908941e-05
200.0 -8.15921943648e-05
201.0 -8.4474297129e-05
202.0 -8.7210098776e-05
203.0 -8.9804878564e-05
204.0 -9.22637905008e-05
205.0 -9.45918568346e-05
206.0 -9.67939599269e-05
207.0 -9.88748323685e-05
208.0 -0.000100839045338
209.0 -0.00010269099559
210.0 -0.000104434891984
211.0 -0.000106074743025
212.0 -0.000107614347244
213.0 -0.000109057288317
214.0 -0.000110406936497
215.0 -0.000111666457241
216.0 -0.000112838826929
217.0 -0.000113926854525
218.0 -0.000114933207077
219.0 -0.000115860436324
220.0 -0.000116711003469
221.0 -0.000117487299524
222.0 -0.00011819165934
223.0 -0.00011882636855
224.0 -0.000119393663805
225.0 -0.000119895727801
226.0 -0.000120334681373
227.0 -0.000120712575349
228.0 -0.000121031384712
229.0 -0.000121293007125
230.0 -0.00012149926696
231.0 -0.000121651924977
232.0 -0.000121752692768
233.0 -0.000121803250268
234.0 -0.000121805264185
235.0 -0.000121760405062
236.0 -0.00012167036097
237.0 -0.00012153684637
238.0 -0.000121361605388
239.0 -0.000121146409461
240.0 -0.000120893049944
241.0 -0.000120603326713
242.0 -0.000120279034017
243.0 -0.000119921944891
244.0 -0.000119533795348
245.0 -0.000119116269393
246.0 -0.000118670985749
247.0 -0.000118199487013
248.0 -0.000117703231866
249.0 -0.000117183590839
250.0 -0.000116641846001
251.0 -0.000116079194749
252.0 -0.000115496757615
253.0 -0.000114895589631
254.0 -0.00011427669446
255.0 -0.000113641040109
256.0 -0.000112989574778
257.0 -0.000112323241293
258.0 -0.000111642988601
259.0 -0.000110949779093
260.0 -0.000110244590924
261.0 -0.000109528415069
262.0 -0.000108802247434
263.0 -0.000108067076892
264.0 -0.000107323870566
265.0 -0.000106573557943
266.0 -0.000105817015463
267.0 -0.000105055053091
268.0 -0.000104288404095
269.0 -0.000103517718807
270.0 -0.000102743562671
271.0 -0.000101966418453
272.0 -0.000101186692067
273.0 -0.000100404721215
274.0 -9.96207859054e-05
275.0 -9.88351198872e-05
276.0 -9.80479221437e-05
277.0 -9.7259367758e-05
278.0 -9.64696176778e-05
279.0 -9.56788271225e-05
280.0 -9.48871525726e-05
281.0 -9.40947574294e-05
282.0 -9.33018165362e-05
283.0 -9.25085197998e-05
284.0 -9.17150751525e-05
285.0 -9.09217110571e-05
286.0 -9.01286786973e-05
287.0 -8.93362539116e-05
288.0 -8.85447388456e-05
289.0 -8.77544632157e-05
290.0 -8.69657850067e-05
291.0 -8.61790903818e-05
292.0 -8.53947925619e-05
293.0 -8.46133294511e-05
294.0 -8.38351598277e-05
295.0 -8.30607580068e-05
296.0 -8.22906069818e-05
297.0 -8.15251901713e-05
298.0 -8.07649820215e-05
299.0 -8.00104378253e-05
