10.0 0.473295827421
11.0 0.407699004501
12.0 0.354162523555
13.0 0.309909787797
14.0 0.272925354774
15.0 0.241717048384
16.0 0.215160945837
17.0 0.192394561284
18.0 0.172744547694
19.0 0.155679124098
20.0 0.140775019529
21.0 0.127692457205
22.0 0.11615580664
23.0 0.10593905371
24.0 0.096855271978
25.0 0.0887490017829
26.0 0.0814904093427
27.0 0.0749704882989
28.0 0.0690970913925
29.0 0.0637918059716
30.0 0.0589875684747
31.0 0.0546267805443
32.0 0.0506597434049
33.0 0.0470433555404
34.0 0.0437400725963
35.0 0.0407170968089
36.0 0.0379457154656
37.0 0.0354007131085
38.0 0.0330598459127
39.0 0.0309034152871
40.0 0.0289139517717
41.0 0.0270759605273
42.0 0.0253756706897
43.0 0.0238007843859
44.0 0.02234026656
45.0 0.0209842003691
46.0 0.0197236841276
47.0 0.0185507287132
48.0 0.0174581435914
49.0 0.0164394316377
50.0 0.0154887104356
51.0 0.0146006529036
52.0 0.0137704284858
53.0 0.012993638731
54.0 0.0122662576443
55.0 0.0115845879443
56.0 0.0109452325149
57.0 0.0103450720582
58.0 0.00978124274989
59.0 0.00925111488925
60.0 0.00875227578529
61.0 0.00828251622758
62.0 0.00783981577422
63.0 0.00742232284024
64.0 0.00702833054627
65.0 0.00665625387251
66.0 0.00630461406762
67.0 0.00597203251809
68.0 0.00565723157177
69.0 0.00535903750701
70.0 0.00507638194035
71.0 0.00480830077665
72.0 0.00455393183237
73.0 0.00431251241818
74.0 0.00408337734348
75.0 0.00386595750624
76.0 0.00365977987215
77.0 0.0034644702334
78.0 0.00327975950606
79.0 0.00310549247991
80.0 0.00294163607755
81.0 0.00278828354462
82.0 0.00264565177894
83.0 0.0025140704391
84.0 0.00239396269142
85.0 0.00228581820471
86.0 0.0021901595186
87.0 0.00210750336837
88.0 0.0020383187936
89.0 0.00198298367028
90.0 0.00194174079268
91.0 0.00191465426375
92.0 0.00190156719783
93.0 0.00190206265225
94.0 0.00191543086582
95.0 0.00194064668467
96.0 0.00197636107726
97.0 0.00202090981627
98.0 0.00207234095279
99.0 0.00212846095385
100.0 0.00218689761413
101.0 0.00224517631535
102.0 0.00230080505212
103.0 0.00235136296086
104.0 0.0023945869029
105.0 0.00242845093333
106.0 0.00245123417031
107.0 0.00246157357996
108.0 0.00245849939748
109.0 0.00244145217536
110.0 0.00241028164366
111.0 0.0023652285853
112.0 0.00230689174123
113.0 0.0022361823934
114.0 0.00215426976351
115.0 0.00206252071116
116.0 0.00196243736206
117.0 0.00185559617654
118.0 0.00174359154269
119.0 0.00162798628711
120.0 0.00151027064246
121.0 0.0013918303378
122.0 0.00127392370499
123.0 0.00115766710037
124.0 0.00104402754789
125.0 0.000933821308242
126.0 0.000827717043395
127.0 0.000726242349232
128.0 0.000629792634561
129.0 0.000538641587638
130.0 0.000452952732633
131.0 0.000372791781501
132.0 0.000298139590673
133.0 0.000228905527991
134.0 0.000164940969082
135.0 0.000106052526056
136.0 5.2014524512e-05
137.0 2.58023390815e-06
138.0 -4.25085602915e-05
139.0 -8.35138908997e-05
140.0 -0.000120695893516
141.0 -0.000154308888324
142.0 -0.000184598958685
143.0 -0.000211802650431
144.0 -0.000236146412859
145.0 -0.000257846455668
146.0 -0.000277108780477
147.0 -0.000294129236939
148.0 -0.000309093534272
149.0 -0.000322177199927
150.0 -0.000333545515664
151.0 -0.000343353478646
152.0 -0.00035174583404
153.0 -0.000358857209471
154.0 -0.000364812355138
155.0 -0.000369726463388
156.0 -0.000373705516759
157.0 -0.000376846603065
158.0 -0.000379238146284
159.0 -0.000380960033358
160.0 -0.000382083662734
161.0 -0.000382671987575
162.0 -0.000382779659383
163.0 -0.000382453383319
164.0 -0.000381732568992
165.0 -0.000380650304117
166.0 -0.000379234606491
167.0 -0.000377509841023
168.0 -0.000375498141595
169.0 -0.000373220665405
170.0 -0.000370698533809
171.0 -0.00036795337212
172.0 -0.000365007436791
173.0 -0.000361883393405
174.0 -0.000358603865307
175.0 -0.000355190898488
176.0 -0.000351665479518
177.0 -0.000348047204855
178.0 -0.00034435414372
179.0 -0.000340602878395
180.0 -0.000336808660077
181.0 -0.000332985595361
182.0 -0.000329146781172
183.0 -0.000325304330649
184.0 -0.00032146926979
185.0 -0.000317651323679
186.0 -0.000313858641825
187.0 -0.000310097528721
188.0 -0.000306372246426
189.0 -0.000302684943154
190.0 -0.000299035740049
191.0 -0.000295422982507
192.0 -0.000291843637229
193.0 -0.000288293794959
194.0 -0.000284769224336
195.0 -0.000281265916117
196.0 -0.000277780560255
197.0 -0.000274310910764
198.0 -0.000270856012989
199.0 -0.000267416291262
200.0 -0.000263993516947
201.0 -0.000260590692425
202.0 -0.000257211891773
203.0 -0.000253862092568
204.0 -0.000250547017438
205.0 -0.000247272983595
206.0 -0.000244046740284
207.0 -0.000240875263974
208.0 -0.000237765483381
209.0 -0.000234723921377
210.0 -0.000231756265296
211.0 -0.000228866904649
212.0 -0.000226058498118
213.0 -0.000223331642976
214.0 -0.000220684715409
215.0 -0.00021811392918
216.0 -0.000215613626133
217.0 -0.000213176772147
218.0 -0.000210795594432
219.0 -0.000208462268913
220.0 -0.000206169555409
221.0 -0.000203911286228
222.0 -0.000201682638942
223.0 -0.000199480161944
224.0 -0.000197301564361
225.0 -0.000195145322178
226.0 -0.000193010182432
227.0 -0.000190894662017
228.0 -0.000188796634683
229.0 -0.000186713080557
230.0 -0.000184640040924
231.0 -0.000182572783639
232.0 -0.000180506148187
233.0 -0.000178435010855
234.0 -0.000176354794179
235.0 -0.000174261942881
236.0 -0.000172154299894
237.0 -0.000170031337308
238.0 -0.000167894223052
239.0 -0.000165745729298
240.0 -0.000163590008461
241.0 -0.000161432274363
242.0 -0.000159278429188
243.0 -0.00015713467285
244.0 -0.000155007123194
245.0 -0.000152901466508
246.0 -0.000150822650845
247.0 -0.00014877463116
248.0 -0.000146760175184
249.0 -0.000144780740857
250.0 -0.000142836437791
251.0 -0.000140926084515
252.0 -0.000139047368606
253.0 -0.000137197107978
254.0 -0.000135371599697
255.0 -0.000133567029665
256.0 -0.000131779905158
257.0 -0.000130007465021
258.0 -0.000128248021194
259.0 -0.000126501190901
260.0 -0.000124767990825
261.0 -0.000123050781093
262.0 -0.000121353065453
263.0 -0.000119679171723
264.0 -0.000118033850701
265.0 -0.000116421840273
266.0 -0.000114847443311
267.0 -0.000113314163312
268.0 -0.000111824431537
269.0 -0.000110379445712
270.0 -0.000108979125382
271.0 -0.00010762217498
272.0 -0.000106306234621
273.0 -0.000105028091615
274.0 -0.000103783923207
275.0 -0.000102569542783
276.0 -0.000101380626678
277.0 -0.000100212905669
278.0 -9.90623127141e-05
279.0 -9.79250855431e-05
280.0 -9.67978283053e-05
281.0 -9.56775403311e-05
282.0 -9.45616220656e-05
283.0 -9.34478685758e-05
284.0 -9.23344600914e-05
285.0 -9.12199571928e-05
286.0 -9.01033058511e-05
287.0 -8.89838548412e-05
288.0 -8.78613852965e-05
289.0 -8.67361495572e-05
290.0 -8.56089141667e-05
291.0 -8.44810000972e-05
292.0 -8.33543122448e-05
293.0 -8.22313500797e-05
294.0 -8.11151921738e-05
295.0 -8.00094491063e-05
296.0 -7.89181818361e-05
297.0 -7.78457857431e-05
298.0 -7.67968438327e-05
299.0 -7.57759557012e-05
