10.0 0.474743785872
11.0 0.409023964188
12.0 0.355340762519
13.0 0.310928070209
14.0 0.273780050842
15.0 0.242412512054
16.0 0.215707550153
17.0 0.192806712004
18.0 0.173038894159
19.0 0.155873088181
20.0 0.140885683917
21.0 0.12773579882
22.0 0.116146228623
23.0 0.105889155458
24.0 0.0967757954642
25.0 0.0886488986622
26.0 0.0813769831152
27.0 0.0748495763799
28.0 0.0689732617895
29.0 0.0636685516063
30.0 0.0588674887597
31.0 0.054511744682
32.0 0.0505510332221
33.0 0.0469417877943
34.0 0.0436461018988
35.0 0.0406309009103
36.0 0.0378672648589
37.0 0.0353298269504
38.0 0.0329962362067
39.0 0.0308467211926
40.0 0.0288637657971
41.0 0.0270318482168
42.0 0.0253371852289
43.0 0.0237674773175
44.0 0.0223116955595
45.0 0.02095993479
46.0 0.0197033088315
47.0 0.0185338465585
48.0 0.0174443768694
49.0 0.0164284227107
50.0 0.0154801218173
51.0 0.0145941670169
52.0 0.0137657473142
53.0 0.0129904835484
54.0 0.0122643689595
55.0 0.0115837257521
56.0 0.0109451769069
57.0 0.010345624228
58.0 0.00978222643008
59.0 0.00925237827248
60.0 0.0087536940066
61.0 0.00828399450096
62.0 0.00784129327978
63.0 0.00742377744001
64.0 0.00702978436786
65.0 0.00665777974222
66.0 0.00630634270268
67.0 0.00597416030451
68.0 0.00566002866073
69.0 0.0053628558569
70.0 0.00508166281055
71.0 0.00481558104093
72.0 0.00456384832579
73.0 0.0043258033708
74.0 0.00410087980244
75.0 0.00388859952964
76.0 0.00368856622504
77.0 0.00350046036215
78.0 0.00332403674831
79.0 0.003159123811
80.0 0.00300562222047
81.0 0.00286349997918
82.0 0.00273278205764
83.0 0.00261353420511
84.0 0.00250584182568
85.0 0.00240978550563
86.0 0.00232541512367
87.0 0.00225272463627
88.0 0.00219162946222
89.0 0.0021419476949
90.0 0.00210338529735
91.0 0.00207552451048
92.0 0.0020578144595
93.0 0.00204956350077
94.0 0.00204993384881
95.0 0.00205793989501
96.0 0.00207245197124
97.0 0.00209220704361
98.0 0.00211582712132
99.0 0.0021418452874
100.0 0.00216873841295
101.0 0.00219496493624
102.0 0.00221900564311
103.0 0.00223940518871
104.0 0.00225481213024
105.0 0.00226401544413
106.0 0.00226597583279
107.0 0.00225985054378
108.0 0.00224501088278
109.0 0.00222105204256
110.0 0.00218779523656
111.0 0.00214528239437
112.0 0.00209376388101
113.0 0.00203367991038
114.0 0.0019656365908
115.0 0.00189037786211
116.0 0.00180875488247
117.0 0.00172169459346
118.0 0.00163016915254
119.0 0.00153516766361
120.0 0.0014376712223
121.0 0.00133863182477
122.0 0.00123895526414
123.0 0.00113948781458
124.0 0.00104100629824
125.0 0.000944211033345
126.0 0.000849721159567
127.0 0.000758071909881
128.0 0.000669713529481
129.0 0.000585011698637
130.0 0.000504249455646
131.0 0.000427630692526
132.0 0.000355285279356
133.0 0.000287275760944
134.0 0.000223605391984
135.0 0.000164227088049
136.0 0.000109052729272
137.0 5.79622067029e-05
138.0 1.08116639626e-05
139.0 -3.25594576579e-05
140.0 -7.23227563351e-05
141.0 -0.000108656569069
142.0 -0.000141742852141
143.0 -0.000171764969798
144.0 -0.000198906098319
145.0 -0.000223347989016
146.0 -0.000245269902446
147.0 -0.000264847603471
148.0 -0.000282252375516
149.0 -0.000297650063283
150.0 -0.000311200183686
151.0 -0.00032305515592
152.0 -0.000333359695968
153.0 -0.000342250401514
154.0 -0.00034985552476
155.0 -0.000356294899464
156.0 -0.000361679963345
157.0 -0.000366113806517
158.0 -0.000369691187095
159.0 -0.000372498486942
160.0 -0.000374613626707
161.0 -0.000376106007003
162.0 -0.000377036575924
163.0 -0.000377458129198
164.0 -0.000377415922374
165.0 -0.000376948618618
166.0 -0.000376089524405
167.0 -0.000374867997215
168.0 -0.00037331086303
169.0 -0.000371443669751
170.0 -0.000369291629527
171.0 -0.000366880161775
172.0 -0.000364235024895
173.0 -0.000361382099917
174.0 -0.000358346945831
175.0 -0.000355154272234
176.0 -0.000351827466176
177.0 -0.000348388271672
178.0 -0.000344856664233
179.0 -0.000341250904501
180.0 -0.000337587709309
181.0 -0.000333882455403
182.0 -0.000330149333745
183.0 -0.000326401396814
184.0 -0.000322650478479
185.0 -0.000318907004777
186.0 -0.000315179744422
187.0 -0.000311475564214
188.0 -0.000307799255054
189.0 -0.000304153481347
190.0 -0.000300538884796
191.0 -0.000296954347884
192.0 -0.000293397397379
193.0 -0.000289864707356
194.0 -0.000286352647056
195.0 -0.000282857813249
196.0 -0.000279377490444
197.0 -0.000275909995162
198.0 -0.000272454880579
199.0 -0.000269013001405
200.0 -0.000265586461054
201.0 -0.000262178478609
202.0 -0.000258793218134
203.0 -0.000255435616149
204.0 -0.000252111226833
205.0 -0.000248826083524
206.0 -0.000245586556148
207.0 -0.000242399173507
208.0 -0.000239270380998
209.0 -0.000236206218859
210.0 -0.000233211930166
211.0 -0.000230291535149
212.0 -0.0002274474313
213.0 -0.000224680090273
214.0 -0.000221987918274
215.0 -0.000219367326164
216.0 -0.000216813022188
217.0 -0.000214318500922
218.0 -0.000211876665057
219.0 -0.000209480489888
220.0 -0.000207123629842
221.0 -0.000204800874491
222.0 -0.000202508386779
223.0 -0.000200243693904
224.0 -0.000198005444152
225.0 -0.000195792982893
226.0 -0.000193605830665
227.0 -0.000191443160532
228.0 -0.000189303368645
229.0 -0.000187183812328
230.0 -0.000185080758267
231.0 -0.000182989545768
232.0 -0.000180904933728
233.0 -0.000178821571301
234.0 -0.000176734516071
235.0 -0.000174639721581
236.0 -0.00017253442757
237.0 -0.000170417407546
238.0 -0.000168289054297
239.0 -0.000166151309173
240.0 -0.000164007460721
241.0 -0.000161861849927
242.0 -0.000159719522231
243.0 -0.000157585862334
244.0 -0.000155466239512
245.0 -0.000153365682068
246.0 -0.000151288592486
247.0 -0.000149238511335
248.0 -0.000147217937913
249.0 -0.000145228217571
250.0 -0.000143269507528
251.0 -0.000141340832437
252.0 -0.000139440236616
253.0 -0.00013756503138
254.0 -0.000135712124275
255.0 -0.000133878404389
256.0 -0.000132061146812
257.0 -0.00013025839239
258.0 -0.00012846925792
259.0 -0.000126694137676
260.0 -0.000124934769056
261.0 -0.000123194151535
262.0 -0.000121476326378
263.0 -0.000119786042006
264.0 -0.000118128343606
265.0 -0.00011650813381
266.0 -0.000114929752752
267.0 -0.000113396620843
268.0 -0.000111910977211
269.0 -0.000110473732867
270.0 -0.000109084442599
271.0 -0.0001077413856
272.0 -0.000106441733839
273.0 -0.000105181780304
274.0 -0.000103957196977
275.0 -0.000102763294278
276.0 -0.00010159525889
277.0 -0.000100448353949
278.0 -9.93180733227e-05
279.0 -9.82002487795e-05
280.0 -9.70911146326e-05
281.0 -9.59873382878e-05
282.0 -9.48860271539e-05
283.0 -9.37847226763e-05
284.0 -9.268139125e-05
285.0 -9.15744198339e-05
286.0 -9.04626215814e-05
287.0 -8.93452540135e-05
288.0 -8.82220494196e-05
289.0 -8.70932544795e-05
290.0 -8.59596737454e-05
291.0 -8.48227098326e-05
292.0 -8.36843921263e-05
293.0 -8.25473856962e-05
294.0 -8.14149730002e-05
295.0 -8.02910028173e-05
296.0 -7.91798035233e-05
297.0 -7.80860610255e-05
298.0 -7.70146650486e-05
299.0 -7.59705306374e-05
