10.0 0.417177042975
11.0 0.359423447641
12.0 0.312248672694
13.0 0.273221558719
14.0 0.240579111031
15.0 0.213016791267
16.0 0.189551992606
17.0 0.169430151308
18.0 0.152061383958
19.0 0.136978958008
20.0 0.123810554368
21.0 0.112256582167
22.0 0.102073432974
23.0 0.0930609158276
24.0 0.0850531546414
25.0 0.0779119927967
26.0 0.0715219225354
27.0 0.0657859003099
28.0 0.0606218701388
29.0 0.0559600142695
30.0 0.0517406446799
31.0 0.0479125309905
32.0 0.0444315064755
33.0 0.0412593056415
34.0 0.0383626334159
35.0 0.0357124376706
36.0 0.0332833144834
37.0 0.0310529799671
38.0 0.0290017984307
39.0 0.0271123993481
40.0 0.0253693927624
41.0 0.023759140193
42.0 0.0222695301445
43.0 0.020889754325
44.0 0.0196101205255
45.0 0.0184219237172
46.0 0.0173173540855
47.0 0.0162894057752
48.0 0.0153317758656
49.0 0.0144387712836
50.0 0.0136052391823
51.0 0.0128265145011
52.0 0.0120983682013
53.0 0.0114169507239
54.0 0.0107787397547
55.0 0.0101805020424
56.0 0.00961926861264
57.0 0.009092315458
58.0 0.00859714425909
59.0 0.00813146402339
60.0 0.00769317651201
61.0 0.00728036489782
62.0 0.00689128146866
63.0 0.00652433083149
64.0 0.00617804942899
65.0 0.00585108619403
66.0 0.005542189511
67.0 0.00525020235288
68.0 0.00497406331335
69.0 0.00471280921904
70.0 0.00446557596194
71.0 0.00423159664661
72.0 0.0040101979134
73.0 0.00380079542843
74.0 0.00360288881258
75.0 0.00341605604623
76.0 0.00323994800257
77.0 0.00307428436169
78.0 0.00291885171677
79.0 0.00277350320199
80.0 0.00263815749622
81.0 0.00251279465724
82.0 0.00239744707418
83.0 0.00229218518882
84.0 0.00219709874873
85.0 0.00211227497284
86.0 0.00203777532154
87.0 0.00197361271593
88.0 0.00191973091359
89.0 0.00187598715008
90.0 0.00184213822292
91.0 0.00181782939188
92.0 0.00180258526055
93.0 0.00179580229665
94.0 0.00179674352294
95.0 0.0018045366704
96.0 0.00181817737368
97.0 0.00183653873798
98.0 0.00185838797271
99.0 0.00188240999564
100.0 0.001907237149
101.0 0.0019314835543
102.0 0.00195378222701
103.0 0.00197282289192
104.0 0.00198738846145
105.0 0.0019963883221
106.0 0.00199888687286
107.0 0.00199412613969
108.0 0.00198154170933
109.0 0.00196077163141
110.0 0.00193165827795
111.0 0.00189424340382
112.0 0.0018487568458
113.0 0.00179559949328
114.0 0.00173532140629
115.0 0.0016685962426
116.0 0.00159619341754
117.0 0.00151894956595
118.0 0.00143774083376
119.0 0.00135345729088
120.0 0.00126698038324
121.0 0.0011791639201
122.0 0.00109081871022
123.0 0.00100270066714
124.0 0.000915502016372
125.0 0.000829845147846
126.0 0.00074627865062
127.0 0.000665275130445
128.0 0.000587230525435
129.0 0.000512464773977
130.0 0.000441223813378
131.0 0.000373682957725
132.0 0.000309951691744
133.0 0.000250079821956
134.0 0.000194064773381
135.0 0.000141859656815
136.0 9.33816105338e-05
137.0 4.85198809711e-05
138.0 7.14316342562e-06
139.0 -3.08941385125e-05
140.0 -6.57468942526e-05
141.0 -9.75754466104e-05
142.0 -0.000126542868105
143.0 -0.000152813029463
144.0 -0.000176549219394
145.0 -0.00019791308713
146.0 -0.000217063740036
147.0 -0.000234156897089
148.0 -0.000249344059835
149.0 -0.000262771707593
150.0 -0.000274580550863
151.0 -0.000284904887009
152.0 -0.000293872097598
153.0 -0.000301602310016
154.0 -0.000308208221116
155.0 -0.000313795053376
156.0 -0.000318460591979
157.0 -0.000322295242113
158.0 -0.000325382055019
159.0 -0.000327796699257
160.0 -0.000329607394328
161.0 -0.000330874865632
162.0 -0.000331652409066
163.0 -0.000331986158919
164.0 -0.000331915629024
165.0 -0.000331474548076
166.0 -0.000330691947331
167.0 -0.000329593398971
168.0 -0.000328202262674
169.0 -0.000326540787682
170.0 -0.000324630941234
171.0 -0.000322494885858
172.0 -0.000320155095068
173.0 -0.000317634163024
174.0 -0.000314954413444
175.0 -0.000312137435768
176.0 -0.000309203668874
177.0 -0.000306172118885
178.0 -0.000303060248313
179.0 -0.00029988402252
180.0 -0.000296658059322
181.0 -0.000293395807233
182.0 -0.000290109680221
183.0 -0.000286811098383
184.0 -0.000283510416615
185.0 -0.000280216757386
186.0 -0.000276937790591
187.0 -0.000273679517747
188.0 -0.000270446118329
189.0 -0.000267239904674
190.0 -0.000264061412688
191.0 -0.000260909633075
192.0 -0.000257782365786
193.0 -0.000254676662097
194.0 -0.000251589306274
195.0 -0.00024851728374
196.0 -0.000245458185956
197.0 -0.000242410513482
198.0 -0.000239373856341
199.0 -0.000236348951528
200.0 -0.000233337636992
201.0 -0.000230342735006
202.0 -0.000227367902269
203.0 -0.000224417478215
204.0 -0.000221496348675
205.0 -0.000218609823655
206.0 -0.00021576351134
207.0 -0.000212963161043
208.0 -0.00021021444928
209.0 -0.000207522695937
210.0 -0.000204892518671
211.0 -0.000202327457773
212.0 -0.000199829623812
213.0 -0.00019739943049
214.0 -0.00019503547142
215.0 -0.000192734581424
216.0 -0.000190492093758
217.0 -0.000188302270042
218.0 -0.000186158847177
219.0 -0.000184055622007
220.0 -0.000181986985233
221.0 -0.000179948323168
222.0 -0.000177936228188
223.0 -0.000175948491827
224.0 -0.00017398389217
225.0 -0.000172041822258
226.0 -0.00017012183234
227.0 -0.000168223171367
228.0 -0.000166344410252
229.0 -0.000164483212192
230.0 -0.000162636287473
231.0 -0.000160799537118
232.0 -0.000158968357822
233.0 -0.00015713805545
234.0 -0.000155304300115
235.0 -0.000153463554203
236.0 -0.000151613414759
237.0 -0.000149752830384
238.0 -0.000147882175607
239.0 -0.000146003187874
240.0 -0.000144118789665
241.0 -0.000142232828495
242.0 -0.000140349770117
243.0 -0.000138474376632
244.0 -0.000136611393864
245.0 -0.000134765264423
246.0 -0.000132939876647
247.0 -0.000131138356511
248.0 -0.000129362909567
249.0 -0.000127614721664
250.0 -0.000125893928835
251.0 -0.000124199666269
252.0 -0.000122530202434
253.0 -0.000120883156961
254.0 -0.00011925579068
255.0 -0.000117645345077
256.0 -0.000116049398683
257.0 -0.00011446620182
258.0 -0.000112894950225
259.0 -0.000111335963159
260.0 -0.000109790742029
261.0 -0.000108261899983
262.0 -0.000106752969014
263.0 -0.000105268106391
264.0 -0.000103811734371
265.0 -0.000102388154285
266.0 -0.000101001177503
267.0 -9.96538113477e-05
268.0 -9.83480289591e-05
269.0 -9.70846398618e-05
270.0 -9.58632647947e-05
271.0 -9.46824060474e-05
272.0 -9.35395948747e-05
273.0 -9.24315915328e-05
274.0 -9.13546114574e-05
275.0 -9.0304552774e-05
276.0 -8.92772048515e-05
277.0 -8.82684238436e-05
278.0 -8.7274267929e-05
279.0 -8.629109122e-05
280.0 -8.53156003412e-05
281.0 -8.43448810959e-05
282.0 -8.33764043978e-05
283.0 -8.24080209199e-05
284.0 -8.14379530269e-05
285.0 -8.04647908621e-05
286.0 -7.94874972543e-05
287.0 -7.8505423665e-05
288.0 -7.75183368994e-05
289.0 -7.65264539394e-05
290.0 -7.5530480191e-05
291.0 -7.45316448644e-05
292.0 -7.35317262885e-05
293.0 -7.25330598628e-05
294.0 -7.1538522125e-05
295.0 -7.05514860499e-05
296.0 -6.95757450401e-05
297.0 -6.86154058801e-05
298.0 -6.76747538962e-05
299.0 -6.67580963455e-05
