10.0 0.475799311908
11.0 0.40999089092
12.0 0.3562135496
13.0 0.311703480353
14.0 0.274457214649
15.0 0.242992833882
16.0 0.216194483717
17.0 0.193205442161
18.0 0.173355963345
19.0 0.156116003407
20.0 0.141062534488
21.0 0.1278549076
22.0 0.11621585197
23.0 0.105917239803
24.0 0.0967697925329
25.0 0.088615636804
26.0 0.081322589062
27.0 0.0747794399721
28.0 0.0688920354513
29.0 0.0635801764146
30.0 0.0587752395617
31.0 0.0544182876528
32.0 0.0504584903486
33.0 0.046851803889
34.0 0.0435599108037
35.0 0.040549388494
36.0 0.0377910272131
37.0 0.0352592228506
38.0 0.0329314334154
39.0 0.0307877365756
40.0 0.0288104994961
41.0 0.0269841123119
42.0 0.025294727427
43.0 0.023730000261
44.0 0.0222788723522
45.0 0.0209314213214
46.0 0.0196787534383
47.0 0.0185128975142
48.0 0.0174266881397
49.0 0.0164136583593
50.0 0.0154679593964
51.0 0.0145843002305
52.0 0.0137578882015
53.0 0.0129843643956
54.0 0.0122597441172
55.0 0.0115803735039
56.0 0.0109429015099
57.0 0.0103442582205
58.0 0.00978163327576
59.0 0.0092524553883
60.0 0.0087543761892
61.0 0.00828525773734
62.0 0.00784315888798
63.0 0.00742631644189
64.0 0.00703312194467
65.0 0.00666209956626
66.0 0.00631189087638
67.0 0.00598124857363
68.0 0.00566903650456
69.0 0.00537423100024
70.0 0.005095919655
71.0 0.00483329648388
72.0 0.00458565443174
73.0 0.00435237639011
74.0 0.00413292510411
75.0 0.00392683213591
76.0 0.00373368680963
77.0 0.00355312680394
78.0 0.00338483161396
79.0 0.0032285184662
80.0 0.00308393862483
81.0 0.00295087158353
82.0 0.00282911556813
83.0 0.00271847427439
84.0 0.00261874094439
85.0 0.00252968146411
86.0 0.0024510183647
87.0 0.00238241760413
88.0 0.00232347965965
89.0 0.00227373559209
90.0 0.0022326475149
91.0 0.0021996118564
92.0 0.00217396349013
93.0 0.00215497935842
94.0 0.00214188127423
95.0 0.00213383859176
96.0 0.0021299719755
97.0 0.00212935948052
98.0 0.00213104574245
99.0 0.0021340544965
100.0 0.00213740408722
101.0 0.00214012520359
102.0 0.00214127982457
103.0 0.00213998028772
104.0 0.00213540746238
105.0 0.00212682716775
106.0 0.00211360418116
107.0 0.00209521340455
108.0 0.00207124796907
109.0 0.00204142422165
110.0 0.00200558361878
111.0 0.00196369155039
112.0 0.00191583308386
113.0 0.00186220563615
114.0 0.00180310871855
115.0 0.00173893114962
116.0 0.00167013642244
117.0 0.00159724712923
118.0 0.00152082939933
119.0 0.00144147817539
120.0 0.00135980388604
121.0 0.00127642076241
122.0 0.00119193677463
123.0 0.00110694498143
124.0 0.0010220160019
125.0 0.000937691318474
126.0 0.000854477187185
127.0 0.000772839047754
128.0 0.000693196475361
129.0 0.000615918868956
130.0 0.000541322189276
131.0 0.000469667102342
132.0 0.000401158824954
133.0 0.000335948809505
134.0 0.000274138180146
135.0 0.000215782597654
136.0 0.000160898048261
137.0 0.000109466968723
138.0 6.14441529318e-05
139.0 1.67620177067e-05
140.0 -2.46650050565e-05
141.0 -6.293698796e-05
142.0 -9.81658221668e-05
143.0 -0.000130473118583
144.0 -0.000159988467098
145.0 -0.000186847857091
146.0 -0.000211192125294
147.0 -0.000233165367712
148.0 -0.000252913313809
149.0 -0.000270581704929
150.0 -0.00028631474263
151.0 -0.00030025367763
152.0 -0.000312535598895
153.0 -0.000323292458493
154.0 -0.000332650335423
155.0 -0.000340728907361
156.0 -0.000347641071651
157.0 -0.000353492644581
158.0 -0.000358382077167
159.0 -0.000362400156633
160.0 -0.000365629708473
161.0 -0.000368145361424
162.0 -0.000370013471064
163.0 -0.000371292303968
164.0 -0.00037203255773
165.0 -0.0003722782367
166.0 -0.000372067832349
167.0 -0.000371435689444
168.0 -0.000370413393271
169.0 -0.000369031001915
170.0 -0.000367317974789
171.0 -0.000365303707752
172.0 -0.000363017661699
173.0 -0.000360489146936
174.0 -0.000357746882427
175.0 -0.000354818475031
176.0 -0.000351729955215
177.0 -0.000348505467433
178.0 -0.000345167157285
179.0 -0.000341735239325
180.0 -0.000338228183644
181.0 -0.000334662936225
182.0 -0.000331055090731
183.0 -0.000327418953798
184.0 -0.000323767483053
185.0 -0.000320112115739
186.0 -0.000316462536319
187.0 -0.000312826447727
188.0 -0.000309209411505
189.0 -0.000305614809168
190.0 -0.000302043955438
191.0 -0.000298496368395
192.0 -0.000294970176775
193.0 -0.00029146262395
194.0 -0.000287970614148
195.0 -0.000284491240966
196.0 -0.00028102224208
197.0 -0.000277562337055
198.0 -0.000274111425321
199.0 -0.000270670645026
200.0 -0.000267242315581
201.0 -0.000263829802155
202.0 -0.000260437345241
203.0 -0.000257069891543
204.0 -0.00025373294592
205.0 -0.000250432442942
206.0 -0.000247174617375
207.0 -0.000243965842038
208.0 -0.00024081240286
209.0 -0.000237720195384
210.0 -0.000234694350964
211.0 -0.00023173882822
212.0 -0.000228856028284
213.0 -0.000226046503938
214.0 -0.000223308828687
215.0 -0.000220639671439
216.0 -0.000218034089467
217.0 -0.000215486013211
218.0 -0.000212988859726
219.0 -0.000210536185085
220.0 -0.000208122275663
221.0 -0.00020574258648
222.0 -0.000203393960146
223.0 -0.000201074597713
224.0 -0.000198783795552
225.0 -0.000196521502263
226.0 -0.000194287779211
227.0 -0.000192082262492
228.0 -0.000189903720681
229.0 -0.000187749783043
230.0 -0.000185616880977
231.0 -0.000183500407782
232.0 -0.000181395065367
233.0 -0.000179295337827
234.0 -0.000177196015532
235.0 -0.000175092691373
236.0 -0.000172982162252
237.0 -0.000170862690136
238.0 -0.000168734102933
239.0 -0.0001665977406
240.0 -0.000164456271662
241.0 -0.000162313416892
242.0 -0.000160173619815
243.0 -0.000158041699519
244.0 -0.000155922512925
245.0 -0.000153820644595
246.0 -0.000151740135124
247.0 -0.000149684255662
248.0 -0.000147655336147
249.0 -0.000145654656885
250.0 -0.000143682415057
251.0 -0.000141737777377
252.0 -0.000139819025867
253.0 -0.000137923795436
254.0 -0.00013604939043
255.0 -0.000134193154827
256.0 -0.000132352859794
257.0 -0.00013052706541
258.0 -0.000128715412462
259.0 -0.000126918805955
260.0 -0.000125139463814
261.0 -0.000123380820612
262.0 -0.000121647294318
263.0 -0.000119943941348
264.0 -0.000118276038784
265.0 -0.000116648640685
266.0 -0.000115066156773
267.0 -0.000113531996642
268.0 -0.000112048312168
269.0 -0.000110615856792
270.0 -0.000109233965236
271.0 -0.000107900643208
272.0 -0.000106612745619
273.0 -0.000105366215022
274.0 -0.000104156349715
275.0 -0.000102978072949
276.0 -0.00010182617986
277.0 -0.000100695545971
278.0 -9.95812888329e-05
279.0 -9.84788816105e-05
280.0 -9.73842231666e-05
281.0 -9.62936731495e-05
282.0 -9.52040626042e-05
283.0 -9.41126909551e-05
284.0 -9.30173192e-05
285.0 -9.19161672061e-05
286.0 -9.08079204775e-05
287.0 -8.96917489494e-05
288.0 -8.85673375082e-05
289.0 -8.74349252186e-05
290.0 -8.62953478804e-05
291.0 -8.51500767384e-05
292.0 -8.40012451316e-05
293.0 -8.28516547655e-05
294.0 -8.17047541961e-05
295.0 -8.05645840007e-05
296.0 -7.94356858063e-05
297.0 -7.83229755775e-05
298.0 -7.72315849672e-05
299.0 -7.61666777229e-05
