10.0 0.471097628867
11.0 0.408406191195
12.0 0.356323842244
13.0 0.312702126605
14.0 0.275889841899
15.0 0.244606006387
16.0 0.217847823935
17.0 0.194822747355
18.0 0.174898631733
19.0 0.157567361522
20.0 0.142417785753
21.0 0.129114993969
22.0 0.117384251774
23.0 0.106998610212
24.0 0.0977694258424
25.0 0.0895390792086
26.0 0.0821752634001
27.0 0.0755663951281
28.0 0.0696178987277
29.0 0.064249220667
30.0 0.0593914420802
31.0 0.0549853506035
32.0 0.0509798614415
33.0 0.0473307207149
34.0 0.0439994476843
35.0 0.0409524725395
36.0 0.038160421943
37.0 0.0355975135074
38.0 0.0332410414365
39.0 0.03107094921
40.0 0.0290694795172
41.0 0.02722087938
42.0 0.0255111397297
43.0 0.0239277642363
44.0 0.0224595737159
45.0 0.0210965479949
46.0 0.0198296952876
47.0 0.0186509358034
48.0 0.0175529942928
49.0 0.0165293045443
50.0 0.0155739285515
51.0 0.0146814874111
52.0 0.013847098651
53.0 0.0130663181142
54.0 0.012335088711
55.0 0.0116496984744
56.0 0.0110067472666
57.0 0.0104031192464
58.0 0.00983595875134
59.0 0.00930264897229
60.0 0.00880079336732
61.0 0.00832819890194
62.0 0.00788285944535
63.0 0.00746293828579
64.0 0.00706675044938
65.0 0.00669274690837
66.0 0.00633950272854
67.0 0.00600570980694
68.0 0.00569017315177
69.0 0.00539180876186
70.0 0.00510964141791
71.0 0.00484280159514
72.0 0.0045905214775
73.0 0.00435213032736
74.0 0.00412704943108
75.0 0.0039147868651
76.0 0.00371493248441
77.0 0.00352715355598
78.0 0.00335119107746
79.0 0.00318685612554
80.0 0.00303402498038
81.0 0.00289263165749
82.0 0.00276265690207
83.0 0.00264411340797
84.0 0.00253702770487
85.0 0.00244141965185
86.0 0.00235728076951
87.0 0.00228455274055
88.0 0.00222310728128
89.0 0.00217272823333
90.0 0.00213309626425
91.0 0.00210377621097
92.0 0.00208420703126
93.0 0.00207369456707
94.0 0.00207140771826
95.0 0.00207637894929
96.0 0.00208751013264
97.0 0.0021035845189
98.0 0.0021232851737
99.0 0.00214521964796
100.0 0.00216795006656
101.0 0.00219002732217
102.0 0.00221002770501
103.0 0.00222659011238
104.0 0.0022384519614
105.0 0.00224448205542
106.0 0.00224370889699
107.0 0.0022353432658
108.0 0.00221879424863
109.0 0.00219367828202
110.0 0.00215982111394
111.0 0.00211725289433
112.0 0.00206619687161
113.0 0.00200705242151
114.0 0.00194037337558
115.0 0.00186684283567
116.0 0.0017872458225
117.0 0.00170244116669
118.0 0.00161333398174
119.0 0.00152084986331
120.0 0.00142591167376
121.0 0.00132941944685
122.0 0.00123223363983
123.0 0.00113516170458
124.0 0.00103894776803
125.0 0.000944265105806
126.0 0.000851711058369
127.0 0.000761804061836
128.0 0.000674982528556
129.0 0.000591605392158
130.0 0.000511954200543
131.0 0.000436236674626
132.0 0.000364591636244
133.0 0.000297095147158
134.0 0.000233767609937
135.0 0.000174581489192
136.0 0.000119469248371
137.0 6.83310854665e-05
138.0 2.10420981558e-05
139.0 -2.25413940131e-05
140.0 -6.25765171282e-05
141.0 -9.92295196735e-05
142.0 -0.000132672373083
143.0 -0.000163080142758
144.0 -0.000190628949219
145.0 -0.000215494347221
146.0 -0.000237849982368
147.0 -0.000257866427327
148.0 -0.000275710142248
149.0 -0.000291542539054
150.0 -0.000305519153195
151.0 -0.000317788938148
152.0 -0.000328493698287
153.0 -0.000337767667059
154.0 -0.000345737223192
155.0 -0.000352520722572
156.0 -0.00035822841261
157.0 -0.000362962393794
158.0 -0.000366816602142
159.0 -0.000369876805485
160.0 -0.000372220631303
161.0 -0.000373917666996
162.0 -0.000375029686988
163.0 -0.000375611058892
164.0 -0.000375709361223
165.0 -0.000375366211054
166.0 -0.000374618259331
167.0 -0.000373498274521
168.0 -0.000372036211769
169.0 -0.000370260161216
170.0 -0.000368197087211
171.0 -0.000365873305823
172.0 -0.000363314693047
173.0 -0.000360546660032
174.0 -0.00035759396491
175.0 -0.000354480446507
176.0 -0.000351228761495
177.0 -0.000347860185939
178.0 -0.000344394511398
179.0 -0.000340850033244
180.0 -0.000337243602782
181.0 -0.000333590700712
182.0 -0.000329905489467
183.0 -0.000326200814167
184.0 -0.000322488141615
185.0 -0.000318777448054
186.0 -0.000315077083863
187.0 -0.00031139365324
188.0 -0.000307731947902
189.0 -0.000304094966553
190.0 -0.000300484038772
191.0 -0.000296899055758
192.0 -0.000293338794134
193.0 -0.000289801305336
194.0 -0.000286284333767
195.0 -0.000282785723458
196.0 -0.000279303775662
197.0 -0.000275837528226
198.0 -0.00027238694026
199.0 -0.00026895297991
200.0 -0.000265537626128
201.0 -0.000262143804329
202.0 -0.000258775278815
203.0 -0.000255436521584
204.0 -0.000252132568901
205.0 -0.000248868866799
206.0 -0.000245651097913
207.0 -0.000242484978042
208.0 -0.000239376013379
209.0 -0.000236329218536
210.0 -0.000233348809002
211.0 -0.000230437896103
212.0 -0.000227598223475
213.0 -0.000224829987911
214.0 -0.000222131782084
215.0 -0.000219500682115
216.0 -0.000216932481573
217.0 -0.000214422049402
218.0 -0.00021196376732
219.0 -0.00020955198709
220.0 -0.0002071814431
221.0 -0.000204847562144
222.0 -0.000202546629148
223.0 -0.000200275791865
224.0 -0.00019803291466
225.0 -0.000195816316563
226.0 -0.000193624447199
227.0 -0.000191455562986
228.0 -0.00018930746364
229.0 -0.000187177336591
230.0 -0.000185061736767
231.0 -0.000182956705446
232.0 -0.000180858008726
233.0 -0.000178761457772
234.0 -0.000176663262069
235.0 -0.000174560364897
236.0 -0.000172450716448
237.0 -0.000170333452585
238.0 -0.000168208963148
239.0 -0.000166078849657
240.0 -0.00016394578565
241.0 -0.00016181330172
242.0 -0.000159685521321
243.0 -0.000157566872999
244.0 -0.000155461801511
245.0 -0.000153374495963
246.0 -0.000151308649111
247.0 -0.000149267259234
248.0 -0.000147252484494
249.0 -0.000145265558908
250.0 -0.000143306777804
251.0 -0.000141375558115
252.0 -0.00013947057419
253.0 -0.000137589963283
254.0 -0.000135731586928
255.0 -0.000133893326538
256.0 -0.000132073385156
257.0 -0.000130270563828
258.0 -0.000128484481588
259.0 -0.000126715712874
260.0 -0.000124965824833
261.0 -0.000123237308392
262.0 -0.000121533409417
263.0 -0.000119857878019
264.0 -0.000118214663328
265.0 -0.00011660758659
266.0 -0.000115040026563
267.0 -0.000113514648025
268.0 -0.00011203319731
269.0 -0.000110596379579
270.0 -0.000109203822257
271.0 -0.00010785411942
272.0 -0.00010654494401
273.0 -0.000105273209452
274.0 -0.000104035260004
275.0 -0.000102827069672
276.0 -0.000101644432403
277.0 -0.000100483130661
278.0 -9.93390745439e-05
279.0 -9.82084085855e-05
280.0 -9.70875876085e-05
281.0 -9.59734261611e-05
282.0 -9.48631279604e-05
283.0 -9.37543024766e-05
284.0 -9.26449754492e-05
285.0 -9.15335989886e-05
286.0 -9.04190652221e-05
287.0 -8.93007254237e-05
288.0 -8.81784144568e-05
289.0 -8.7052478337e-05
290.0 -8.59238009987e-05
291.0 -8.47938250734e-05
292.0 -8.36645608258e-05
293.0 -8.25385774338e-05
294.0 -8.14189715768e-05
295.0 -8.03093097695e-05
296.0 -7.92135429073e-05
297.0 -7.8135893876e-05
298.0 -7.70807215598e-05
299.0 -7.60523669016e-05
