10.0 0.474245712914
11.0 0.40856791643
12.0 0.354933051264
13.0 0.310572319682
14.0 0.273477344018
15.0 0.242161739167
16.0 0.215505868978
17.0 0.192650041524
18.0 0.172922383149
19.0 0.155791521644
20.0 0.14083380931
21.0 0.127708568547
22.0 0.116138964958
23.0 0.105897649433
24.0 0.0967963532768
25.0 0.0886783490074
26.0 0.08141265733
27.0 0.0748892712509
28.0 0.0690151926706
29.0 0.0637113014771
30.0 0.058909957132
31.0 0.0545530988933
32.0 0.0505906636208
33.0 0.0469792675888
34.0 0.0436811519431
35.0 0.0406633593776
36.0 0.0378970615572
37.0 0.035356961913
38.0 0.0330207621214
39.0 0.0308687291997
40.0 0.0288833741741
41.0 0.0270491934854
42.0 0.02535241525
43.0 0.0237807459934
44.0 0.0223231588164
45.0 0.0209697475777
46.0 0.0197116229247
47.0 0.0185408089922
48.0 0.0174501288663
49.0 0.0164330989815
50.0 0.0154838501275
51.0 0.0145970679232
52.0 0.0137679339885
53.0 0.0129920616167
54.0 0.0122654362998
55.0 0.0115843722084
56.0 0.0109454838877
57.0 0.0103456641645
58.0 0.00978206207171
59.0 0.00925206180003
60.0 0.00875326593853
61.0 0.00828348237366
62.0 0.00784071008553
63.0 0.0074231198181
64.0 0.00702903056055
65.0 0.00665688734902
66.0 0.0063052462929
67.0 0.00597276897806
68.0 0.00565822368048
69.0 0.00536048851183
70.0 0.00507855270772
71.0 0.00481151506418
72.0 0.00455858053891
73.0 0.00431905617863
74.0 0.00409234670921
75.0 0.0038779498437
76.0 0.0036754520436
77.0 0.00348452612112
78.0 0.00330493153229
79.0 0.00313651648226
80.0 0.00297921924121
81.0 0.00283306557204
82.0 0.00269816008517
83.0 0.00257467086596
84.0 0.00246280798696
85.0 0.00236279724606
86.0 0.00227485088262
87.0 0.00219913728299
88.0 0.00213575164471
89.0 0.00208468902109
90.0 0.00204582024987
91.0 0.00201887049265
92.0 0.00200339999044
93.0 0.00199878727874
94.0 0.00200421612859
95.0 0.00201866831191
96.0 0.00204092452309
97.0 0.00206957535002
98.0 0.00210304326766
99.0 0.00213961549797
100.0 0.00217748647867
101.0 0.0022148077653
102.0 0.00224974255217
103.0 0.0022805216706
104.0 0.00230549789684
105.0 0.00232319563123
106.0 0.00233235344276
107.0 0.00233195755613
108.0 0.00232126502802
109.0 0.00229981603568
110.0 0.00226743530328
111.0 0.00222422317715
112.0 0.00217053724453
113.0 0.00210696572817
114.0 0.00203429423086
115.0 0.00195346774325
116.0 0.00186555009466
117.0 0.0017716831232
118.0 0.00167304769807
119.0 0.00157082834822
120.0 0.00146618271132
121.0 0.00136021642957
122.0 0.00125396358765
123.0 0.00114837237813
124.0 0.00104429541024
125.0 0.000942483941116
126.0 0.000843585286124
127.0 0.000748142738605
128.0 0.000656597474406
129.0 0.000569292098729
130.0 0.000486475664062
131.0 0.000408310099874
132.0 0.000334878013462
133.0 0.000266191742365
134.0 0.000202203390675
135.0 0.000142815417348
136.0 8.7891223591e-05
137.0 3.72651538272e-05
138.0 -9.24860295992e-06
139.0 -5.18485637423e-05
140.0 -9.07400976991e-05
141.0 -0.000126131106935
142.0 -0.000158229021727
143.0 -0.00018723880233
144.0 -0.000213361623877
145.0 -0.00023679396208
146.0 -0.000257726870921
147.0 -0.000276345325373
148.0 -0.000292827574948
149.0 -0.000307344508336
150.0 -0.000320059062886
151.0 -0.000331125726275
152.0 -0.000340690174014
153.0 -0.000348889068564
154.0 -0.000355850018398
155.0 -0.000361691664927
156.0 -0.000366523840425
157.0 -0.000370447729914
158.0 -0.000373555980519
159.0 -0.000375932733627
160.0 -0.000377653601322
161.0 -0.000378785656106
162.0 -0.000379387536133
163.0 -0.000379509774127
164.0 -0.000379195431015
165.0 -0.000378481059333
166.0 -0.000377397949916
167.0 -0.00037597354706
168.0 -0.000374232870753
169.0 -0.0003721997728
170.0 -0.000369897880306
171.0 -0.000367351138667
172.0 -0.000364583942343
173.0 -0.000361620916798
174.0 -0.000358486471477
175.0 -0.00035520426951
176.0 -0.000351796751041
177.0 -0.00034828480865
178.0 -0.000344687657206
179.0 -0.000341022882205
180.0 -0.000337306604883
181.0 -0.000333553679347
182.0 -0.000329777839656
183.0 -0.000325991739328
184.0 -0.000322206862992
185.0 -0.000318433328659
186.0 -0.000314679629725
187.0 -0.000310952382137
188.0 -0.000307256142778
189.0 -0.000303593352207
190.0 -0.000299964433073
191.0 -0.0002963680498
192.0 -0.000292801510088
193.0 -0.000289261267815
194.0 -0.000285743472668
195.0 -0.000282244505977
196.0 -0.000278761445834
197.0 -0.000275292417297
198.0 -0.000271836803447
199.0 -0.00026839531662
200.0 -0.000264969951253
201.0 -0.000261563855273
202.0 -0.000258181162069
203.0 -0.000254826818488
204.0 -0.000251506428147
205.0 -0.000248226108587
206.0 -0.000244992341988
207.0 -0.0002418117887
208.0 -0.0002386910346
209.0 -0.000235636257991
210.0 -0.000232652825935
211.0 -0.000229744857321
212.0 -0.000226914812867
213.0 -0.000224163183651
214.0 -0.000221488345453
215.0 -0.000218886625426
216.0 -0.000216352594245
217.0 -0.000213879557309
218.0 -0.000211460181411
219.0 -0.000209087166429
220.0 -0.000206753860907
221.0 -0.000204454728411
222.0 -0.000202185596831
223.0 -0.000199943660481
224.0 -0.000197727247795
225.0 -0.000195535407352
226.0 -0.000193367394831
227.0 -0.000191222157809
228.0 -0.000189097912204
229.0 -0.000186991884604
230.0 -0.000184900263082
231.0 -0.000182818361535
232.0 -0.000180740966264
233.0 -0.000178662804928
234.0 -0.00017657906176
235.0 -0.000174485861038
236.0 -0.000172380652247
237.0 -0.000170262451657
238.0 -0.000168131921048
239.0 -0.000165991289471
240.0 -0.000163844143811
241.0 -0.000161695125512
242.0 -0.000159549573853
243.0 -0.000157413151998
244.0 -0.00015529148379
245.0 -0.000153189820216
246.0 -0.000151112747389
247.0 -0.000149063944421
248.0 -0.00014704599943
249.0 -0.000145060293903
250.0 -0.000143106967395
251.0 -0.000141184973954
252.0 -0.000139292237223
253.0 -0.000137425902561
254.0 -0.000135582672847
255.0 -0.000133759201851
256.0 -0.000131952507894
257.0 -0.000130160363527
258.0 -0.000128381615912
259.0 -0.000126616398311
260.0 -0.000124866205037
261.0 -0.000123133818604
262.0 -0.000121423096241
263.0 -0.000119738640364
264.0 -0.000118085391502
265.0 -0.00011646819044
266.0 -0.00011489135797
267.0 -0.000113358335759
268.0 -0.000111871421515
269.0 -0.000110431617806
270.0 -0.000109038598852
271.0 -0.000107690785629
272.0 -0.000106385508582
273.0 -0.000105119230365
274.0 -0.000103887798676
275.0 -0.000102686701086
276.0 -0.000101511298877
277.0 -0.000100357023921
278.0 -9.92195302965e-05
279.0 -9.80947994136e-05
280.0 -9.69792031347e-05
281.0 -9.58695332261e-05
282.0 -9.47630074926e-05
283.0 -9.36572632566e-05
284.0 -9.25503478568e-05
285.0 -9.14407139245e-05
286.0 -9.03272247204e-05
287.0 -8.92091720493e-05
288.0 -8.80863064587e-05
289.0 -8.69588767486e-05
290.0 -8.58276734889e-05
291.0 -8.46940694486e-05
292.0 -8.35600488036e-05
293.0 -8.24282168624e-05
294.0 -8.13017829203e-05
295.0 -8.01845106957e-05
296.0 -7.90806334442e-05
297.0 -7.79947340281e-05
298.0 -7.69315935722e-05
299.0 -7.58960154869e-05
