10.0 0.109519395544
11.0 0.0930435369935
12.0 0.079772355935
13.0 0.0689402969848
14.0 0.0599973560122
15.0 0.0525390281212
16.0 0.0462622907815
17.0 0.0409366866133
18.0 0.0363846393915
19.0 0.0324677540806
20.0 0.0290770705439
21.0 0.0261259630876
22.0 0.0235448853036
23.0 0.021277456372
24.0 0.0192775345603
25.0 0.0175070179198
26.0 0.0159341861575
27.0 0.0145324479498
28.0 0.0132793869896
29.0 0.012156021938
30.0 0.0111462186443
31.0 0.0102362141254
32.0 0.00941422554435
33.0 0.00867012494652
34.0 0.00799516640798
35.0 0.00738175817909
36.0 0.00682327630173
37.0 0.00631391627692
38.0 0.00584857678785
39.0 0.00542276715406
40.0 0.00503253018956
41.0 0.00467437445924
42.0 0.00434521310017
43.0 0.00404230883605
44.0 0.00376322584374
45.0 0.0035057889364
46.0 0.00326804977991
47.0 0.00304825917475
48.0 0.0028448441105
49.0 0.00265638833324
50.0 0.00248161541081
51.0 0.00231937359416
52.0 0.00216862206762
53.0 0.00202841841854
54.0 0.00189790731931
55.0 0.00177631048984
56.0 0.00166291799749
57.0 0.00155708087449
58.0 0.00145820493065
59.0 0.00136574555656
60.0 0.00127920328367
61.0 0.00119811990058
62.0 0.00112207500389
63.0 0.00105068295557
64.0 0.000983590294642
65.0 0.000920473689007
66.0 0.00086103851008
67.0 0.000805018080114
68.0 0.000752173597823
69.0 0.000702294707769
70.0 0.000655200649826
71.0 0.000610741903158
72.0 0.000568802213281
73.0 0.000529300847825
74.0 0.000492194857992
75.0 0.000457481028613
76.0 0.000425197091037
77.0 0.000395421670267
78.0 0.000368272367576
79.0 0.000343901370462
80.0 0.000322488057849
81.0 0.000304228245604
82.0 0.00028931999789
83.0 0.000277946299503
84.0 0.000270255310761
85.0 0.000266339361534
86.0 0.000266214224314
87.0 0.000269800474228
88.0 0.000276908839211
89.0 0.000287231326244
90.0 0.000300339566658
91.0 0.000315691274349
92.0 0.000332645007426
93.0 0.000350482645598
94.0 0.000368438237032
95.0 0.000385731225843
96.0 0.000401601626642
97.0 0.00041534452107
98.0 0.000426341333107
99.0 0.000434085678364
100.0 0.000438202127693
101.0 0.000438456903846
102.0 0.000434760256554
103.0 0.000427160952806
104.0 0.00041583390452
105.0 0.000401062385268
106.0 0.00038321653599
107.0 0.00036272992593
108.0 0.000340075839391
109.0 0.000315744736089
110.0 0.00029022402575
111.0 0.000263980950064
112.0 0.000237449017066
113.0 0.00021101811615
114.0 0.000185028178294
115.0 0.000159766047149
116.0 0.000135465095363
117.0 0.000112307052116
118.0 9.04254930697e-05
119.0 6.99104708122e-05
120.0 5.08138196452e-05
121.0 3.31547414858e-05
122.0 1.69253595555e-05
123.0 2.09600561804e-06
124.0 -1.1379920736e-05
125.0 -2.35616192455e-05
126.0 -3.45171293506e-05
127.0 -4.43201503672e-05
128.0 -5.30474186523e-05
129.0 -6.07765990644e-05
130.0 -6.75846360675e-05
131.0 -7.35465042056e-05
132.0 -7.87342968416e-05
133.0 -8.32165946494e-05
134.0 -8.70580602095e-05
135.0 -9.03192112346e-05
136.0 -9.30563316922e-05
137.0 -9.53214868427e-05
138.0 -9.71626145717e-05
139.0 -9.86236711085e-05
140.0 -9.97448141479e-05
141.0 -0.000100562610461
142.0 -0.000101110258318
143.0 -0.000101417817507
144.0 -0.000101512441533
145.0 -0.000101418607824
146.0 -0.000101158342673
147.0 -0.000100751438249
148.0 -0.000100215659518
149.0 -9.95669393711e-05
150.0 -9.88195607515e-05
151.0 -9.79863250171e-05
152.0 -9.70787062718e-05
153.0 -9.61069918012e-05
154.0 -9.50804090786e-05
155.0 -9.40072400245e-05
156.0 -9.28949233117e-05
157.0 -9.17501455369e-05
158.0 -9.05789220563e-05
159.0 -8.93866682529e-05
160.0 -8.81782619839e-05
161.0 -8.69580979675e-05
162.0 -8.57301348928e-05
163.0 -8.4497936055e-05
164.0 -8.32647043163e-05
165.0 -8.20333121404e-05
166.0 -8.08063273575e-05
167.0 -7.95860351971e-05
168.0 -7.83744570094e-05
169.0 -7.71733660179e-05
170.0 -7.59843004359e-05
171.0 -7.48085743523e-05
172.0 -7.36472869332e-05
173.0 -7.2501330678e-05
174.0 -7.13713996497e-05
175.0 -7.02579987258e-05
176.0 -6.91614549383e-05
177.0 -6.80819318506e-05
178.0 -6.70194476531e-05
179.0 -6.59738972617e-05
180.0 -6.49450782098e-05
181.0 -6.39327196014e-05
182.0 -6.29365128983e-05
183.0 -6.19561429135e-05
184.0 -6.09913171337e-05
185.0 -6.00417914298e-05
186.0 -5.91073903499e-05
187.0 -5.81880205203e-05
188.0 -5.72836761726e-05
189.0 -5.63944364221e-05
190.0 -5.55204545778e-05
191.0 -5.46619404114e-05
192.0 -5.38191368661e-05
193.0 -5.29922931132e-05
194.0 -5.21816361086e-05
195.0 -5.13873428559e-05
196.0 -5.06095154463e-05
197.0 -4.98481606431e-05
198.0 -4.91031753536e-05
199.0 -4.83743388267e-05
200.0 -4.7661311884e-05
201.0 -4.69636429851e-05
202.0 -4.62807804821e-05
203.0 -4.56120900575e-05
204.0 -4.49568760901e-05
205.0 -4.43144055517e-05
206.0 -4.36839330031e-05
207.0 -4.30647253202e-05
208.0 -4.24560849206e-05
209.0 -4.18573704593e-05
210.0 -4.12680141957e-05
211.0 -4.06875354802e-05
212.0 -4.01155500453e-05
213.0 -3.95517750001e-05
214.0 -3.89960295989e-05
215.0 -3.84482319854e-05
216.0 -3.79083921973e-05
217.0 -3.73766017671e-05
218.0 -3.6853020276e-05
219.0 -3.63378592342e-05
220.0 -3.58313636806e-05
221.0 -3.53337919375e-05
222.0 -3.48453940206e-05
223.0 -3.43663893071e-05
224.0 -3.38969441815e-05
225.0 -3.34371505096e-05
226.0 -3.29870059066e-05
227.0 -3.25463968508e-05
228.0 -3.21150857133e-05
229.0 -3.16927027225e-05
230.0 -3.12787437336e-05
231.0 -3.08725744298e-05
232.0 -3.04734412549e-05
233.0 -3.00804889819e-05
234.0 -2.96927843889e-05
235.0 -2.93093450852e-05
236.0 -2.89291721411e-05
237.0 -2.8551284867e-05
238.0 -2.81747558941e-05
239.0 -2.77987446464e-05
240.0 -2.74225273831e-05
241.0 -2.70455222083e-05
242.0 -2.66673077922e-05
243.0 -2.62876349733e-05
244.0 -2.59064308943e-05
245.0 -2.55237958064e-05
246.0 -2.51399931282e-05
247.0 -2.47554337229e-05
248.0 -2.43706556364e-05
249.0 -2.39863007018e-05
250.0 -2.36030894608e-05
251.0 -2.322179578e-05
252.0 -2.28432223776e-05
253.0 -2.24681782391e-05
254.0 -2.209745862e-05
255.0 -2.17318280452e-05
256.0 -2.13720064364e-05
257.0 -2.10186582645e-05
258.0 -2.06723844392e-05
259.0 -2.0333716536e-05
260.0 -2.00031129066e-05
261.0 -1.96809562338e-05
262.0 -1.93675521534e-05
263.0 -1.90631286607e-05
264.0 -1.87678361393e-05
265.0 -1.84817479633e-05
266.0 -1.82048617283e-05
267.0 -1.7937101244e-05
268.0 -1.76783194608e-05
269.0 -1.74283025103e-05
270.0 -1.71867750032e-05
271.0 -1.69534066662e-05
272.0 -1.67278203086e-05
273.0 -1.65096010095e-05
274.0 -1.62983063103e-05
275.0 -1.60934771037e-05
276.0 -1.58946488313e-05
277.0 -1.57013625539e-05
278.0 -1.55131754357e-05
279.0 -1.53296701973e-05
280.0 -1.51504631384e-05
281.0 -1.49752104e-05
282.0 -1.48036122339e-05
283.0 -1.46354151534e-05
284.0 -1.44704119567e-05
285.0 -1.43084397244e-05
286.0 -1.41493759992e-05
287.0 -1.39931334392e-05
288.0 -1.38396533044e-05
289.0 -1.3688898174e-05
290.0 -1.35408443085e-05
291.0 -1.33954740635e-05
292.0 -1.32527687261e-05
293.0 -1.31127021e-05
294.0 -1.29752351005e-05
295.0 -1.2840311546e-05
296.0 -1.27078552637e-05
297.0 -1.25777685447e-05
298.0 -1.24499319211e-05
299.0 -1.23242051715e-05
