10.0 0.472104360038
11.0 0.406731156428
12.0 0.35338158302
13.0 0.309276043488
14.0 0.272405287217
15.0 0.241282819609
16.0 0.214788310085
17.0 0.192064021783
18.0 0.172443442877
19.0 0.155400903957
20.0 0.140516457882
21.0 0.127451506244
22.0 0.115930963897
23.0 0.105729542797
24.0 0.0966611642677
25.0 0.0885708358734
26.0 0.0813285328836
27.0 0.0748247385906
28.0 0.0689670360171
29.0 0.0636770780468
30.0 0.0588877992861
31.0 0.0545412481396
32.0 0.0505872351559
33.0 0.0469824377201
34.0 0.0436894643149
35.0 0.0406757887184
36.0 0.0379128276382
37.0 0.0353753504538
38.0 0.0330411122927
39.0 0.030890506635
40.0 0.0289061832687
41.0 0.0270727112074
42.0 0.0253763380032
43.0 0.0238048089717
44.0 0.0223471933539
45.0 0.020993708344
46.0 0.0197355579401
47.0 0.0185647946022
48.0 0.0174742044449
49.0 0.0164572235884
50.0 0.0155078911738
51.0 0.0146208243173
52.0 0.0137911853413
53.0 0.0130146229469
54.0 0.0122871957415
55.0 0.0116053011677
56.0 0.0109656244675
57.0 0.010365105149
58.0 0.00980091136389
59.0 0.00927041847887
60.0 0.00877119536743
61.0 0.00830100087499
62.0 0.00785778567264
63.0 0.00743969017608
64.0 0.00704503223384
65.0 0.0066722858289
66.0 0.00632005777481
67.0 0.00598706985578
68.0 0.00567215009367
69.0 0.00537423202028
70.0 0.00509235763676
71.0 0.00482567918506
72.0 0.0045734565273
73.0 0.00433504956749
74.0 0.00410990740054
75.0 0.00389755699235
76.0 0.00369759419623
77.0 0.00350967910836
78.0 0.00333353631401
79.0 0.00316895861312
80.0 0.00301581090837
81.0 0.00287403008657
82.0 0.00274361763475
83.0 0.00262462409448
84.0 0.00251712700706
85.0 0.00242120542427
86.0 0.00233691390388
87.0 0.00226425774401
88.0 0.00220317000018
89.0 0.00215349020695
90.0 0.00211494474692
91.0 0.0020871292008
92.0 0.00206949350466
93.0 0.0020613311816
94.0 0.00206177417361
95.0 0.00206979472092
96.0 0.00208421523605
97.0 0.0021037263049
98.0 0.00212691209241
99.0 0.00215228180002
100.0 0.0021783055058
101.0 0.00220345261825
102.0 0.00222623115162
103.0 0.00224522604011
104.0 0.0022591348114
105.0 0.0022667992002
106.0 0.00226723166277
107.0 0.00225963612878
108.0 0.0022434225821
109.0 0.00221821518233
110.0 0.00218385371601
111.0 0.00214038832104
112.0 0.00208806772137
113.0 0.00202732161003
114.0 0.00195873823043
115.0 0.00188303852231
116.0 0.00180104834553
117.0 0.00171367024742
118.0 0.00162185602119
119.0 0.00152658097278
120.0 0.00142882045572
121.0 0.00132952892992
122.0 0.00122962161244
123.0 0.00112995873381
124.0 0.0010313324625
125.0 0.000934456647815
126.0 0.000839959580715
127.0 0.000748379925205
128.0 0.00066016581224
129.0 0.000575676845125
130.0 0.000495188509965
131.0 0.000418898298251
132.0 0.000346932792619
133.0 0.00027935505806
134.0 0.000216171886326
135.0 0.000157340691403
136.0 0.000102776070886
137.0 5.23561736825e-05
138.0 5.92902890583e-06
139.0 -3.66810861973e-05
140.0 -7.56672832768e-05
141.0 -0.000111233863379
142.0 -0.000143590508081
143.0 -0.000172947096812
144.0 -0.000199509342752
145.0 -0.000223475367144
146.0 -0.000245033253339
147.0 -0.000264359553434
148.0 -0.00028161866762
149.0 -0.000296962977766
150.0 -0.000310533587952
151.0 -0.000322461502726
152.0 -0.00033286905892
153.0 -0.00034187142164
154.0 -0.000349577963373
155.0 -0.000356093370358
156.0 -0.00036151836359
157.0 -0.000365949980666
158.0 -0.000369481432692
159.0 -0.000372201617493
160.0 -0.000374194424377
161.0 -0.00037553799571
162.0 -0.000376304109673
163.0 -0.000376557816263
164.0 -0.000376357401467
165.0 -0.000375754684693
166.0 -0.000374795587259
167.0 -0.000373520859213
168.0 -0.000371966828386
169.0 -0.000370166043228
170.0 -0.000368147716599
171.0 -0.000365937932305
172.0 -0.000363559637049
173.0 -0.000361032494083
174.0 -0.000358372709553
175.0 -0.000355592951287
176.0 -0.000352702460886
177.0 -0.000349707418066
178.0 -0.000346611560458
179.0 -0.000343417004909
180.0 -0.000340125170183
181.0 -0.000336737675816
182.0 -0.000333257093024
183.0 -0.000329687450439
184.0 -0.000326034444051
185.0 -0.000322305356781
186.0 -0.000318508746687
187.0 -0.000314654002608
188.0 -0.000310750883966
189.0 -0.00030680915408
190.0 -0.000302838385707
191.0 -0.00029884797059
192.0 -0.000294847311829
193.0 -0.000290846130528
194.0 -0.000286854786527
195.0 -0.000282884503847
196.0 -0.000278947406631
197.0 -0.00027505630742
198.0 -0.000271224239009
199.0 -0.000267463773719
200.0 -0.000263786219086
201.0 -0.000260200808067
202.0 -0.000256714009477
203.0 -0.000253329069384
204.0 -0.000250045859772
205.0 -0.000246861063346
206.0 -0.000243768671755
207.0 -0.000240760727681
208.0 -0.000237828207242
209.0 -0.000234961923309
210.0 -0.0002321533345
211.0 -0.000229395166971
212.0 -0.000226681791573
213.0 -0.000224009340398
214.0 -0.000221375586323
215.0 -0.000218779640188
216.0 -0.000216221538102
217.0 -0.000213701794674
218.0 -0.000211220988173
219.0 -0.000208779424741
220.0 -0.00020637690612
221.0 -0.00020401260403
222.0 -0.000201685028528
223.0 -0.000199392069248
224.0 -0.000197131087413
225.0 -0.000194899040759
226.0 -0.000192692630085
227.0 -0.000190508461919
228.0 -0.000188343224368
229.0 -0.000186193871916
230.0 -0.000184057810247
231.0 -0.000181933066165
232.0 -0.000179818422809
233.0 -0.000177713498932
234.0 -0.000175618754411
235.0 -0.000173535412389
236.0 -0.000171465300178
237.0 -0.00016941062385
238.0 -0.00016737370259
239.0 -0.000165356695846
240.0 -0.000163361357563
241.0 -0.000161388847128
242.0 -0.000159439617056
243.0 -0.000157513384946
244.0 -0.000155609184463
245.0 -0.000153725479219
246.0 -0.000151860316498
247.0 -0.000150011495396
248.0 -0.000148176726176
249.0 -0.000146353763479
250.0 -0.000144540503901
251.0 -0.000142735046908
252.0 -0.000140935725368
253.0 -0.000139141117274
254.0 -0.000137350052633
255.0 -0.000135561629098
256.0 -0.000133775246749
257.0 -0.00013199066729
258.0 -0.000130208096441
259.0 -0.00012842828158
260.0 -0.000126652610617
261.0 -0.000124883193661
262.0 -0.000123122907129
263.0 -0.000121375381072
264.0 -0.000119644914953
265.0 -0.000117936314628
266.0 -0.000116254653212
267.0 -0.00011460496963
268.0 -0.000112991929435
269.0 -0.000111419481193
270.0 -0.000109890546804
271.0 -0.000108406784292
272.0 -0.000106968456276
273.0 -0.000105574426772
274.0 -0.000104222294306
275.0 -0.000102908652349
276.0 -0.000101629451312
277.0 -0.000100380422215
278.0 -9.91575129594e-05
279.0 -9.79572854287e-05
280.0 -9.67772259764e-05
281.0 -9.56159326735e-05
282.0 -9.44731584638e-05
283.0 -9.33497077521e-05
284.0 -9.22472023138e-05
285.0 -9.11677481688e-05
286.0 -9.01135461357e-05
287.0 -8.90864938727e-05
288.0 -8.80878259847e-05
289.0 -8.71178317985e-05
290.0 -8.61756790421e-05
291.0 -8.52593577515e-05
292.0 -8.43657442827e-05
293.0 -8.34907721871e-05
294.0 -8.26296863902e-05
295.0 -8.17773505158e-05
296.0 -8.09285746651e-05
297.0 -8.00784322863e-05
298.0 -7.92225393082e-05
299.0 -7.83572755318e-05
