10.0 0.4426199828009601
11.0 0.36893285871379866
12.0 0.3098423189781003
13.0 0.2618941082936007
14.0 0.22259969059117413
15.0 0.1901292230723201
16.0 0.16311263843420332
17.0 0.14050331173757571
18.0 0.12148657631046791
19.0 0.10542032560098921
20.0 0.09179423594831382
21.0 0.08019909863904805
22.0 0.07030320965274571
23.0 0.06183476174503801
24.0 0.05456921205577189
25.0 0.04832022801876146
26.0 0.04293276467458743
27.0 0.03827733838916303
28.0 0.03424525371070736
29.0 0.030744833846678362
30.0 0.02769854002230898
31.0 0.02504068288450151
32.0 0.022715497819624064
33.0 0.02067552455513957
34.0 0.0188803005991622
35.0 0.017295333836208373
36.0 0.015891254040560417
37.0 0.014643048121243304
38.0 0.013529367570663356
39.0 0.012531961009283598
40.0 0.011635249806898538
41.0 0.01082598426140262
42.0 0.01009290473156588
43.0 0.009426402792813711
44.0 0.008818237779614982
45.0 0.008261342225241766
46.0 0.007749684529470497
47.0 0.007278134209766763
48.0 0.0068423139492097725
49.0 0.006438465334212586
50.0 0.006063351792916084
51.0 0.0057141890230279525
52.0 0.005388577576589122
53.0 0.005084428988893727
54.0 0.0047998989152616845
55.0 0.004533341776048488
56.0 0.004283285680142856
57.0 0.004048415443112357
58.0 0.003827555331694374
59.0 0.0036196528198466633
60.0 0.0034237676776121837
61.0 0.0032390655236657346
62.0 0.0030648094394969804
63.0 0.0029003441514492104
64.0 0.002745073815953263
65.0 0.002598440496939037
66.0 0.002459910994608751
67.0 0.002328974799834386
68.0 0.002205149789905746
69.0 0.002087989292123118
70.0 0.0019770856258846206
71.0 0.0018720689549340962
72.0 0.0017726029511416351
73.0 0.0016783789711133526
74.0 0.0015891093772268982
75.0 0.0015045203131062834
76.0 0.0014243452327183308
77.0 0.001348321464881661
78.0 0.0012761915105604592
79.0 0.0012077085915535883
80.0 0.001142643755070238
81.0 0.0010807911873581234
82.0 0.0010219695322736032
83.0 0.0009660188872391784
84.0 0.0009127945965514161
85.0 0.0008621596290479318
86.0 0.0008139775243707594
87.0 0.0007681078613512545
88.0 0.0007244057639775655
89.0 0.0006827258631632375
90.0 0.0006429295778519916
91.0 0.0006048932730964687
92.0 0.0005685145108087979
93.0 0.0005337144084731854
94.0 0.0005004355974574765
95.0 0.0004686366866585159
96.0 0.0004382849508609242
97.0 0.0004093490586875187
98.0 0.0003817932364437465
99.0 0.0003555736289640478
100.0 0.0003306369995087389
101.0 0.000306921439796492
102.0 0.00028435849179619835
103.0 0.0002628760101008091
104.0 0.00024240116907420985
105.0 0.0002228631768373182
106.0 0.00020419544571006302
107.0 0.00018633715404223309
108.0 0.00016923428813297244
109.0 0.0001528403328982023
110.0 0.00013711674694268463
111.0 0.00012203321623834612
112.0 0.00010756750318347161
113.0 9.370460938526085e-05
114.0 8.043504139004848e-05
115.0 6.77522117225245e-05
116.0 5.564932694364768e-05
117.0 4.4116364409417446e-05
118.0 3.313780336651617e-05
119.0 2.269162406837655e-05
120.0 1.2749783330532318e-05
121.0 3.28002910249516e-06
122.0 -5.751364974910615e-06
123.0 -1.4376523379975987e-05
124.0 -2.2623159040012795e-05
125.0 -3.051256072286538e-05
126.0 -3.805875024569325e-05
127.0 -4.5268966723406154e-05
128.0 -5.2145385659951514e-05
129.0 -5.868773355905347e-05
130.0 -6.489626433024336e-05
131.0 -7.07744747193736e-05
132.0 -7.633098641493908e-05
133.0 -8.158021016211803e-05
134.0 -8.654168870466137e-05
135.0 -9.123831714596758e-05
136.0 -9.569388106573082e-05
137.0 -9.993047338299647e-05
138.0 -0.00010396632758211974
139.0 -0.00010781445755945309
140.0 -0.00011148227581485304
141.0 -0.00011497213734949579
142.0 -0.00011828258257929611
143.0 -0.00012140996057359562
144.0 -0.00012435010719237698
145.0 -0.0001270998118694099
146.0 -0.00012965790166299097
147.0 -0.00013202587239278426
148.0 -0.00013420808319824126
149.0 -0.00013621159214424335
150.0 -0.00013804574429999498
151.0 -0.0001397216322374186
152.0 -0.00014125153583488848
153.0 -0.0001426484179120715
154.0 -0.00014392551027071852
155.0 -0.00014509597952971933
156.0 -0.00014617262468153742
157.0 -0.0001471675399837664
158.0 -0.00014809168567019512
159.0 -0.00014895434576789508
160.0 -0.00014976250843944106
161.0 -0.0001505202630743361
162.0 -0.00015122834977195386
163.0 -0.00015188400400183995
164.0 -0.0001524812045306536
165.0 -0.0001530113612214203
166.0 -0.0001534643878733743
167.0 -0.0001538300176940175
168.0 -0.00015409915897880708
169.0 -0.00015426507271684435
170.0 -0.00015432418690742097
171.0 -0.0001542764362256974
172.0 -0.00015412511183488612
173.0 -0.00015387630105689087
174.0 -0.0001535380679703982
175.0 -0.00015311955839067884
176.0 -0.00015263020115617552
177.0 -0.00015207912846685966
178.0 -0.00015147486643053555
179.0 -0.00015082527272966968
180.0 -0.0001501376401726904
181.0 -0.000149418855671835
182.0 -0.00014867550784317164
183.0 -0.0001479138678403612
184.0 -0.0001471397155110958
185.0 -0.00014635803232352252
186.0 -0.00014557262135553596
187.0 -0.00014478573536024918
188.0 -0.0001439977946875989
189.0 -0.00014320726067183005
190.0 -0.00014241070280417002
191.0 -0.00014160306604460608
192.0 -0.00014077811361413612
193.0 -0.0001399289948424659
194.0 -0.00013904887022704316
195.0 -0.00013813151896978175
196.0 -0.00013717185908233818
197.0 -0.00013616632640460529
198.0 -0.0001351130842005326
199.0 -0.00013401206474938018
200.0 -0.00013286487221412865
201.0 -0.00013167459546655259
202.0 -0.00013044558554565821
203.0 -0.00012918324344101097
204.0 -0.00012789384253845496
205.0 -0.0001265843827144248
206.0 -0.00012526244816727871
207.0 -0.00012393602672824912
208.0 -0.0001226132498827975
209.0 -0.000121302030838575
210.0 -0.00012000960856401545
211.0 -0.0001187420407596977
212.0 -0.00011750371841461301
213.0 -0.00011629699003340205
214.0 -0.00011512197919668443
215.0 -0.00011397665408110969
216.0 -0.00011285716628058459
217.0 -0.00011175842718560295
218.0 -0.00011067484380904892
219.0 -0.00010960110241032462
220.0 -0.00010853287499119359
221.0 -0.00010746733384697171
222.0 -0.00010640339113092118
223.0 -0.00010534162772430253
224.0 -0.00010428392951305869
225.0 -0.00010323289929343989
226.0 -0.00010219114975533221
227.0 -0.00010116060080765878
228.0 -0.00010014190023415167
229.0 -9.913406182755585e-05
230.0 -9.813437503695456e-05
231.0 -9.713859270573756e-05
232.0 -9.614135761253264e-05
233.0 -9.513679243930945e-05
234.0 -9.411915732341177e-05
235.0 -9.308347675217549e-05
236.0 -9.202605196986884e-05
237.0 -9.094480181185311e-05
238.0 -8.983940746132678e-05
239.0 -8.87112680892808e-05
240.0 -8.756329888125507e-05
241.0 -8.639961710714605e-05
242.0 -8.522516506159003e-05
243.0 -8.404531294929687e-05
244.0 -8.286547392793918e-05
245.0 -8.169075187951383e-05
246.0 -8.052563363180747e-05
247.0 -7.937373320752265e-05
248.0 -7.82375961362201e-05
249.0 -7.711857507506622e-05
250.0 -7.60167911030329e-05
251.0 -7.493119522255216e-05
252.0 -7.385973987276364e-05
253.0 -7.279966019547748e-05
254.0 -7.174785063479836e-05
255.0 -7.070130679415894e-05
256.0 -6.965758863254048e-05
257.0 -6.861525226824684e-05
258.0 -6.757419622851419e-05
259.0 -6.653587489376888e-05
260.0 -6.550334648589282e-05
261.0 -6.448114311848306e-05
262.0 -6.347497300395762e-05
263.0 -6.249128631406485e-05
264.0 -6.153675308175551e-05
265.0 -6.0617711415552356e-05
266.0 -5.973964591439193e-05
267.0 -5.890674966278203e-05
268.0 -5.812160998882321e-05
269.0 -5.7385040681318035e-05
270.0 -5.669606447960352e-05
271.0 -5.605203222058548e-05
272.0 -5.544885138995594e-05
273.0 -5.4881288457620276e-05
274.0 -5.4343306755174476e-05
275.0 -5.3828404291541583e-05
276.0 -5.332992257566099e-05
277.0 -5.284130658036679e-05
278.0 -5.235630573306095e-05
279.0 -5.186911478530226e-05
280.0 -5.137446056416366e-05
281.0 -5.086764542177181e-05
282.0 -5.0344560621839795e-05
283.0 -4.980168321805442e-05
284.0 -4.923606865659013e-05
285.0 -4.864534887836311e-05
286.0 -4.8027742554130156e-05
287.0 -4.7382080612726666e-05
288.0 -4.670784669596709e-05
289.0 -4.600522883261583e-05
290.0 -4.527517570788522e-05
291.0 -4.4519448667600114e-05
292.0 -4.3740659292304566e-05
293.0 -4.294228221123986e-05
294.0 -4.212863390831411e-05
295.0 -4.1304810563621224e-05
296.0 -4.047658127705406e-05
297.0 -3.965023698836403e-05
298.0 -3.883239959671346e-05
299.0 -3.802979971521843e-05
