10.0 0.453069819297351
11.0 0.3821716560572376
12.0 0.3241458921959549
13.0 0.27632016647660884
14.0 0.2366466892629911
15.0 0.2035423580240916
16.0 0.17577261870426675
17.0 0.15236566864984136
18.0 0.13254951464199954
19.0 0.11570609054843962
20.0 0.10133720180403778
21.0 0.08903855211276143
22.0 0.0784797047279954
23.0 0.0693887016562325
24.0 0.061540353707115046
25.0 0.05474729053589445
26.0 0.04885297366534653
27.0 0.04372610511795624
28.0 0.039256113061328556
29.0 0.03534953180002141
30.0 0.031927109024668145
31.0 0.028921467964378503
32.0 0.02627518878713425
33.0 0.02393922743364902
34.0 0.02187161952468551
35.0 0.0200364174630939
36.0 0.018402803508436767
37.0 0.0169443326268247
38.0 0.01563828461969313
39.0 0.014465121615008715
40.0 0.013408039908737786
41.0 0.012452589962232204
42.0 0.011586339810083567
43.0 0.01079857598976733
44.0 0.010080050068430576
45.0 0.009422773268661044
46.0 0.008819847113371497
47.0 0.008265313821798684
48.0 0.007754019901373952
49.0 0.007281496489455666
50.0 0.006843859592999325
51.0 0.006437726424509857
52.0 0.006060141117883845
53.0 0.005708507297767203
54.0 0.005380530101054345
55.0 0.005074170406221946
56.0 0.004787610257776655
57.0 0.004519225746468284
58.0 0.004267564291627875
59.0 0.004031325394738392
60.0 0.003809344650102272
61.0 0.0036005797611382297
62.0 0.0034040964023333104
63.0 0.0032190525605730654
64.0 0.003044682116100688
65.0 0.002880280158600538
66.0 0.002725192509701322
67.0 0.002578810233581454
68.0 0.002440567860702439
69.0 0.0023099429825558914
70.0 0.002186455218200459
71.0 0.00206966368675372
72.0 0.0019591631018990733
73.0 0.0018545789807599903
74.0 0.0017555624614933592
75.0 0.0016617852954476915
76.0 0.0015729358111899506
77.0 0.0014887167034508084
78.0 0.0014088450509216243
79.0 0.0013330541156395248
80.0 0.001261095722803227
81.0 0.0011927418294342287
82.0 0.0011277843277429894
83.0 0.0010660328806331683
84.0 0.0010073112735399154
85.0 0.0009514531968578211
86.0 0.0008982985355601851
87.0 0.0008476911556843615
88.0 0.0007994788185711588
89.0 0.0007535152413011945
90.0 0.0007096636180722906
91.0 0.0006678004015843884
92.0 0.0006278180516993957
93.0 0.0005896258278812537
94.0 0.000553148351003468
95.0 0.0005183223093815746
96.0 0.0004850921107285266
97.0 0.00045340540494388435
98.0 0.000423209268885549
99.0 0.00039444756217132346
100.0 0.0003670596428580686
101.0 0.0003409803552061959
102.0 0.00031614101437142536
103.0 0.0002924710270562899
104.0 0.0002698997892892459
105.0 0.0002483585652098893
106.0 0.00022778214461262547
107.0 0.00020811017601108538
108.0 0.00018928815266111213
109.0 0.0001712680710579118
110.0 0.0001540087753410298
111.0 0.000137475958304424
112.0 0.00012164174454161568
113.0 0.00010648377647599016
114.0 9.198378661642909e-05
115.0 7.812576117775845e-05
116.0 6.489393774198013e-05
117.0 5.2270974328756625e-05
118.0 4.0236634435772823e-05
119.0 2.8767242330307846e-05
120.0 1.7836002055501236e-05
121.0 7.414090941159233e-06
122.0 -2.527717257831097e-06
123.0 -1.2017240183430721e-05
124.0 -2.1079249711353818e-05
125.0 -2.9734328841721645e-05
126.0 -3.799844097467946e-05
127.0 -4.588329111745986e-05
128.0 -5.339740382122378e-05
129.0 -6.054769901024523e-05
130.0 -6.734124377894587e-05
131.0 -7.378682086783225e-05
132.0 -7.989599525557325e-05
133.0 -8.568347247750528e-05
134.0 -9.11666999417399e-05
135.0 -9.636482679285862e-05
136.0 -0.00010129726830326627
137.0 -0.00010598218724412196
138.0 -0.00011043519588535496
139.0 -0.00011466850768933607
140.0 -0.00011869065294193669
141.0 -0.00012250674988263272
142.0 -0.00012611922149129604
143.0 -0.00012952878640944314
144.0 -0.00013273553557794938
145.0 -0.0001357399275141717
146.0 -0.00013854358130972256
147.0 -0.00014114980239174192
148.0 -0.00014356382922688972
149.0 -0.00014579283110536357
150.0 -0.00014784571385678704
151.0 -0.00014973280105331794
152.0 -0.0001514654544268704
153.0 -0.00015305568199459999
154.0 -0.00015451576033481543
155.0 -0.00015585787443443667
156.0 -0.00015709376095096036
157.0 -0.0001582343341860151
158.0 -0.00015928928152560647
159.0 -0.00016026663546901487
160.0 -0.00016117235705445215
161.0 -0.0001620099915531186
162.0 -0.00016278047197328653
163.0 -0.00016348214173862635
164.0 -0.0001641110424786719
165.0 -0.0001646614700833827
166.0 -0.00016512675148865587
167.0 -0.00016550014856443705
168.0 -0.00016577576593954473
169.0 -0.00016594933465731196
170.0 -0.00016601876503392532
171.0 -0.00016598440515202252
172.0 -0.00016584899593595343
173.0 -0.00016561736706169458
174.0 -0.00016529595815931747
175.0 -0.00016489226870723212
176.0 -0.00016441433511434016
177.0 -0.0001638703080861573
178.0 -0.00016326816552848778
179.0 -0.00016261555637193682
180.0 -0.00016191973871109862
181.0 -0.00016118755845187597
182.0 -0.00016042541464472135
183.0 -0.00015963917260529114
184.0 -0.0001588340100637506
185.0 -0.00015801420770126997
186.0 -0.0001571829168713422
187.0 -0.0001563419495484532
188.0 -0.0001554916369130138
189.0 -0.00015463079439543702
190.0 -0.00015375681520884724
191.0 -0.00015286589496503353
192.0 -0.0001519533704770819
193.0 -0.00015101413940963825
194.0 -0.0001500431164286816
195.0 -0.00014903567747649946
196.0 -0.00014798804730712452
197.0 -0.00014689759584749588
198.0 -0.00014576302440028925
199.0 -0.00014458444015591092
200.0 -0.00014336333328662928
201.0 -0.00014210248161958033
202.0 -0.00014080581123169763
203.0 -0.00013947823687040419
204.0 -0.00013812549562394652
205.0 -0.00013675397427393855
206.0 -0.00013537051963209506
207.0 -0.0001339822158593373
208.0 -0.00013259611563351688
209.0 -0.0001312189230309078
210.0 -0.00012985664256613127
211.0 -0.00012851422655323747
212.0 -0.00012719526662394298
213.0 -0.00012590178034434864
214.0 -0.0001246341377849145
215.0 -0.00012339115566480468
216.0 -0.0001221703611090189
217.0 -0.00012096839807944216
218.0 -0.0001197815231505441
219.0 -0.00011860611914706993
220.0 -0.00011743914930106843
221.0 -0.00011627848258909496
222.0 -0.00011512304155914628
223.0 -0.0001139727535122549
224.0 -0.00011282831891645723
225.0 -0.00011169084135056991
226.0 -0.00011056138564122224
227.0 -0.00010944054132878114
228.0 -0.00010832806563346983
229.0 -0.00010722266466435987
230.0 -0.000106121946926974
231.0 -0.00010502255400242375
232.0 -0.00010392044492756926
233.0 -0.00010281128818142606
234.0 -0.00010169090177728686
235.0 -0.00010055567929955079
236.0 -9.94029471982622e-05
237.0 -9.82312138040271e-05
238.0 -9.704028971874412e-05
239.0 -9.583127853445075e-05
240.0 -9.460645286745623e-05
241.0 -9.33690413258989e-05
242.0 -9.212295664285922e-05
243.0 -9.087249461773546e-05
244.0 -8.962202950595176e-05
245.0 -8.837572621633633e-05
246.0 -8.713728493777605e-05
247.0 -8.590973066500533e-05
248.0 -8.469525859252776e-05
249.0 -8.34951457091598e-05
250.0 -8.23097378818566e-05
251.0 -8.11385190031987e-05
252.0 -7.998026360052183e-05
253.0 -7.883326665336636e-05
254.0 -7.769563507989173e-05
255.0 -7.656561595816376e-05
256.0 -7.544192890507959e-05
257.0 -7.432406589846315e-05
258.0 -7.321252242902783e-05
259.0 -7.210892962179306e-05
260.0 -7.101606734939533e-05
261.0 -6.9937751996688e-05
262.0 -6.887860745104731e-05
263.0 -6.78437418700954e-05
264.0 -6.683836376220543e-05
265.0 -6.586737736269372e-05
266.0 -6.493499841405911e-05
267.0 -6.404442733482023e-05
268.0 -6.319760826110465e-05
269.0 -6.239509104526764e-05
270.0 -6.163600079932617e-05
271.0 -6.09181077801379e-05
272.0 -6.023798084715515e-05
273.0 -5.959120139715682e-05
274.0 -5.897261200587247e-05
275.0 -5.837657480418571e-05
276.0 -5.7797218227537545e-05
277.0 -5.7228656245114655e-05
278.0 -5.666517045078804e-05
279.0 -5.610135151662251e-05
280.0 -5.55322017307732e-05
281.0 -5.495320420560208e-05
282.0 -5.436036667279381e-05
283.0 -5.3750248633727815e-05
284.0 -5.311998021510862e-05
285.0 -5.24672796784469e-05
286.0 -5.179047445361917e-05
287.0 -5.108852810254197e-05
288.0 -5.036107303398571e-05
289.0 -4.9608446329426e-05
290.0 -4.883172393024325e-05
291.0 -4.803274688660525e-05
292.0 -4.721413255709707e-05
293.0 -4.6379263695038045e-05
294.0 -4.5532249305063156e-05
295.0 -4.4677852942323974e-05
296.0 -4.382138659691063e-05
297.0 -4.29685712062385e-05
298.0 -4.2125367860200553e-05
299.0 -4.1297786580793136e-05
