10.0 0.4502446176765714
11.0 0.383246625003252
12.0 0.3288781671159733
13.0 0.28435760932844606
14.0 0.24742074347714826
15.0 0.21652348455781942
16.0 0.1904748914246155
17.0 0.16833921656246179
18.0 0.14942061861707787
19.0 0.13315519231661185
20.0 0.11904642162285987
21.0 0.10680273199487754
22.0 0.09607262367260902
23.0 0.08669303319140483
24.0 0.07843060256298577
25.0 0.07112294241866436
26.0 0.06464006847474153
27.0 0.05886982969547048
28.0 0.05371503828078668
29.0 0.049129953094774095
30.0 0.04500895556668059
31.0 0.04128814952043027
32.0 0.03795541577700325
33.0 0.03493419829412933
34.0 0.03220524774492333
35.0 0.029724987070430295
36.0 0.027481438004454253
37.0 0.025424718200081815
38.0 0.023565801750821094
39.0 0.02186406487330878
40.0 0.020301099340534114
41.0 0.018871254779032044
42.0 0.017567410521278536
43.0 0.016366840500363206
44.0 0.015260768723455737
45.0 0.014240986395883325
46.0 0.013300084652666968
47.0 0.012431544220371469
48.0 0.011629255021985394
49.0 0.01088733546165414
50.0 0.01020046745436856
51.0 0.009563800415827993
52.0 0.00897333638503454
53.0 0.008425090330207509
54.0 0.007915305760071706
55.0 0.007440512971864116
56.0 0.006997816719439129
57.0 0.006584624542784795
58.0 0.006198434954833645
59.0 0.005836937729254804
60.0 0.005498071227506081
61.0 0.005181752382236019
62.0 0.004887968009356553
63.0 0.004611606732744038
64.0 0.004351256476873574
65.0 0.004105648674368737
66.0 0.0038765423564764328
67.0 0.0036624917257171404
68.0 0.0034596607303516774
69.0 0.0032672206768820542
70.0 0.0030880619536943505
71.0 0.0029196022584472127
72.0 0.0027590811230305255
73.0 0.002607407331320212
74.0 0.002466410644640489
75.0 0.00233143757154781
76.0 0.002203228946207509
77.0 0.002084355357782581
78.0 0.0019700300009776947
79.0 0.0018618977446020655
80.0 0.001760621579680017
81.0 0.0016627606852342035
82.0 0.00157169784740223
83.0 0.0014848567404422124
84.0 0.0014013574358004586
85.0 0.0013239461612479214
86.0 0.0012485514030149843
87.0 0.0011785072373408586
88.0 0.0011111474971948496
89.0 0.0010469358696231013
90.0 0.0009865121150208582
91.0 0.0009277756424286395
92.0 0.0008734654453507717
93.0 0.000819940021144643
94.0 0.0007709619313940908
95.0 0.0007226977857004862
96.0 0.0006779362488987118
97.0 0.0006341827548197119
98.0 0.0005933959594973428
99.0 0.0005537124524502239
100.0 0.0005166130554318262
101.0 0.00048050669543436077
102.0 0.00044665978401669783
103.0 0.00041367098625005573
104.0 0.00038298881298507885
105.0 0.00035285224425724075
106.0 0.0003249553662557853
107.0 0.000297264524685709
108.0 0.000271985526123548
109.0 0.000246706527561387
110.0 0.0002236762670740927
111.0 0.00020084487550051485
112.0 0.00017956523771413746
113.0 0.00015890364021765974
114.0 0.00013921588490094312
115.0 0.00012063934154485474
116.0 0.00010238936226779229
117.0 8.569459403050508e-05
118.0 6.899982579321787e-05
119.0 5.375660410161731e-05
120.0 3.880294596417777e-05
121.0 2.4544532848096708e-05
122.0 1.1147723447321511e-05
123.0 -2.232285242541974e-06
124.0 -1.4133130645638112e-05
125.0 -2.603397604873425e-05
126.0 -3.724347226762819e-05
127.0 -4.7831693077262184e-05
128.0 -5.8419913886896176e-05
129.0 -6.773889754396699e-05
130.0 -7.704759739262912e-05
131.0 -8.589851599136985e-05
132.0 -9.40797545534933e-05
133.0 -0.00010226099311561675
134.0 -0.00010963751714595416
135.0 -0.00011677075190259842
136.0 -0.00012383303465516037
137.0 -0.0001300374101056817
138.0 -0.00013624178555620307
139.0 -0.00014215012292801912
140.0 -0.00014745889637881034
141.0 -0.00015276766982960153
142.0 -0.00015765098080933014
143.0 -0.00016215583772062917
144.0 -0.00016666069463192818
145.0 -0.00017067097594635597
146.0 -0.00017443913103379428
147.0 -0.0001782072861212326
148.0 -0.00018147258550296652
149.0 -0.00018457532750954303
150.0 -0.00018767806951611957
151.0 -0.00019030799600522073
152.0 -0.00019280547363021612
153.0 -0.00019530295125521152
154.0 -0.00019739262448578802
155.0 -0.00019934384989648025
156.0 -0.00020129507530717252
157.0 -0.0002029201723265175
158.0 -0.0002043701429159404
159.0 -0.00020582011350536332
160.0 -0.00020705133494673523
161.0 -0.0002080568347351195
162.0 -0.00020906233452350374
163.0 -0.00020995984758207512
164.0 -0.000210565223955027
165.0 -0.0002111706003279789
166.0 -0.00021177597670093078
167.0 -0.00021200945235799992
168.0 -0.00021223631017468374
169.0 -0.00021246316799136756
170.0 -0.0002124896287555713
171.0 -0.00021239775863375672
172.0 -0.00021230588851194212
173.0 -0.00021215704093853079
174.0 -0.00021179020042623177
175.0 -0.00021142335991393275
176.0 -0.00021105651940163376
177.0 -0.00021051447171826452
178.0 -0.00020990312190544152
179.0 -0.00020929177209261858
180.0 -0.00020864532973235216
181.0 -0.00020780816522829177
182.0 -0.00020697100072423132
183.0 -0.00020613383622017093
184.0 -0.00020520723662881773
185.0 -0.00020419883947761153
186.0 -0.00020319044232640533
187.0 -0.00020218204517519914
188.0 -0.00020103972125229817
189.0 -0.0001998671590218081
190.0 -0.000198694596791318
191.0 -0.000197517567288928
192.0 -0.00019621526752981088
193.0 -0.00019491296777069376
194.0 -0.0001936106680115766
195.0 -0.00019228806180148771
196.0 -0.00019087082334706335
197.0 -0.000189453584892639
198.0 -0.0001880363464382147
199.0 -0.0001866002296349494
200.0 -0.00018510465093051647
201.0 -0.0001836090722260835
202.0 -0.00018211349352165057
203.0 -0.00018060441330609988
204.0 -0.00017904903506672692
205.0 -0.0001774936568273539
206.0 -0.0001759382785879809
207.0 -0.0001743764804350003
208.0 -0.00017277151521391486
209.0 -0.00017116654999282943
210.0 -0.000169561584771744
211.0 -0.00016795661955065855
212.0 -0.00016634012465758025
213.0 -0.000164723028110254
214.0 -0.00016310593156292777
215.0 -0.00016148883501560153
216.0 -0.0001598577415769368
217.0 -0.00015822026870711966
218.0 -0.00015658279583730258
219.0 -0.0001549453229674855
220.0 -0.00015330681956738265
221.0 -0.00015166629151621834
222.0 -0.00015002576346505404
223.0 -0.00014838523541388973
224.0 -0.00014674470736272542
225.0 -0.00014512957704188785
226.0 -0.0001435172742080222
227.0 -0.00014190497137415647
228.0 -0.00014029266854029079
229.0 -0.00013869052788358641
230.0 -0.00013710549147313546
231.0 -0.00013552045506268448
232.0 -0.00013393541865223347
233.0 -0.0001323503822417825
234.0 -0.00013078348234136575
235.0 -0.00012922249581336678
236.0 -0.0001276615092853678
237.0 -0.00012610052275736886
238.0 -0.00012454197643935026
239.0 -0.00012303875969731283
240.0 -0.00012153554295527538
241.0 -0.00012003232621323795
242.0 -0.0001185291094712005
243.0 -0.0001170373780731786
244.0 -0.0001155829990475048
245.0 -0.00011412862002183101
246.0 -0.00011267424099615722
247.0 -0.00011121986197048343
248.0 -0.00010978653890453352
249.0 -0.00010839577346396378
250.0 -0.00010700500802339408
251.0 -0.00010561424258282435
252.0 -0.00010422347714225463
253.0 -0.00010285240084576794
254.0 -0.00010152170886949475
255.0 -0.00010019101689322157
256.0 -9.886032491694838e-05
257.0 -9.752963294067521e-05
258.0 -9.62127921455422e-05
259.0 -9.494409298267464e-05
260.0 -9.367539381980709e-05
261.0 -9.240669465693952e-05
262.0 -9.113799549407197e-05
263.0 -8.987061824735613e-05
264.0 -8.868454460217074e-05
265.0 -8.749847095698535e-05
266.0 -8.631239731179995e-05
267.0 -8.512632366661457e-05
268.0 -8.394025002142918e-05
269.0 -8.280143654299615e-05
270.0 -8.168255408102276e-05
271.0 -8.056367161904938e-05
272.0 -7.944478915707598e-05
273.0 -7.83259066951026e-05
274.0 -7.722694107524964e-05
275.0 -7.617833284891977e-05
276.0 -7.512972462258992e-05
277.0 -7.408111639626006e-05
278.0 -7.303250816993018e-05
279.0 -7.198389994360033e-05
280.0 -7.099001632711892e-05
281.0 -7.001398975034957e-05
282.0 -6.903796317358021e-05
283.0 -6.806193659681086e-05
284.0 -6.708591002004151e-05
285.0 -6.611796059394796e-05
286.0 -6.52135221994604e-05
287.0 -6.430908380497286e-05
288.0 -6.340464541048531e-05
289.0 -6.250020701599777e-05
290.0 -6.159576862151021e-05
291.0 -6.071631504223541e-05
292.0 -5.988172044416375e-05
293.0 -5.904712584609209e-05
294.0 -5.821253124802044e-05
295.0 -5.737793664994878e-05
296.0 -5.654334205187713e-05
297.0 -5.574338801555257e-05
298.0 -5.498001760082384e-05
299.0 -5.4216647186095104e-05
