10.0 0.421763926203
11.0 0.363779042638
12.0 0.316361770719
13.0 0.277084785941
14.0 0.244188971095
15.0 0.216373527186
16.0 0.192659297861
17.0 0.172294768216
18.0 0.154692629802
19.0 0.139388217292
20.0 0.126010770259
21.0 0.114261773142
22.0 0.103898253213
23.0 0.0947202707722
24.0 0.086561877072
25.0 0.0792845799776
26.0 0.0727723314799
27.0 0.0669273959446
28.0 0.0616669198751
29.0 0.0569202220052
30.0 0.0526267173279
31.0 0.048734271076
32.0 0.045197825001
33.0 0.0419782501764
34.0 0.0390414271418
35.0 0.0363575258563
36.0 0.0339004155417
37.0 0.031647138845
38.0 0.0295774406037
39.0 0.0276733841217
40.0 0.0259190649474
41.0 0.024300379507
42.0 0.0228047979245
43.0 0.0214211373127
44.0 0.0201393716183
45.0 0.0189504996792
46.0 0.0178464502817
47.0 0.0168199880385
48.0 0.015864609639
49.0 0.0149744481964
50.0 0.0141442012253
51.0 0.0133690759641
52.0 0.0126447355283
53.0 0.0119672404246
54.0 0.0113329944948
55.0 0.0107387050108
56.0 0.0101813562403
57.0 0.00965818853691
58.0 0.00916667748036
59.0 0.00870451392662
60.0 0.008269587806
61.0 0.0078599750825
62.0 0.00747392365614
63.0 0.00710983463265
64.0 0.00676623974256
65.0 0.00644177970877
66.0 0.00613518871098
67.0 0.00584528680467
68.0 0.00557097801421
69.0 0.00531124980233
70.0 0.0050651705931
71.0 0.00483188450525
72.0 0.00461060424892
73.0 0.0044006033016
74.0 0.00420120779736
75.0 0.00401178836562
76.0 0.00383175280887
77.0 0.0036605411396
78.0 0.00349762407942
79.0 0.00334250465066
80.0 0.00319472100577
81.0 0.00305384820693
82.0 0.00291949744088
83.0 0.0027913124253
84.0 0.00266896375521
85.0 0.00255214240764
86.0 0.00244055376555
87.0 0.00233391349524
88.0 0.00223194629646
89.0 0.00213438778444
90.0 0.00204098870281
91.0 0.00195151978333
92.0 0.00186577534239
93.0 0.00178357425179
94.0 0.00170475792798
95.0 0.00162918595096
96.0 0.00155673048608
97.0 0.00148727075578
98.0 0.00142068852847
99.0 0.00135686515859
100.0 0.00129568028557
101.0 0.00123701197101
102.0 0.00118073786334
103.0 0.00112673692348
104.0 0.00107489129343
105.0 0.00102508799643
106.0 0.000977220285872
107.0 0.000931188588775
108.0 0.000886901095507
109.0 0.000844274103342
110.0 0.000803232200033
111.0 0.000763708279658
112.0 0.000725643265841
113.0 0.000688985354574
114.0 0.000653688640641
115.0 0.000619711158952
116.0 0.000587012589462
117.0 0.000555552043077
118.0 0.000525286387292
119.0 0.000496169464196
120.0 0.000468152342647
121.0 0.000441184507525
122.0 0.000415215693807
123.0 0.00039019796209
124.0 0.000366087590865
125.0 0.000342846414955
126.0 0.000320442350298
127.0 0.000298848996684
128.0 0.000278044384614
129.0 0.000258009104452
130.0 0.000238724190312
131.0 0.000220169191603
132.0 0.000202320828933
133.0 0.000185152500099
134.0 0.000168634706622
135.0 0.000152736262374
136.0 0.000137425978611
137.0 0.000122674436131
138.0 0.000108455471037
139.0 9.47471020453e-05
140.0 8.1531778148e-05
141.0 6.87959808516e-05
142.0 5.65293364614e-05
143.0 4.4723458823e-05
144.0 3.33707490445e-05
145.0 2.24633389615e-05
146.0 1.19923000627e-05
147.0 1.94716949238e-06
148.0 -7.68421575895e-06
149.0 -1.69156287196e-05
150.0 -2.57621829418e-05
151.0 -3.42399668784e-05
152.0 -4.23656568138e-05
153.0 -5.01561623016e-05
154.0 -5.76283292444e-05
155.0 -6.47986947329e-05
156.0 -7.16832621756e-05
157.0 -7.82972529123e-05
158.0 -8.46547968599e-05
159.0 -9.07685501369e-05
160.0 -9.66492660319e-05
161.0 -0.000102305385625
162.0 -0.00010774274207
163.0 -0.000112964476534
164.0 -0.000117971238975
165.0 -0.000122761696993
166.0 -0.000127333312551
167.0 -0.00013168328589
168.0 -0.000135809524766
169.0 -0.000139711486564
170.0 -0.000143390764166
171.0 -0.000146851337905
172.0 -0.000150099482841
173.0 -0.000153143386508
174.0 -0.000155992581936
175.0 -0.000158657323374
176.0 -0.000161148024415
177.0 -0.000163474844377
178.0 -0.00016564745944
179.0 -0.000167675003745
180.0 -0.000169566125396
181.0 -0.000171329081966
182.0 -0.000172971802368
183.0 -0.000174501863473
184.0 -0.000175926362459
185.0 -0.000177251699895
186.0 -0.000178483315394
187.0 -0.00017962543206
188.0 -0.00018068086646
189.0 -0.000181650949642
190.0 -0.000182535585673
191.0 -0.000183333451766
192.0 -0.000184042322322
193.0 -0.000184659481077
194.0 -0.000185182173348
195.0 -0.000185608045525
196.0 -0.000185935522445
197.0 -0.000186164084674
198.0 -0.000186294425472
199.0 -0.000186328487992
200.0 -0.000186269402661
201.0 -0.000186121358239
202.0 -0.00018588944426
203.0 -0.000185579496518
204.0 -0.000185197962647
205.0 -0.000184751786199
206.0 -0.000184248290718
207.0 -0.000183695035612
208.0 -0.000183099616949
209.0 -0.000182469398872
210.0 -0.00018181118247
211.0 -0.000181130842996
212.0 -0.000180432986505
213.0 -0.000179720687281
214.0 -0.000178995363862
215.0 -0.000178256833722
216.0 -0.000177503557707
217.0 -0.000176733051085
218.0 -0.000175942405841
219.0 -0.00017512884566
220.0 -0.000174290226008
221.0 -0.000173425399016
222.0 -0.00017253438525
223.0 -0.000171618327642
224.0 -0.000170679240526
225.0 -0.000169719601757
226.0 -0.000168741861883
227.0 -0.000167747956778
228.0 -0.000166738907059
229.0 -0.000165714570261
230.0 -0.000164673583589
231.0 -0.000163613501881
232.0 -0.00016253110327
233.0 -0.000161422809696
234.0 -0.000160285155035
235.0 -0.000159115231737
236.0 -0.000157911056868
237.0 -0.000156671816993
238.0 -0.000155397974105
239.0 -0.000154091236844
240.0 -0.00015275441858
241.0 -0.0001513912141
242.0 -0.00015000592919
243.0 -0.000148603193758
244.0 -0.000147187681823
245.0 -0.000145763853815
246.0 -0.000144335730476
247.0 -0.00014290670468
248.0 -0.000141479397584
249.0 -0.000140055567439
250.0 -0.000138636081187
251.0 -0.000137220958755
252.0 -0.000135809496327
253.0 -0.000134400467648
254.0 -0.000132992392423
255.0 -0.000131583849921
256.0 -0.000130173806333
257.0 -0.000128761918398
258.0 -0.000127348775043
259.0 -0.000125936043812
260.0 -0.000124526499279
261.0 -0.00012312392494
262.0 -0.000121732896044
263.0 -0.000120358465932
264.0 -0.000119005790319
265.0 -0.000117679731009
266.0 -0.000116384481576
267.0 -0.000115123253057
268.0 -0.000113898048323
269.0 -0.000112709541495
270.0 -0.000111557065394
271.0 -0.000110438697655
272.0 -0.000109351426398
273.0 -0.000108291370332
274.0 -0.000107254026152
275.0 -0.000106234517806
276.0 -0.000105227826801
277.0 -0.000104228989028
278.0 -0.000103233250413
279.0 -0.000102236180067
280.0 -0.000101233744673
281.0 -0.000100222351372
282.0 -9.91988681809e-05
283.0 -9.8160631306e-05
284.0 -9.71054478648e-05
285.0 -9.6031600836e-05
286.0 -9.49378608781e-05
287.0 -9.38235072145e-05
288.0 -9.26883572958e-05
289.0 -9.1532802595e-05
290.0 -9.03578458422e-05
291.0 -8.91651334455e-05
292.0 -8.7956975962e-05
293.0 -8.67363494086e-05
294.0 -8.55068710182e-05
295.0 -8.42727447213e-05
296.0 -8.30386740127e-05
297.0 -8.18097427176e-05
298.0 -8.05912671627e-05
299.0 -7.93886260686e-05
