10.0 0.43439932838059614
11.0 0.3695717991053303
12.0 0.3171861416188826
13.0 0.2742912333985149
14.0 0.23876476971621888
15.0 0.209049600067381
16.0 0.18398285541907364
17.0 0.1626788002905855
18.0 0.14445019091112268
19.0 0.12875718761330782
20.0 0.1151722666782723
21.0 0.10335382735937687
22.0 0.09302587515026206
23.0 0.08396287510015793
24.0 0.07597889307373693
25.0 0.06891982462584006
26.0 0.06265746825546774
27.0 0.05708463891151205
28.0 0.052111111126852544
29.0 0.047660433176184056
30.0 0.04366751184189698
31.0 0.040076711129970514
32.0 0.0368402673218818
33.0 0.0339169674770329
34.0 0.031271098024554064
35.0 0.028871632292299207
36.0 0.026691569746281823
37.0 0.024707344243496833
38.0 0.022898290590681894
39.0 0.02124621417588876
40.0 0.01973507865662738
41.0 0.01835075776767391
42.0 0.01708078623049586
43.0 0.01591410552726689
44.0 0.014840852157828679
45.0 0.013852217334556945
46.0 0.01294035120398571
47.0 0.012098265020660052
48.0 0.011319718083912144
49.0 0.010599112898782124
50.0 0.009931419129269738
51.0 0.009312118399306046
52.0 0.008737148580101058
53.0 0.008202840533867595
54.0 0.007705859207045137
55.0 0.007243161829048008
56.0 0.0068119724437360855
57.0 0.006409762569663936
58.0 0.006034231029267249
59.0 0.005683284242137239
60.0 0.005355020854724881
61.0 0.005047720097871158
62.0 0.004759828490800414
63.0 0.004489940267642783
64.0 0.00423677248624822
65.0 0.003999140957115203
66.0 0.00377594360475121
67.0 0.0035661536688885082
68.0 0.003368819857127702
69.0 0.003183067986521282
70.0 0.003008099918319544
71.0 0.00284318877797857
72.0 0.002687671739461348
73.0 0.0025409418213200967
74.0 0.0024024392218391973
75.0 0.0022716424431190184
76.0 0.002148060302106449
77.0 0.002031226769577395
78.0 0.0019207000766418671
79.0 0.0018160656589368477
80.0 0.0017169406091448727
81.0 0.0016229767503038108
82.0 0.0015338604239647858
83.0 0.001449308698684489
84.0 0.0013690629475906371
85.0 0.0012928813172048007
86.0 0.0012205317799321954
87.0 0.001151787437197059
88.0 0.0010864253651327916
89.0 0.0010242293539039242
90.0 0.0009649955582685103
91.0 0.00090853895697266
92.0 0.0008546982257646742
93.0 0.0008033373156234954
94.0 0.0007543432953415222
95.0 0.0007076212316720143
96.0 0.0006630875789615098
97.0 0.0006206636325350266
98.0 0.0005802702412267411
99.0 0.0005418244296323
100.0 0.0005052380496550187
101.0 0.0004704181769800996
102.0 0.00043726873707483963
103.0 0.00040569278302713524
104.0 0.0003755949123866739
105.0 0.00034688344581386703
106.0 0.00031947215143285725
107.0 0.000293281457944419
108.0 0.00026823923162473884
109.0 0.00024428126105385074
110.0 0.00022135156518040066
111.0 0.00019940251900949226
112.0 0.00017839463900178263
113.0 0.00015829578585988653
114.0 0.00013907960326705303
115.0 0.0001207232198557746
116.0 0.00010320451579797509
117.0 8.649946997807592e-05
118.0 7.058015863508776e-05
119.0 5.541384598815865e-05
120.0 4.096334541249968e-05
121.0 2.7188532958312117e-05
122.0 1.404865335318575e-05
123.0 1.5049219213418635e-06
124.0 -1.0477099699986556e-05
125.0 -2.1925809542784988e-05
126.0 -3.2862873055078364e-05
127.0 -4.330366769199446e-05
128.0 -5.325878536427747e-05
129.0 -6.273630166077851e-05
130.0 -7.174435391496896e-05
131.0 -8.02934937558209e-05
132.0 -8.839832304799478e-05
133.0 -9.607808318661737e-05
134.0 -0.00010335610928069553
135.0 -0.00011025831973455602
136.0 -0.00011681111919883475
137.0 -0.00012303919640484825
138.0 -0.00012896367833246353
139.0 -0.00013460097569509662
140.0 -0.00013996246717684404
141.0 -0.00014505497730538856
142.0 -0.00014988185347118436
143.0 -0.0001544443686474663
144.0 -0.0001587431705836568
145.0 -0.0001627795490275524
146.0 -0.0001665563739520422
147.0 -0.00017007864460882361
148.0 -0.00017335366347945208
149.0 -0.00017639090179150284
150.0 -0.00017920165227308936
151.0 -0.00018179857212823728
152.0 -0.00018419520800332657
153.0 -0.00018640556865580523
154.0 -0.00018844377502914858
155.0 -0.00019032377865369713
156.0 -0.00019205910713793132
157.0 -0.00019366257979289177
158.0 -0.00019514594403905383
159.0 -0.00019651941482342686
160.0 -0.00019779114744273045
161.0 -0.00019896672463011095
162.0 -0.0002000487743045639
163.0 -0.00020103684050938467
164.0 -0.00020192760028717586
165.0 -0.000202715457890129
166.0 -0.00020339346925226634
167.0 -0.00020395447449293128
168.0 -0.0002043922647162342
169.0 -0.0002047025957659776
170.0 -0.00020488388997701924
171.0 -0.00020493753034964737
172.0 -0.0002048677341024692
173.0 -0.0002046810740203105
174.0 -0.0002043857772570589
175.0 -0.0002039909590510227
176.0 -0.00020350593891945513
177.0 -0.00020293974469547184
178.0 -0.00020230084833426458
179.0 -0.0002015971137004207
180.0 -0.00020083588664445383
181.0 -0.0002000241325966825
182.0 -0.0001991685300398063
183.0 -0.00019827545517920006
184.0 -0.00019735083387121418
185.0 -0.00019639987922416598
186.0 -0.0001954267666192005
187.0 -0.00019443431567484225
188.0 -0.00019342374933216492
189.0 -0.00019239458635478496
190.0 -0.00019134470011310034
191.0 -0.00019027054908598185
192.0 -0.0001891675578952905
193.0 -0.0001880306055746987
194.0 -0.0001868545628249056
195.0 -0.00018563481409601234
196.0 -0.00018436770448033838
197.0 -0.00018305086535180075
198.0 -0.00018168339442141366
199.0 -0.00018026589141908442
200.0 -0.00017880037453008371
201.0 -0.0001772901193683688
202.0 -0.00017573946742199275
203.0 -0.00017415364320106947
204.0 -0.00017253860099832854
205.0 -0.00017090089870484961
206.0 -0.0001692475747603418
207.0 -0.0001675859920095701
208.0 -0.00016592361351571176
209.0 -0.00016426769092118363
210.0 -0.00016262487219680658
211.0 -0.00016100076568909748
212.0 -0.00015939952285287095
213.0 -0.00015782351529854239
214.0 -0.00015627317798219345
215.0 -0.0001547470688757251
216.0 -0.00015324216001710698
217.0 -0.00015175433270983235
218.0 -0.00015027900984018492
219.0 -0.0001488118294927811
220.0 -0.00014734925264275715
221.0 -0.00014588900637286232
222.0 -0.0001444302913267551
223.0 -0.00014297372272718836
224.0 -0.00014152102046178776
225.0 -0.00014007450674968257
226.0 -0.0001386365018472546
227.0 -0.00013720872353870683
228.0 -0.0001357917924861816
229.0 -0.0001343849241962565
230.0 -0.0001329858539344561
231.0 -0.00013159100019328944
232.0 -0.00013019583295961168
233.0 -0.00012879538205908252
234.0 -0.00012738480329348837
235.0 -0.00012595991803255683
236.0 -0.00012451765429363087
237.0 -0.00012305634029969608
238.0 -0.00012157582947155199
239.0 -0.00012007746281792458
240.0 -0.00011856389575482066
241.0 -0.0001170388285356119
242.0 -0.00011550668219926019
243.0 -0.00011397225701090685
244.0 -0.00011244040105114168
245.0 -0.00011091570662334899
246.0 -0.00010940224455736806
247.0 -0.00010790334293479383
248.0 -0.0001064214171570262
249.0 -0.00010495786103581042
250.0 -0.00010351301126528369
251.0 -0.000102086197782461
252.0 -0.00010067588846634316
253.0 -9.927992799175615e-05
254.0 -9.789585850348752e-05
255.0 -9.652129634063119e-05
256.0 -9.51543271627025e-05
257.0 -9.379387426577361e-05
258.0 -9.243999364931452e-05
259.0 -9.10940553241157e-05
260.0 -8.975878288027741e-05
261.0 -8.84381406403748e-05
262.0 -8.713707709512292e-05
263.0 -8.586115168158734e-05
264.0 -8.46160864549159e-05
265.0 -8.34072926803911e-05
266.0 -8.223942375327251e-05
267.0 -8.111600026097577e-05
268.0 -8.00391416682498e-05
269.0 -7.900942409046457e-05
270.0 -7.802586740657772e-05
271.0 -7.708603999679312e-05
272.0 -7.618625767791615e-05
273.0 -7.532184622100037e-05
274.0 -7.448743457829107e-05
275.0 -7.367724820463703e-05
276.0 -7.288537758013966e-05
277.0 -7.210600481698084e-05
278.0 -7.133357960012215e-05
279.0 -7.056294340620459e-05
280.0 -6.97894070829699e-05
281.0 -6.900879100555549e-05
282.0 -6.821743910959843e-05
283.0 -6.741221837860746e-05
284.0 -6.659051423581757e-05
285.0 -6.575023019145754e-05
286.0 -6.48897974096964e-05
287.0 -6.40081968902094e-05
288.0 -6.3104993944126e-05
289.0 -6.218038178866429e-05
290.0 -6.123522859411844e-05
291.0 -6.027112040803792e-05
292.0 -5.9290391273335404e-05
293.0 -5.8296131724769966e-05
294.0 -5.7292167785577275e-05
295.0 -5.628300455939477e-05
296.0 -5.5273731352794566e-05
297.0 -5.426988867223181e-05
298.0 -5.3277301035718026e-05
299.0 -5.230188291401496e-05
