10.0 0.433189523613167
11.0 0.3597926115624678
12.0 0.30100746815137647
13.0 0.2533773384587928
14.0 0.21441118417905045
15.0 0.18227669041750003
16.0 0.1556013783615014
17.0 0.13333629980078215
18.0 0.11466457750427438
19.0 0.09894202808290284
20.0 0.08565640212614381
21.0 0.0743967298983708
22.0 0.06482972101216286
23.0 0.05668216282701493
24.0 0.04972829093735687
25.0 0.043780734768016034
26.0 0.03868359167261957
27.0 0.034306694871337716
28.0 0.030540832321060946
29.0 0.027293967374413912
30.0 0.024488346867008657
31.0 0.022058200167019242
32.0 0.019947801409563905
33.0 0.018109835615958025
34.0 0.01650407855241865
35.0 0.0150963559130949
36.0 0.013857681818862742
37.0 0.012763481638045302
38.0 0.011792887755417479
39.0 0.010928161299437009
40.0 0.010154257891123761
41.0 0.009458474946381534
42.0 0.00883010495049271
43.0 0.008260089770937173
44.0 0.007740731348024589
45.0 0.0072654922325333885
46.0 0.006828854245622702
47.0 0.006426180551031303
48.0 0.006053565280301582
49.0 0.00570769752747048
50.0 0.005385763145920919
51.0 0.005085374558548509
52.0 0.0048045031734315
53.0 0.00454140572064184
54.0 0.004294557907049976
55.0 0.004062609828125583
56.0 0.0038443618515101924
57.0 0.0036387487391577123
58.0 0.0034448235964915828
59.0 0.003261742896500699
60.0 0.003088756868411542
61.0 0.0029252043554858984
62.0 0.002770505718442575
63.0 0.002624148273653696
64.0 0.0024856652882827884
65.0 0.002354615611583663
66.0 0.0022305715947146046
67.0 0.0021131180689881015
68.0 0.002001858996010596
69.0 0.0018964254156275237
70.0 0.0017964798030988215
71.0 0.0017017156690012467
72.0 0.001611853905856382
73.0 0.0015266375859823858
74.0 0.0014458258457555211
75.0 0.0013691871701186989
76.0 0.0012964933804507526
77.0 0.0012275166115274336
78.0 0.0011620309788160994
79.0 0.0010998184584562196
80.0 0.0010406762879864731
81.0 0.0009844225443533456
82.0 0.0009308976982399437
83.0 0.0008799618200807631
84.0 0.0008314885604141594
85.0 0.0007853576940408479
86.0 0.0007414482144635361
87.0 0.0006996339341582717
88.0 0.000659783107963799
89.0 0.0006217624994453593
90.0 0.0005854447552325889
91.0 0.0005507166462746704
92.0 0.0005174853928704324
93.0 0.00048568108979201384
94.0 0.00045525472404828887
95.0 0.0004261726918258626
96.0 0.0003984095346949497
97.0 0.00037194071058160145
98.0 0.00034673679635687307
99.0 0.0003227598836331796
100.0 0.00029996231024033865
101.0 0.00027828739883954825
102.0 0.00025767160462724097
103.0 0.00023804740124067043
104.0 0.00021934630931123546
105.0 0.00020150162995690108
106.0 0.00018445063302926964
107.0 0.00016813613522455472
108.0 0.00015250755691428107
109.0 0.0001375216264935727
110.0 0.00012314286802678098
111.0 0.00010934386650150251
112.0 9.610512756291043e-05
113.0 8.341425015749762e-05
114.0 7.126420138765669e-05
115.0 5.965072600702538e-05
116.0 4.856924232741439e-05
117.0 3.801182627377123e-05
118.0 2.796494927161885e-05
119.0 1.84084836935503e-05
120.0 9.31618432189716e-06
121.0 6.575084389411161e-07
122.0 -7.599644455977034e-06
123.0 -1.5485851628668002e-05
124.0 -2.302735291902302e-05
125.0 -3.02440338971896e-05
126.0 -3.714857910321676e-05
127.0 -4.374695257496937e-05
128.0 -5.0040113451845034e-05
129.0 -5.6026627316511856e-05
130.0 -6.17056395375054e-05
131.0 -6.707958783001681e-05
132.0 -7.215608167522593e-05
133.0 -7.694856392003511e-05
134.0 -8.147565136787114e-05
135.0 -8.575935294310217e-05
136.0 -8.982260575704813e-05
137.0 -9.368669005836875e-05
138.0 -9.736906067661276e-05
139.0 -0.00010088198520907625
140.0 -0.0001042321606675897
141.0 -0.00010742125593915743
142.0 -0.00011044715336227379
143.0 -0.0001133055707209335
144.0 -0.00011599173822192293
145.0 -0.00011850186419504457
146.0 -0.0001208342181301705
147.0 -0.00012298976086183225
148.0 -0.0001249723382291669
149.0 -0.00012678851582937316
150.0 -0.00012844716628352423
151.0 -0.00012995892895421605
152.0 -0.00013133564899466053
153.0 -0.0001325898722494712
154.0 -0.00013373443057720165
155.0 -0.00013478210697907554
156.0 -0.00013574533245813946
157.0 -0.00013663584822063346
158.0 -0.00013746427570312207
159.0 -0.00013823957371203265
160.0 -0.0001389684180957626
161.0 -0.0001396545981753663
162.0 -0.00014029856557878933
163.0 -0.00014089727826768422
164.0 -0.00014144444784967595
165.0 -0.00014193122678548927
166.0 -0.00014234728066295926
167.0 -0.00014268210313297887
168.0 -0.00014292637108586858
169.0 -0.0001430731217889309
170.0 -0.00014311856677169817
171.0 -0.00014306243109794424
172.0 -0.00014290780282168422
173.0 -0.0001426605723379934
174.0 -0.00014232861269562999
175.0 -0.00014192088432283588
176.0 -0.00014144663608781533
177.0 -0.00014091482543462843
178.0 -0.00014033380874620886
179.0 -0.00013971127884226955
180.0 -0.00013905436837141654
181.0 -0.00013836980863505996
182.0 -0.00013766403703487694
183.0 -0.00013694317775205287
184.0 -0.000136212867744803
185.0 -0.00013547794950998345
186.0 -0.00013474209090118188
187.0 -0.00013400741301713065
188.0 -0.0001332742079420104
189.0 -0.00013254081194990553
190.0 -0.00013180367249608827
191.0 -0.00013105761535306678
192.0 -0.00013029628723728817
193.0 -0.00012951272350623184
194.0 -0.00012869997308657334
195.0 -0.00012785170590430865
196.0 -0.00012696273291186317
197.0 -0.00012602938506024822
198.0 -0.00012504972288297805
199.0 -0.00012402357811139717
200.0 -0.00012295245660355787
201.0 -0.0001218393512653531
202.0 -0.00012068851963856617
203.0 -0.00011950527184408384
204.0 -0.00011829579321339269
205.0 -0.00011706699858908922
206.0 -0.0001158263903765176
207.0 -0.00011458187808211367
208.0 -0.0001133415185617272
209.0 -0.00011211315430737497
210.0 -0.00011090395768866817
211.0 -0.00010971992410348553
212.0 -0.00010856538668294466
213.0 -0.0001074426406302494
214.0 -0.00010635176084998894
215.0 -0.00010529067148988566
216.0 -0.00010425548473304565
217.0 -0.00010324107709541977
218.0 -0.00010224182511591755
219.0 -0.0001012523887914589
220.0 -0.00010026841783197312
221.0 -9.92870659219385e-05
222.0 -9.830722995034828e-05
223.0 -9.732947850664022e-05
224.0 -9.63556877495261e-05
225.0 -9.538845287775257e-05
226.0 -9.44303806588109e-05
227.0 -9.348338628762323e-05
228.0 -9.254811357138871e-05
229.0 -9.162357259652847e-05
230.0 -9.070704892024989e-05
231.0 -8.97942908717133e-05
232.0 -8.887993568223594e-05
233.0 -8.795809907528186e-05
234.0 -8.702303247891487e-05
235.0 -8.606974962456654e-05
236.0 -8.509453870626756e-05
237.0 -8.409530301886379e-05
238.0 -8.307170557330577e-05
239.0 -8.202512465158319e-05
240.0 -8.0958451805937e-05
241.0 -7.98757779588519e-05
242.0 -7.87820164307919e-05
243.0 -7.768250596870337e-05
244.0 -7.658262598584727e-05
245.0 -7.548744458106217e-05
246.0 -7.4401411055675e-05
247.0 -7.332810050149698e-05
248.0 -7.227001849038514e-05
249.0 -7.122847710608575e-05
250.0 -7.020355667719648e-05
251.0 -6.919416773894092e-05
252.0 -6.819822302111647e-05
253.0 -6.721291919615271e-05
254.0 -6.62351139606871e-05
255.0 -6.526176836657766e-05
256.0 -6.429041047512422e-05
257.0 -6.331956759472877e-05
258.0 -6.234911293221516e-05
259.0 -6.138047939867179e-05
260.0 -6.0416707911560215e-05
261.0 -5.946231770391192e-05
262.0 -5.852300872895602e-05
263.0 -5.760522765100588e-05
264.0 -5.671564580584808e-05
265.0 -5.5860607398176105e-05
266.0 -5.5045607821768346e-05
267.0 -5.4274855481396574e-05
268.0 -5.355095729970112e-05
269.0 -5.287475060757131e-05
270.0 -5.224528523560959e-05
271.0 -5.1659942196774324e-05
272.0 -5.111466171439142e-05
273.0 -5.060424498426689e-05
274.0 -5.0122691438856175e-05
275.0 -4.9663535920855486e-05
276.0 -4.9220156847364584e-05
277.0 -4.878603551170379e-05
278.0 -4.835495642185442e-05
279.0 -4.792114754111104e-05
280.0 -4.747936644703169e-05
281.0 -4.702494323780795e-05
282.0 -4.655379343664466e-05
283.0 -4.606241445964727e-05
284.0 -4.554787788859849e-05
285.0 -4.500782733166036e-05
286.0 -4.444048851053714e-05
287.0 -4.3844694737758034e-05
288.0 -4.32199274187172e-05
289.0 -4.256636786974719e-05
290.0 -4.1884953825287525e-05
291.0 -4.1177431767708726e-05
292.0 -4.04463949074347e-05
293.0 -3.969529647379913e-05
294.0 -3.892842905763577e-05
295.0 -3.815086303670319e-05
296.0 -3.736834041699401e-05
297.0 -3.658712439014178e-05
298.0 -3.581380909550165e-05
299.0 -3.5055098008006396e-05
