10.0 0.110048919453
11.0 0.0935094898021
12.0 0.080249256821
13.0 0.0694402256938
14.0 0.0605071777966
15.0 0.0530395177605
16.0 0.0467359764431
17.0 0.0413702897204
18.0 0.0367696048984
19.0 0.0327997730811
20.0 0.0293549733905
21.0 0.026350572645
22.0 0.0237181786898
23.0 0.0214020261859
24.0 0.0193562579082
25.0 0.0175428967993
26.0 0.0159303194032
27.0 0.0144920504926
28.0 0.0132057795401
29.0 0.0120525740145
30.0 0.0110162704457
31.0 0.0100829982076
32.0 0.00924079166552
33.0 0.00847927373027
34.0 0.00778941042521
35.0 0.0071633272123
36.0 0.00659416291559
37.0 0.0060759369107
38.0 0.00560341964261
39.0 0.00517201153932
40.0 0.00477764047101
41.0 0.00441668319537
42.0 0.00408590836875
43.0 0.00378243376311
44.0 0.00350369020888
45.0 0.00324738778977
46.0 0.00301148318006
47.0 0.00279414895735
48.0 0.00259374603598
49.0 0.00240879980125
50.0 0.00223797989808
51.0 0.00208008330572
52.0 0.00193402025679
53.0 0.00179880254129
54.0 0.00167353367719
55.0 0.00155740037205
56.0 0.00144966473723
57.0 0.00134965688858
58.0 0.00125676782315
59.0 0.00117044269642
60.0 0.00109017474424
61.0 0.001015500064
62.0 0.000945993327289
63.0 0.000881264320317
64.0 0.000820955080156
65.0 0.000764737359265
66.0 0.0007123102081
67.0 0.000663397576508
68.0 0.000617745947417
69.0 0.00057512208873
70.0 0.000535311024011
71.0 0.000498114288234
72.0 0.000463348476696
73.0 0.000430844041079
74.0 0.000400444256209
75.0 0.000372004280128
76.0 0.00034539025253
77.0 0.000320478409276
78.0 0.000297154219975
79.0 0.000275311572569
80.0 0.000254852030867
81.0 0.000235684181315
82.0 0.000217723070352
83.0 0.000200889720024
84.0 0.00018511070164
85.0 0.000170317746486
86.0 0.000156447377783
87.0 0.000143440556031
88.0 0.000131242337576
89.0 0.000119801551289
90.0 0.000109070499676
91.0 9.90046890941e-05
92.0 8.95625901665e-05
93.0 8.07054258378e-05
94.0 7.23969818717e-05
95.0 6.46034338177e-05
96.0 5.72931853323e-05
97.0 5.04367146671e-05
98.0 4.40064282605e-05
99.0 3.79765220199e-05
100.0 3.23228516542e-05
101.0 2.70228133192e-05
102.0 2.20552351059e-05
103.0 1.74002789419e-05
104.0 1.30393516583e-05
105.0 8.95502355329e-06
106.0 5.13095282186e-06
107.0 1.55181460747e-06
108.0 -1.79676603113e-06
109.0 -4.92827746061e-06
110.0 -7.85538103275e-06
111.0 -1.05899666705e-05
112.0 -1.31432043483e-05
113.0 -1.55255914915e-05
114.0 -1.77469965078e-05
115.0 -1.98166988197e-05
116.0 -2.17434258686e-05
117.0 -2.35353875662e-05
118.0 -2.52003086006e-05
119.0 -2.67454588721e-05
120.0 -2.81776821967e-05
121.0 -2.95034233063e-05
122.0 -3.07287531326e-05
123.0 -3.18593923693e-05
124.0 -3.29007333558e-05
125.0 -3.38578603698e-05
126.0 -3.4735568452e-05
127.0 -3.55383808938e-05
128.0 -3.62705655231e-05
129.0 -3.69361499183e-05
130.0 -3.75389356776e-05
131.0 -3.80825118603e-05
132.0 -3.85702676879e-05
133.0 -3.90054045574e-05
134.0 -3.93909473691e-05
135.0 -3.97297551423e-05
136.0 -4.00245308882e-05
137.0 -4.0277830731e-05
138.0 -4.04920723187e-05
139.0 -4.06695426093e-05
140.0 -4.08124051506e-05
141.0 -4.09227069641e-05
142.0 -4.10023851182e-05
143.0 -4.10532730189e-05
144.0 -4.10771064038e-05
145.0 -4.10755289922e-05
146.0 -4.10500977469e-05
147.0 -4.10022877213e-05
148.0 -4.09334965116e-05
149.0 -4.08450483616e-05
150.0 -4.07381979958e-05
151.0 -4.06141342541e-05
152.0 -4.04739835796e-05
153.0 -4.03188133817e-05
154.0 -4.01496352642e-05
155.0 -3.99674080886e-05
156.0 -3.97730408375e-05
157.0 -3.95673952597e-05
158.0 -3.93512882973e-05
159.0 -3.91254943219e-05
160.0 -3.8890747221e-05
161.0 -3.86477423782e-05
162.0 -3.83971385809e-05
163.0 -3.81395598702e-05
164.0 -3.78755973289e-05
165.0 -3.76058107894e-05
166.0 -3.733073044e-05
167.0 -3.70508583153e-05
168.0 -3.6766669669e-05
169.0 -3.64786142416e-05
170.0 -3.61871174464e-05
171.0 -3.58925814973e-05
172.0 -3.55953864991e-05
173.0 -3.52958915084e-05
174.0 -3.49944355642e-05
175.0 -3.46913386781e-05
176.0 -3.43869027719e-05
177.0 -3.40814125547e-05
178.0 -3.37751363369e-05
179.0 -3.34683267877e-05
180.0 -3.31612216467e-05
181.0 -3.28540444043e-05
182.0 -3.2547004958e-05
183.0 -3.2240300254e-05
184.0 -3.19341149107e-05
185.0 -3.16286218202e-05
186.0 -3.13239827237e-05
187.0 -3.10203487535e-05
188.0 -3.07178609416e-05
189.0 -3.04166506977e-05
190.0 -3.0116840261e-05
191.0 -2.98185431318e-05
192.0 -2.95218644897e-05
193.0 -2.92269015996e-05
194.0 -2.89337442077e-05
195.0 -2.86424749237e-05
196.0 -2.83531695889e-05
197.0 -2.80658976257e-05
198.0 -2.77807223682e-05
199.0 -2.74977013759e-05
200.0 -2.72168867305e-05
201.0 -2.69383253203e-05
202.0 -2.6662059114e-05
203.0 -2.63881254267e-05
204.0 -2.61165571772e-05
205.0 -2.58473831368e-05
206.0 -2.55806281693e-05
207.0 -2.53163134594e-05
208.0 -2.50544567307e-05
209.0 -2.47950724519e-05
210.0 -2.4538172033e-05
211.0 -2.42837640121e-05
212.0 -2.4031854235e-05
213.0 -2.37824460271e-05
214.0 -2.35355403599e-05
215.0 -2.32911360108e-05
216.0 -2.30492297161e-05
217.0 -2.28098163176e-05
218.0 -2.25728889012e-05
219.0 -2.23384389288e-05
220.0 -2.21064563621e-05
221.0 -2.18769297807e-05
222.0 -2.16498464939e-05
223.0 -2.14251926473e-05
224.0 -2.12029533237e-05
225.0 -2.09831126406e-05
226.0 -2.07656538412e-05
227.0 -2.05505593824e-05
228.0 -2.03378110162e-05
229.0 -2.01273898668e-05
230.0 -1.9919276503e-05
231.0 -1.97134510057e-05
232.0 -1.95098930308e-05
233.0 -1.93085818682e-05
234.0 -1.91094964975e-05
235.0 -1.89126156397e-05
236.0 -1.87179178057e-05
237.0 -1.85253813416e-05
238.0 -1.83349844704e-05
239.0 -1.81467053313e-05
240.0 -1.79605220147e-05
241.0 -1.77764125947e-05
242.0 -1.75943551589e-05
243.0 -1.7414327835e-05
244.0 -1.72363088153e-05
245.0 -1.70602763782e-05
246.0 -1.68862089088e-05
247.0 -1.67140849164e-05
248.0 -1.65438830506e-05
249.0 -1.63755821154e-05
250.0 -1.62091610816e-05
251.0 -1.60445990971e-05
252.0 -1.58818754959e-05
253.0 -1.57209698055e-05
254.0 -1.55618617526e-05
255.0 -1.54045312678e-05
256.0 -1.52489584891e-05
257.0 -1.50951237648e-05
258.0 -1.49430076549e-05
259.0 -1.47925909321e-05
260.0 -1.46438545819e-05
261.0 -1.44967798017e-05
262.0 -1.43513479998e-05
263.0 -1.42075407928e-05
264.0 -1.40653400034e-05
265.0 -1.3924727657e-05
266.0 -1.37856859787e-05
267.0 -1.36481973892e-05
268.0 -1.35122445011e-05
269.0 -1.33778101151e-05
270.0 -1.32448772154e-05
271.0 -1.31134289661e-05
272.0 -1.29834487062e-05
273.0 -1.28549199452e-05
274.0 -1.27278263593e-05
275.0 -1.2602151786e-05
276.0 -1.24778802207e-05
277.0 -1.23549958116e-05
278.0 -1.22334828564e-05
279.0 -1.21133257983e-05
280.0 -1.1994509222e-05
281.0 -1.18770178508e-05
282.0 -1.1760836543e-05
283.0 -1.1645950289e-05
284.0 -1.15323442085e-05
285.0 -1.14200035474e-05
286.0 -1.13089136763e-05
287.0 -1.11990600876e-05
288.0 -1.1090428394e-05
289.0 -1.0983004327e-05
290.0 -1.08767737353e-05
291.0 -1.07717225842e-05
292.0 -1.06678369544e-05
293.0 -1.05651030416e-05
294.0 -1.04635071558e-05
295.0 -1.03630357217e-05
296.0 -1.02636752782e-05
297.0 -1.01654124785e-05
298.0 -1.00682340912e-05
299.0 -9.97212700017e-06
