10.0 0.0718467994068
11.0 0.0670598555625
12.0 0.0627666998611
13.0 0.0588940865809
14.0 0.0553832031916
15.0 0.0521861588587
16.0 0.0492634689195
17.0 0.046582192875
18.0 0.0441145615217
19.0 0.0418369686155
20.0 0.0397292070133
21.0 0.0377738655584
22.0 0.0359558449357
23.0 0.0342619714689
24.0 0.0326806917848
25.0 0.0312018298272
26.0 0.0298163884582
27.0 0.0285163830824
28.0 0.027294701095
29.0 0.026144984157
30.0 0.025061529974
31.0 0.0240392095005
32.0 0.0230733962368
33.0 0.0221599056923
34.0 0.0212949438065
35.0 0.0204750629746
36.0 0.0196971240424
37.0 0.0189582629014
38.0 0.0182558610821
39.0 0.0175875202376
40.0 0.0169510401601
41.0 0.0163443994818
42.0 0.0157657382421
43.0 0.0152133421005
44.0 0.0146856284202
45.0 0.0141811342681
46.0 0.0136985059183
47.0 0.0132364893131
48.0 0.0127939212471
49.0 0.012369721365
50.0 0.0119628850555
51.0 0.0115724771043
52.0 0.0111976258772
53.0 0.0108375179419
54.0 0.0104913931984
55.0 0.0101585405937
56.0 0.00983829437798
57.0 0.00953003076962
58.0 0.00923316492075
59.0 0.00894714814152
60.0 0.00867146536577
61.0 0.00840563280927
62.0 0.00814919574413
63.0 0.00790172633977
64.0 0.007662821589
65.0 0.00743210139308
66.0 0.00720920687891
67.0 0.0069937989676
68.0 0.00678555714796
69.0 0.00658417837442
70.0 0.00638937602012
71.0 0.00620087885181
72.0 0.00601843002558
73.0 0.0058417861149
74.0 0.00567071618312
75.0 0.00550500091546
76.0 0.00534443183244
77.0 0.00518881060842
78.0 0.00503794850438
79.0 0.00489166589678
80.0 0.00474979186031
81.0 0.00461216375722
82.0 0.0044786267999
83.0 0.0043490335784
84.0 0.00422324356696
85.0 0.00410112263757
86.0 0.00398254261382
87.0 0.00386738089512
88.0 0.00375552016934
89.0 0.00364684821206
90.0 0.0035412577474
91.0 0.00343864632966
92.0 0.0033389162018
93.0 0.00324197409973
94.0 0.00314773099278
95.0 0.00305610177231
96.0 0.00296700491524
97.0 0.00288036215319
98.0 0.00279609817438
99.0 0.00271414037604
100.0 0.00263441867422
101.0 0.00255686536866
102.0 0.00248141505335
103.0 0.0024080045601
104.0 0.00233657292191
105.0 0.00226706134462
106.0 0.00219941317819
107.0 0.0021335738821
108.0 0.00206949098249
109.0 0.00200711401981
110.0 0.00194639448668
111.0 0.00188728575436
112.0 0.00182974298543
113.0 0.00177372303083
114.0 0.00171918431148
115.0 0.0016660866891
116.0 0.00161439133513
117.0 0.0015640606096
118.0 0.00151505796176
119.0 0.00146734786083
120.0 0.00142089575977
121.0 0.00137566808854
122.0 0.00133163226806
123.0 0.00128875673282
124.0 0.00124701094915
125.0 0.00120636541827
126.0 0.00116679165618
127.0 0.00112826214795
128.0 0.0010907502789
129.0 0.0010542302505
130.0 0.00101867699187
131.0 0.00098406607948
132.0 0.000950373675618
133.0 0.00091757649276
134.0 0.000885651785249
135.0 0.000854577364188
136.0 0.000824331626944
137.0 0.000794893590372
138.0 0.000766242917123
139.0 0.000738359926913
140.0 0.000711225588572
141.0 0.000684821492901
142.0 0.000659129809958
143.0 0.000634133236651
144.0 0.000609814941264
145.0 0.000586158510962
146.0 0.000563147906846
147.0 0.000540767429241
148.0 0.000519001694046
149.0 0.000497835619444
150.0 0.000477254421217
151.0 0.000457243614394
152.0 0.000437789018957
153.0 0.000418876767687
154.0 0.000400493314877
155.0 0.000382625445338
156.0 0.000365260283625
157.0 0.000348385303648
158.0 0.000331988338562
159.0 0.000316057590253
160.0 0.000300581636909
161.0 0.000285549436419
162.0 0.000270950323071
163.0 0.000256773995289
164.0 0.000243010493189
165.0 0.000229650166249
166.0 0.000216683633202
167.0 0.000204101737792
168.0 0.000191895505022
169.0 0.000180056102631
170.0 0.000168574811715
171.0 0.000157443008896
172.0 0.000146652160463
173.0 0.000136193827063
174.0 0.000126059676027
175.0 0.000116241497733
176.0 0.000106731222465
177.0 9.75209350434e-05
178.0 8.86028857306e-05
179.0 7.99694972385e-05
180.0 7.16133687357e-05
181.0 6.35272783622e-05
182.0 5.57041857847e-05
183.0 4.81372358685e-05
184.0 4.0819763777e-05
185.0 3.37453009739e-05
186.0 2.69075809273e-05
187.0 2.03005429476e-05
188.0 1.39183325902e-05
189.0 7.75529739938e-06
190.0 1.80597735409e-06
191.0 -3.93490990839e-06
192.0 -9.47248830372e-06
193.0 -1.48117455637e-05
194.0 -1.99575567684e-05
195.0 -2.49147072225e-05
196.0 -2.96879128778e-05
197.0 -3.42818368864e-05
198.0 -3.87011014281e-05
199.0 -4.29502945921e-05
200.0 -4.70339726806e-05
201.0 -5.09566587237e-05
202.0 -5.47228381658e-05
203.0 -5.8336952606e-05
204.0 -6.18033921861e-05
205.0 -6.51264868494e-05
206.0 -6.83104963783e-05
207.0 -7.13595989834e-05
208.0 -7.42778783386e-05
209.0 -7.70693093259e-05
210.0 -7.97377432833e-05
211.0 -8.22868940913e-05
212.0 -8.47203268146e-05
213.0 -8.70414506993e-05
214.0 -8.92535180208e-05
215.0 -9.13596296068e-05
216.0 -9.3362746921e-05
217.0 -9.52657095627e-05
218.0 -9.70712561216e-05
219.0 -9.87820457198e-05
220.0 -0.00010040067741
221.0 -0.000101929704922
222.0 -0.00010337164502
223.0 -0.000104728978815
224.0 -0.000106004146543
225.0 -0.000107199537438
226.0 -0.000108317477091
227.0 -0.000109360215071
228.0 -0.000110329915466
229.0 -0.000111228652431
230.0 -0.000112058411952
231.0 -0.000112821099978
232.0 -0.000113518556044
233.0 -0.000114152570683
234.0 -0.000114724904424
235.0 -0.00011523730606
236.0 -0.000115691528119
237.0 -0.000116089337993
238.0 -0.000116432523899
239.0 -0.000116722895516
240.0 -0.000116962279806
241.0 -0.000117152512932
242.0 -0.000117295429417
243.0 -0.00011739284976
244.0 -0.000117446567599
245.0 -0.00011745833737
246.0 -0.00011742986327
247.0 -0.000117362790137
248.0 -0.000117258696835
249.0 -0.000117119092577
250.0 -0.000116945416539
251.0 -0.00011673904095
252.0 -0.000116501277567
253.0 -0.000116233387168
254.0 -0.000115936591283
255.0 -0.000115612085106
256.0 -0.000115261050236
257.0 -0.000114884665784
258.0 -0.000114484116478
259.0 -0.000114060596624
260.0 -0.000113615309228
261.0 -0.000113149460109
262.0 -0.000112664247432
263.0 -0.000112160847586
264.0 -0.000111640398811
265.0 -0.000111103984169
266.0 -0.000110552615531
267.0 -0.000109987220086
268.0 -0.000109408630556
269.0 -0.00010881757986
270.0 -0.000108214700497
271.0 -0.000107600528425
272.0 -0.000106975510854
273.0 -0.000106340017077
274.0 -0.000105694351319
275.0 -0.000105038766597
276.0 -0.000104373478664
277.0 -0.000103698679299
278.0 -0.000103014548425
279.0 -0.000102321264761
280.0 -0.000101619014911
281.0 -0.000100908000958
282.0 -0.000100188446728
283.0 -9.94606029569e-05
284.0 -9.8724751568e-05
285.0 -9.79812092763e-05
286.0 -9.72303306368e-05
287.0 -9.64725105956e-05
288.0 -9.5708186516e-05
289.0 -9.4937839567e-05
290.0 -9.41619953007e-05
291.0 -9.33812231983e-05
292.0 -9.25961349516e-05
293.0 -9.1807381264e-05
294.0 -9.10156470101e-05
295.0 -9.02216446756e-05
296.0 -8.94261061105e-05
297.0 -8.86297727499e-05
298.0 -8.78333845823e-05
299.0 -8.70376682596e-05
