10.0 0.5061721698446962
11.0 0.4306336295774741
12.0 0.36959264680821885
13.0 0.31961050514576717
14.0 0.2782142459111733
15.0 0.24358944123081835
16.0 0.21438108914409484
17.0 0.18955711013133295
18.0 0.16831671181568442
19.0 0.1500308604994607
20.0 0.13420139563244576
21.0 0.12043027610396002
22.0 0.10839590671570977
23.0 0.09783548891357942
24.0 0.08853236793183174
25.0 0.08030697769774847
26.0 0.07300993484975642
27.0 0.06651634488100576
28.0 0.06072107498515016
29.0 0.05553504183917801
30.0 0.05088239731661448
31.0 0.04669831306719493
32.0 0.042927133698599323
33.0 0.03952083693683857
34.0 0.03643780850104502
35.0 0.033641895393418525
36.0 0.031101635965696855
37.0 0.028789570401622437
38.0 0.026681619138842046
39.0 0.024756581393635353
40.0 0.02299577124789826
41.0 0.02138272844984636
42.0 0.019902928167901124
43.0 0.01854348476067759
44.0 0.01729290504908628
45.0 0.016140924829538043
46.0 0.015078397270759781
47.0 0.014097178924499557
48.0 0.013189997981635934
49.0 0.012350332111252664
50.0 0.011572319849203873
51.0 0.010850696278926378
52.0 0.010180728113765662
53.0 0.009558139989295732
54.0 0.008979045823778007
55.0 0.008439900110373367
56.0 0.007937468240621222
57.0 0.007468803969313489
58.0 0.007031225910994835
59.0 0.006622294577229093
60.0 0.006239794466774245
61.0 0.005881720499506776
62.0 0.005546262523606311
63.0 0.005231782508085794
64.0 0.004936785539004453
65.0 0.004659891771297258
66.0 0.004399817041046541
67.0 0.004155364943380866
68.0 0.003925427010338806
69.0 0.0037089846236802613
70.0 0.0035051077736276497
71.0 0.0033129494891083514
72.0 0.003131737429855078
73.0 0.00296076432701082
74.0 0.0027993778866364154
75.0 0.0026469704472872296
76.0 0.002502969671080737
77.0 0.002366832529959195
78.0 0.0022380442645686953
79.0 0.002116121814900954
80.0 0.002000619008471191
81.0 0.0018911301414099337
82.0 0.0017872897316197642
83.0 0.0016887681008226157
84.0 0.001595263890990135
85.0 0.0015064952888413773
86.0 0.0014221919304428828
87.0 0.0013420894283130704
88.0 0.0012659280263936667
89.0 0.0011934557919710998
90.0 0.0011244351998429263
91.0 0.0010586506589539977
92.0 0.0009959141905456087
93.0 0.0009360672671438744
94.0 0.0008789782986871503
95.0 0.0008245366667551229
96.0 0.0007726450220152021
97.0 0.0007232116559551796
98.0 0.0006761443398013469
99.0 0.0006313463886886106
100.0 0.000588715090410821
101.0 0.0005481421674017535
102.0 0.0005095156713881978
103.0 0.0004727226375802838
104.0 0.0004376519008308039
105.0 0.0004041966342475003
106.0 0.00037225635844916446
107.0 0.0003417383551129153
108.0 0.0003125585723512177
109.0 0.0002846421895286448
110.0 0.0002579239762261253
111.0 0.00023234843869533253
112.0 0.00020786956980071267
113.0 0.00018444992008774533
114.0 0.0001620587785650157
115.0 0.00014066949498480236
116.0 0.0001202562948105283
117.0 0.00010079118808134929
118.0 8.224163738348352e-05
119.0 6.456949822604289e-05
120.0 4.773143989158522e-05
121.0 3.168070902344037e-05
122.0 1.6369816633205803e-05
123.0 1.7535699173672507e-06
124.0 -1.2208159502895798e-05
125.0 -2.5548461672917618e-05
126.0 -3.8292581675091874e-05
127.0 -5.045843767669453e-05
128.0 -6.20583716177148e-05
129.0 -7.31017933615337e-05
130.0 -8.359818471778994e-05
131.0 -9.355984068922648e-05
132.0 -0.00010300377570711016
133.0 -0.00011195241029120563
134.0 -0.00012043293505158983
135.0 -0.00012847555071395569
136.0 -0.00013611102458947007
137.0 -0.00014336812456032305
138.0 -0.00015027146827331785
139.0 -0.00015684017787225002
140.0 -0.0001630875120636691
141.0 -0.00016902142294546236
142.0 -0.00017464581097460872
143.0 -0.00017996215944903366
144.0 -0.00018497122314138913
145.0 -0.0001896745048957073
146.0 -0.00019407534887094856
147.0 -0.00019817958031110778
148.0 -0.00020199570823701478
149.0 -0.00020553476874264867
150.0 -0.00020880992037665825
151.0 -0.00021183591160664586
152.0 -0.00021462852729908736
153.0 -0.0002172040907829764
154.0 -0.0002195790561090833
155.0 -0.0002217696799240428
156.0 -0.00022379172491092768
157.0 -0.00022566012842820379
158.0 -0.00022738857884259286
159.0 -0.00022898897884720526
160.0 -0.00023047083118287574
161.0 -0.00023184064097971625
162.0 -0.00023310147034986996
163.0 -0.00023425278800201537
164.0 -0.00023529072194914137
165.0 -0.0002362087518961536
166.0 -0.00023699878645636304
167.0 -0.0002376524827708127
168.0 -0.0002381626060900464
169.0 -0.00023852421102485096
170.0 -0.00023873545924322454
171.0 -0.00023879796224917014
172.0 -0.00023871663404359325
173.0 -0.00023849913338777558
174.0 -0.0002381550467521895
175.0 -0.00023769499542386933
176.0 -0.0002371298387204063
177.0 -0.00023647009608227833
178.0 -0.00023572563922811136
179.0 -0.00023490563131526275
180.0 -0.00023401863189908165
181.0 -0.00023307275726047998
182.0 -0.00023207578932235508
183.0 -0.00023103515778705316
184.0 -0.00022995776759979593
185.0 -0.0002288496931952752
186.0 -0.00022771579982441142
187.0 -0.00022655937297208766
188.0 -0.0002253818376376008
189.0 -0.000224182633073161
190.0 -0.00022295928128064017
191.0 -0.00022170765559750618
192.0 -0.00022042242468705948
193.0 -0.000219097621480597
194.0 -0.00021772726919963925
195.0 -0.0002163059896984227
196.0 -0.00021482952419377518
197.0 -0.0002132951127076576
198.0 -0.00021170170387202754
199.0 -0.00021004999650607757
200.0 -0.00020834234224607936
201.0 -0.000206582557913368
202.0 -0.000204775702310489
203.0 -0.00020292786315776894
204.0 -0.00020104597853515727
205.0 -0.00019913768984939755
206.0 -0.00019721119845364176
207.0 -0.00019527508370533004
208.0 -0.00019333804173872281
209.0 -0.0001914085223357061
210.0 -0.00018949427186603103
211.0 -0.00018760182530509656
212.0 -0.0001857360200243148
213.0 -0.0001838996194791277
214.0 -0.0001820931304904531
215.0 -0.00018031487277371004
216.0 -0.00017856131807733196
217.0 -0.00017682766720064923
218.0 -0.000175108586784631
219.0 -0.00017339899422433
220.0 -0.00017169476576591881
221.0 -0.0001699932529535118
222.0 -0.000168293524358568
223.0 -0.000166596296852902
224.0 -0.0001649035744894558
225.0 -0.0001632180631718024
226.0 -0.00016154246651647918
227.0 -0.00015987878612546894
228.0 -0.00015822774520869221
229.0 -0.00015658842965622134
230.0 -0.00015495820054693463
231.0 -0.0001533328846252576
232.0 -0.00015170720341483928
233.0 -0.00015007536555329342
234.0 -0.00014843172646853878
235.0 -0.00014677141712369086
236.0 -0.00014509085797333106
237.0 -0.00014338810102411487
238.0 -0.0001416629754785624
239.0 -0.00013991704391113328
240.0 -0.00013815340047413068
241.0 -0.00013637635678858038
242.0 -0.0001345910643515922
243.0 -0.00013280311654341074
244.0 -0.0001310181624599544
245.0 -0.00012924155315960522
246.0 -0.00012747803206768533
247.0 -0.00012573147714203532
248.0 -0.00012400470286437273
249.0 -0.00012229933333646203
250.0 -0.00012061576088211831
251.0 -0.00011895320472841419
252.0 -0.0001173098796124363
253.0 -0.00011568327409931762
254.0 -0.00011407052423917243
255.0 -0.00011246885253504451
256.0 -0.00011087602835301307
257.0 -0.00010929079709269559
258.0 -0.00010771322400597225
259.0 -0.00010614490546118435
260.0 -0.00010458901504866653
261.0 -0.00010305017208900582
262.0 -0.00010153414267832206
263.0 -0.0001000474048015928
264.0 -9.859662593015257e-05
265.0 -9.718811139578027e-05
266.0 -9.582728344252899e-05
267.0 -9.451824434048814e-05
268.0 -9.326346373912776e-05
269.0 -9.206361294143478e-05
270.0 -9.091754988764414e-05
271.0 -8.982244119798878e-05
272.0 -8.877399397678395e-05
273.0 -8.776676170408059e-05
274.0 -8.679448591049638e-05
275.0 -8.585043796212638e-05
276.0 -8.492773194936025e-05
277.0 -8.401958873441413e-05
278.0 -8.311954096150957e-05
279.0 -8.222157779961897e-05
280.0 -8.132023533980145e-05
281.0 -8.041064338625628e-05
282.0 -7.948854180801353e-05
283.0 -7.855027994161336e-05
284.0 -7.759281122158334e-05
285.0 -7.661369276943191e-05
286.0 -7.561109654127193e-05
287.0 -7.45838351742977e-05
288.0 -7.35314021589576e-05
289.0 -7.245402263643543e-05
290.0 -7.135270821888691e-05
291.0 -7.022930700569288e-05
292.0 -6.90865386777749e-05
293.0 -6.792800439789355e-05
294.0 -6.6758162337038e-05
295.0 -6.55822619464255e-05
296.0 -6.440623340408185e-05
297.0 -6.323653263659365e-05
298.0 -6.2079946507401e-05
299.0 -6.0943366694975866e-05
