10.0 0.394166529678
11.0 0.33534313707
12.0 0.287809286377
13.0 0.248887179437
14.0 0.216651073194
15.0 0.189688035882
16.0 0.166942900007
17.0 0.147611964323
18.0 0.131071635573
19.0 0.116832072466
20.0 0.104505347283
21.0 0.0937814973404
22.0 0.0844100899395
23.0 0.0761864785183
24.0 0.0689419496188
25.0 0.0625366715001
26.0 0.0568543163102
27.0 0.0517976261648
28.0 0.0472847320163
29.0 0.0432462628753
30.0 0.0396231542681
31.0 0.0363649230442
32.0 0.0334282292213
33.0 0.0307756768811
34.0 0.0283748601397
35.0 0.0261976259246
36.0 0.0242194744126
37.0 0.0224190220881
38.0 0.0207775177078
39.0 0.0192784517916
40.0 0.0179072732364
41.0 0.0166511641103
42.0 0.0154988136325
43.0 0.0144401874929
44.0 0.01346633572
45.0 0.0125692653703
46.0 0.011741853621
47.0 0.0109777590037
48.0 0.0102713188133
49.0 0.00961745397847
50.0 0.00901160005831
51.0 0.00844965715552
52.0 0.00792793936385
53.0 0.00744311737035
54.0 0.00699216500438
55.0 0.0065723213079
56.0 0.00618106742573
57.0 0.00581610905699
58.0 0.00547535815248
59.0 0.00515691503311
60.0 0.00485905444313
61.0 0.00458021498602
62.0 0.00431898705985
63.0 0.00407409509669
64.0 0.00384437497674
65.0 0.00362875218669
66.0 0.00342622672207
67.0 0.00323586691813
68.0 0.00305680958841
69.0 0.00288826151425
70.0 0.00272949847816
71.0 0.00257986092661
72.0 0.00243874742258
73.0 0.00230560720146
74.0 0.00217993230875
75.0 0.00206124954615
76.0 0.00194911322257
77.0 0.00184310047103
78.0 0.001742810438
79.0 0.00164786695486
80.0 0.00155792257804
81.0 0.00147266137772
82.0 0.00139179874559
83.0 0.00131507795448
84.0 0.00124226433078
85.0 0.00117313842079
86.0 0.00110748968662
87.0 0.00104511224439
88.0 0.00098580381679
89.0 0.000929368218703
90.0 0.000875620484441
91.0 0.00082439272888
92.0 0.000775538569149
93.0 0.000728934556692
94.0 0.000684478219658
95.0 0.000642083417243
96.0 0.000601674341547
97.0 0.000563179577293
98.0 0.000526527304065
99.0 0.000491642231398
100.0 0.000458444375216
101.0 0.000426849417583
102.0 0.000396770182109
103.0 0.000368118700822
104.0 0.000340808407168
105.0 0.000314756112881
106.0 0.00028988357263
107.0 0.000266118584777
108.0 0.000243395696414
109.0 0.000221656643195
110.0 0.00020085062887
111.0 0.000180934439333
112.0 0.000161872247894
113.0 0.000143634891904
114.0 0.000126198456091
115.0 0.000109542187368
116.0 9.36460145803e-05
117.0 7.84881413776e-05
118.0 6.40432302164e-05
119.0 5.02815772084e-05
120.0 3.71694398457e-05
121.0 2.46704103415e-05
122.0 1.27475080579e-05
123.0 1.36554044266e-06
124.0 -9.50674128631e-06
125.0 -1.9895105018e-05
126.0 -2.98192096099e-05
127.0 -3.92930083021e-05
128.0 -4.83261120135e-05
129.0 -5.69258483955e-05
130.0 -6.50996011253e-05
131.0 -7.28569445709e-05
132.0 -8.02111282149e-05
133.0 -8.71796113704e-05
134.0 -9.37835679169e-05
135.0 -0.000100046515771
136.0 -0.000105992414063
137.0 -0.000111643664925
138.0 -0.000117019438617
139.0 -0.000122134625942
140.0 -0.000126999551721
141.0 -0.000131620408416
142.0 -0.000136000233391
143.0 -0.00014014018172
144.0 -0.00014404084116
145.0 -0.000147703382006
146.0 -0.000151130408422
147.0 -0.000154326456645
148.0 -0.00015729815282
149.0 -0.000160054090979
150.0 -0.00016260451795
151.0 -0.000164960918663
152.0 -0.000167135585114
153.0 -0.00016914122861
154.0 -0.000170990662254
155.0 -0.000172696545427
156.0 -0.000174271152849
157.0 -0.000175726116544
158.0 -0.00017707209592
159.0 -0.000178318359847
160.0 -0.0001794723083
161.0 -0.000180539006958
162.0 -0.000181520840347
163.0 -0.000182417394742
164.0 -0.000183225654948
165.0 -0.000183940543478
166.0 -0.000184555759405
167.0 -0.000185064805977
168.0 -0.000185462049347
169.0 -0.00018574363844
170.0 -0.00018590814171
171.0 -0.000185956814068
172.0 -0.000185893482145
173.0 -0.000185724109975
174.0 -0.000185456162737
175.0 -0.000185097911442
176.0 -0.00018465781246
177.0 -0.000184144057493
178.0 -0.00018356433385
179.0 -0.000182925777065
180.0 -0.000182235052638
181.0 -0.000181498480883
182.0 -0.000180722121739
183.0 -0.000179911760867
184.0 -0.000179072775287
185.0 -0.000178209895286
186.0 -0.000177326909532
187.0 -0.000176426376499
188.0 -0.000175509405864
189.0 -0.000174575560959
190.0 -0.000173622912119
191.0 -0.000172648245827
192.0 -0.000171647410463
193.0 -0.00017061575935
194.0 -0.000169548638249
195.0 -0.00016844185909
196.0 -0.00016729210547
197.0 -0.000166097228141
198.0 -0.000164856408379
199.0 -0.00016357019037
200.0 -0.000162240405381
201.0 -0.000160870025647
202.0 -0.000159462990561
203.0 -0.000158024040754
204.0 -0.000156558579049
205.0 -0.000155072555965
206.0 -0.000153572358061
207.0 -0.000152064666258
208.0 -0.000150556252412
209.0 -0.000149053696538
210.0 -0.000147563030892
211.0 -0.000146089344391
212.0 -0.000144636403996
213.0 -0.000143206361664
214.0 -0.000141799612068
215.0 -0.000140414846736
216.0 -0.000139049318146
217.0 -0.000137699289064
218.0 -0.000136360606295
219.0 -0.000135029311912
220.0 -0.000133702194664
221.0 -0.000132377192144
222.0 -0.00013105357903
223.0 -0.000129731913566
224.0 -0.000128413756347
225.0 -0.000127101214516
226.0 -0.000125796393433
227.0 -0.000124500851786
228.0 -0.000123215152755
229.0 -0.000121938584502
230.0 -0.000120669092047
231.0 -0.000119403425591
232.0 -0.000118137474677
233.0 -0.000116866729454
234.0 -0.000115586794379
235.0 -0.000114293877835
236.0 -0.000112985192356
237.0 -0.000111659221002
238.0 -0.000110315830768
239.0 -0.000108956238464
240.0 -0.000107582853567
241.0 -0.000106199033625
242.0 -0.000104808790213
243.0 -0.00010341647901
244.0 -0.000102026499081
245.0 -0.000100643017404
246.0 -9.926972778e-05
247.0 -9.79096500536e-05
248.0 -9.65649759188e-05
249.0 -9.52369700965e-05
250.0 -9.39259380973e-05
251.0 -9.26312719174e-05
252.0 -9.13515813364e-05
253.0 -9.00849106491e-05
254.0 -8.88290296397e-05
255.0 -8.75817754149e-05
256.0 -8.6341410935e-05
257.0 -8.51069592171e-05
258.0 -8.38784710742e-05
259.0 -8.26571896307e-05
260.0 -8.14455862258e-05
261.0 -8.0247258018e-05
262.0 -7.90666951833e-05
263.0 -7.79089422598e-05
264.0 -7.67791913427e-05
265.0 -7.56823525217e-05
266.0 -7.4622648208e-05
267.0 -7.36032729227e-05
268.0 -7.26261498318e-05
269.0 -7.16918016925e-05
270.0 -7.07993391597e-05
271.0 -6.99465558233e-05
272.0 -6.91301087182e-05
273.0 -6.83457565291e-05
274.0 -6.75886256588e-05
275.0 -6.68534763839e-05
276.0 -6.61349465068e-05
277.0 -6.54277569756e-05
278.0 -6.47268715293e-05
279.0 -6.40276094118e-05
280.0 -6.33257157665e-05
281.0 -6.26173980732e-05
282.0 -6.18993388816e-05
283.0 -6.1168695346e-05
284.0 -6.04230950441e-05
285.0 -5.96606356569e-05
286.0 -5.88798936496e-05
287.0 -5.80799443987e-05
288.0 -5.72603934749e-05
289.0 -5.64214162003e-05
290.0 -5.55638003377e-05
291.0 -5.46889850397e-05
292.0 -5.37990881768e-05
293.0 -5.28969140474e-05
294.0 -5.19859343198e-05
295.0 -5.10702368481e-05
296.0 -5.01544395819e-05
297.0 -4.92435698824e-05
298.0 -4.83429128175e-05
299.0 -4.7457835077e-05
