10.0 0.4485009185203526
11.0 0.3815689402096315
12.0 0.32748272514214605
13.0 0.28319535064642476
14.0 0.24651561715629955
15.0 0.2158358255203985
16.0 0.18995535733231053
17.0 0.16795972412321922
18.0 0.1491393726265547
19.0 0.13293693875159623
20.0 0.11891102038725747
21.0 0.10670892764977194
22.0 0.09604570662341723
23.0 0.08668850097999492
24.0 0.0784453407392809
25.0 0.0711571188753514
26.0 0.0646914721749197
27.0 0.05893773611635125
28.0 0.05380275630866629
29.0 0.04920759922968438
30.0 0.04508505858791285
31.0 0.041377692318433815
32.0 0.038036186183793834
33.0 0.0350179893776136
34.0 0.03228622898529088
35.0 0.029808871138338702
36.0 0.027558038804030953
37.0 0.02550940082876488
38.0 0.023641621180106532
39.0 0.02193591460762463
40.0 0.020375724192680716
41.0 0.018946465099355075
42.0 0.01763526739782452
43.0 0.01643071358562404
44.0 0.015322619970948012
45.0 0.01430189181289225
46.0 0.013360424433894662
47.0 0.01249100221792853
48.0 0.01168718187698935
49.0 0.010943184208700671
50.0 0.010253815580915267
51.0 0.009614410940801062
52.0 0.00902077629362917
53.0 0.008469123393055245
54.0 0.007956008922095387
55.0 0.007478291334910586
56.0 0.007033104561511185
57.0 0.006617838040193565
58.0 0.006230115891936235
59.0 0.0058677765739489005
60.0 0.005528857010422202
61.0 0.005211580572116711
62.0 0.004914343348737759
63.0 0.004635693940058265
64.0 0.00437430775670822
65.0 0.004128962167701741
66.0 0.0038985193216694095
67.0 0.0036819191273700608
68.0 0.003478179411289514
69.0 0.0032863976125136547
70.0 0.003105749682893786
71.0 0.0029354851518852043
72.0 0.002774919676610282
73.0 0.0026234265716229897
74.0 0.0024804278627709084
75.0 0.002345385123146533
76.0 0.0022177912247777747
77.0 0.0020971650100720545
78.0 0.001983050369316512
79.0 0.0018750192804460782
80.0 0.0017726764061009234
81.0 0.0016756622667028756
82.0 0.0015836530217364624
83.0 0.0014963565551602814
84.0 0.0014135058444855772
85.0 0.0013348511851199699
86.0 0.0012601530173252508
87.0 0.0011891770768818685
88.0 0.0011216932033075227
89.0 0.0010574781681037568
90.0 0.0009963215087484968
91.0 0.0009380321977771406
92.0 0.0008824436739858792
93.0 0.0008294154718930427
94.0 0.0007788309942871793
95.0 0.0007305922261724626
96.0 0.0006846129098135092
97.0 0.0006408117856026001
98.0 0.0005991071329470454
99.0 0.0005594132828721663
100.0 0.0005216392257935816
101.0 0.00048568902086191536
102.0 0.00045146347474661527
103.0 0.00041886249341833705
104.0 0.0003877875774462664
105.0 0.00035814407137093316
106.0 0.0003298429440336833
107.0 0.0003028020410699479
108.0 0.0002769468871311968
109.0 0.00025221118634873203
110.0 0.0002285371403989544
111.0 0.0002058755782713219
112.0 0.00018418573470101212
113.0 0.00016343442707595062
114.0 0.00014359444349340122
115.0 0.00012464217012925362
116.0 0.00010655476909551278
117.0 8.930743949654893e-05
118.0 7.287135110258447e-05
119.0 5.721270545487341e-05
120.0 4.229310876621955e-05
121.0 2.8071134572149627e-05
122.0 1.4504704591432505e-05
123.0 1.553775109504275e-06
124.0 -1.08172101839819e-05
125.0 -2.26375711857125e-05
126.0 -3.392967665343031e-05
127.0 -4.470940322942622e-05
128.0 -5.498768666195693e-05
129.0 -6.477286469185572e-05
130.0 -7.4073338808943e-05
131.0 -8.290000317206552e-05
132.0 -9.126793365561634e-05
133.0 -9.919699627417301e-05
134.0 -0.00010671128364744784
135.0 -0.00011383755555011412
136.0 -0.0001206030737878261
137.0 -0.00012703332854426577
138.0 -0.0001331501326291105
139.0 -0.0001389704294848584
140.0 -0.00014450596717357534
141.0 -0.00014976379176262345
142.0 -0.0001547473593063732
143.0 -0.00015945798410165864
144.0 -0.000163896334925327
145.0 -0.0001680637433933166
146.0 -0.0001719631726443676
147.0 -0.00017559978421725745
148.0 -0.0001789811176486956
149.0 -0.00018211695162385037
150.0 -0.00018501894545847088
151.0 -0.00018770016723820843
152.0 -0.000190174603364396
153.0 -0.00019245671735060378
154.0 -0.0001945610885382568
155.0 -0.00019650212135609042
156.0 -0.00019829378254952382
157.0 -0.0001999493075735902
158.0 -0.00020148082519675202
159.0 -0.00020289888196642366
160.0 -0.00020421189791881256
161.0 -0.00020542563701527226
162.0 -0.00020654281248302806
163.0 -0.0002075629535639839
164.0 -0.00020848262942999016
165.0 -0.00020929606268253517
166.0 -0.00020999608383546754
167.0 -0.00021057530058211945
168.0 -0.00021102730247172347
169.0 -0.0002113477075731177
170.0 -0.0002115348870065617
171.0 -0.00021159026866767762
172.0 -0.00021151820667558228
173.0 -0.0002113254871826409
174.0 -0.00021102060441487058
175.0 -0.0002106129695119443
176.0 -0.00021011220452384
177.0 -0.00020952763034766904
178.0 -0.00020886799395755602
179.0 -0.00020814141449701528
180.0 -0.00020735547627957705
181.0 -0.00020651737084926875
182.0 -0.00020563399348752745
183.0 -0.00020471192738585428
184.0 -0.00020375729076737347
185.0 -0.00020277546596975847
186.0 -0.0002017707639165159
187.0 -0.00020074609575740438
188.0 -0.0001997027241329439
189.0 -0.00019864015218472685
190.0 -0.00019755618424791325
191.0 -0.0001964471638355471
192.0 -0.00019530836704230743
193.0 -0.00019413450666365655
194.0 -0.00019292028689156838
195.0 -0.00019166094234489885
196.0 -0.0001903526994693542
197.0 -0.00018899311274785802
198.0 -0.0001875812506010762
199.0 -0.00018611773222750922
200.0 -0.00018460464132731425
201.0 -0.00018304535984832375
202.0 -0.00018144437021317075
203.0 -0.0001798070665314467
204.0 -0.00017813959638576535
205.0 -0.0001764487305512663
206.0 -0.00017474173595141636
207.0 -0.00017302621444567108
208.0 -0.00017130987136520834
209.0 -0.00016960019375724896
210.0 -0.00016790404540086972
211.0 -0.000166227216702266
212.0 -0.0001645739938819203
213.0 -0.00016294682553811353
214.0 -0.00016134616074659462
215.0 -0.00015977051066774813
216.0 -0.0001582167490450137
217.0 -0.0001566806234796263
218.0 -0.00015515740827435083
219.0 -0.0001536425999161085
220.0 -0.00015213254449524135
221.0 -0.00015062489531043408
222.0 -0.0001491188270564208
223.0 -0.0001476149749274853
224.0 -0.0001461151146427164
225.0 -0.00014462164380575594
226.0 -0.000143136957993786
227.0 -0.0001416628307541925
228.0 -0.00014019990289722178
229.0 -0.00013874736446301063
230.0 -0.00013730287719865156
231.0 -0.00013586274333277426
232.0 -0.00013442228579770666
233.0 -0.00013297637307594604
234.0 -0.00013152000371558693
235.0 -0.00013004886343851409
236.0 -0.00012855978053852846
237.0 -0.00012705102896893016
238.0 -0.00012552245739222626
239.0 -0.00012397545034933486
240.0 -0.00012241274945710526
241.0 -0.0001208381750875493
242.0 -0.00011925629179660742
243.0 -0.00011767205567694615
244.0 -0.0001160904721888754
245.0 -0.00011451628271239253
246.0 -0.00011295369022573148
247.0 -0.00011140613084758434
248.0 -0.00010987609838877398
249.0 -0.00010836503190734506
250.0 -0.00010687327902729054
251.0 -0.00010540014793385928
252.0 -0.00010394405676991855
253.0 -0.0001025027802435383
254.0 -0.00010107378071193516
255.0 -9.965459713514914e-05
256.0 -9.824325302885117e-05
257.0 -9.683863673685362e-05
258.0 -9.544080607649733e-05
259.0 -9.405117553223794e-05
260.0 -9.267255710810448e-05
261.0 -9.130904381760066e-05
262.0 -8.99657447907019e-05
263.0 -8.864839993644732e-05
264.0 -8.73629170609059e-05
265.0 -8.61148830913391e-05
266.0 -8.49091024827993e-05
267.0 -8.374921010897641e-05
268.0 -8.263739423726561e-05
269.0 -8.157424968505128e-05
270.0 -8.055876451433419e-05
271.0 -7.958842816940885e-05
272.0 -7.865943687011455e-05
273.0 -7.776696465140423e-05
274.0 -7.690546610909705e-05
275.0 -7.606897924317355e-05
276.0 -7.525140269727822e-05
277.0 -7.444672972172478e-05
278.0 -7.364922982562472e-05
279.0 -7.285357702821989e-05
280.0 -7.205492995670393e-05
281.0 -7.124897330608573e-05
282.0 -7.043193232783991e-05
283.0 -6.960057230063335e-05
284.0 -6.875219377259299e-05
285.0 -6.788463219712156e-05
286.0 -6.69962678104096e-05
287.0 -6.608604853306414e-05
288.0 -6.515352556522484e-05
289.0 -6.419889839638068e-05
290.0 -6.322306337960847e-05
291.0 -6.222765804916716e-05
292.0 -6.121509221631156e-05
293.0 -6.018855674158663e-05
294.0 -5.915200184964439e-05
295.0 -5.8110078890032654e-05
296.0 -5.706804237978849e-05
297.0 -5.6031612682807184e-05
298.0 -5.500680339420176e-05
299.0 -5.399972098190562e-05
