10.0 0.452456095088
11.0 0.381678531823
12.0 0.32375120287
13.0 0.276005901763
14.0 0.236398184223
15.0 0.203347637752
16.0 0.175621874035
17.0 0.152250839537
18.0 0.132463959633
19.0 0.115644323959
20.0 0.101294683958
21.0 0.0890115213359
22.0 0.078465042256
23.0 0.0693838224095
24.0 0.0615431173506
25.0 0.0547559284897
26.0 0.0488660287933
27.0 0.0437423816198
28.0 0.0392746346506
29.0 0.0353695066338
30.0 0.0319479001611
31.0 0.0289425683809
32.0 0.0262962001959
33.0 0.0239598422779
34.0 0.0218916056492
35.0 0.0200556050469
36.0 0.0184210739273
37.0 0.0169616089778
38.0 0.0156545236802
39.0 0.0144803070337
40.0 0.0134221764555
41.0 0.0124656986937
42.0 0.0115984540341
43.0 0.0108097379259
44.0 0.0100903081038
45.0 0.00943217971848
46.0 0.00882845640756
47.0 0.00827318105768
48.0 0.00776119971085
49.0 0.00728804217348
50.0 0.00684982247921
51.0 0.00644315541014
52.0 0.00606508236702
53.0 0.00571300406619
54.0 0.00538462266302
55.0 0.00507789605829
56.0 0.00479100337794
57.0 0.00452231789153
58.0 0.00427038432016
59.0 0.00403389960609
60.0 0.00381169693258
61.0 0.00360273174513
62.0 0.00340606761681
63.0 0.00322086059277
64.0 0.00304634277354
65.0 0.00288180763076
66.0 0.00272659952474
67.0 0.00258010820532
68.0 0.00244176702233
69.0 0.00231105250603
70.0 0.0021874833204
71.0 0.00207061772475
72.0 0.00196004965985
73.0 0.00185540395072
74.0 0.00175633111939
75.0 0.00166250237295
76.0 0.00157360556264
77.0 0.00148934296665
78.0 0.00140943129983
79.0 0.0013336035041
80.0 0.00126161111933
81.0 0.00119322584476
82.0 0.00112823933771
83.0 0.00106646104714
84.0 0.00100771456578
85.0 0.000951833413744
86.0 0.000898657328963
87.0 0.000848030052909
88.0 0.000799799241732
89.0 0.000753818521418
90.0 0.00070995100256
91.0 0.000668073055236
92.0 0.000628077052732
93.0 0.000589872161661
94.0 0.0005533829044
95.0 0.000518545868257
96.0 0.000485305362138
97.0 0.000453608944438
98.0 0.000423403612272
99.0 0.000394633160325
100.0 0.00036723689784
101.0 0.000341149635957
102.0 0.000316302670549
103.0 0.000292625400027
104.0 0.000270047219781
105.0 0.000248499397553
106.0 0.000227916727816
107.0 0.000208238862147
108.0 0.000189411293104
109.0 0.000171386011186
110.0 0.000154121848341
111.0 0.000137584478759
112.0 0.000121746002565
113.0 0.000106584033166
114.0 9.20802715543e-05
115.0 7.82186724569e-05
116.0 6.49834446693e-05
117.0 5.23572224727e-05
118.0 4.0319752267e-05
119.0 2.88473483895e-05
120.0 1.79132114833e-05
121.0 7.48852033669e-06
122.0 -2.45594734497e-06
123.0 -1.19480053606e-05
124.0 -2.10124241834e-05
125.0 -2.96697894834e-05
126.0 -3.79360720438e-05
127.0 -4.58229885196e-05
128.0 -5.33390779594e-05
129.0 -6.04912755617e-05
130.0 -6.72866621851e-05
131.0 -7.37340308047e-05
132.0 -7.98449517694e-05
133.0 -8.56341307368e-05
134.0 -9.11190106128e-05
135.0 -9.63187328926e-05
136.0 -0.000101252704057
137.0 -0.00010593907907
138.0 -0.000110393465215
139.0 -0.000114628075036
140.0 -0.000118651442444
141.0 -0.000122468693561
142.0 -0.000126082262568
143.0 -0.000129492881281
144.0 -0.000132700654259
145.0 -0.000135706052633
146.0 -0.000138510705906
147.0 -0.000141117926868
148.0 -0.000143532957863
149.0 -0.000145762968506
150.0 -0.000147816861637
151.0 -0.000149704954985
152.0 -0.000151438602178
153.0 -0.000153029801526
154.0 -0.000154490818975
155.0 -0.000155833828641
156.0 -0.000157070556759
157.0 -0.000158211908367
158.0 -0.00015926756347
159.0 -0.000160245549775
160.0 -0.000161151826756
161.0 -0.000161989941821
162.0 -0.000162760834027
163.0 -0.000163462856633
164.0 -0.000164092064369
165.0 -0.000164642768589
166.0 -0.000165108312867
167.0 -0.000165481975522
168.0 -0.000165757876104
169.0 -0.000165931757889
170.0 -0.000166001539916
171.0 -0.000165967575068
172.0 -0.000165832605174
173.0 -0.000165601457311
174.0 -0.000165280565665
175.0 -0.000164877422211
176.0 -0.000164400054571
177.0 -0.000163856604049
178.0 -0.000163255039042
179.0 -0.000162602999218
180.0 -0.000161907733866
181.0 -0.000161176080707
182.0 -0.000160414431387
183.0 -0.000159628644804
184.0 -0.000158823893531
185.0 -0.000158004454676
186.0 -0.000157173477936
187.0 -0.000156332775828
188.0 -0.000155482682439
189.0 -0.000154622018481
190.0 -0.000153748184635
191.0 -0.000152857385793
192.0 -0.000151944969316
193.0 -0.000151005844022
194.0 -0.000150034935622
195.0 -0.000149027630297
196.0 -0.00014798016162
197.0 -0.000146889906432
198.0 -0.000145755570722
199.0 -0.000144577263985
200.0 -0.000143356476309
201.0 -0.000142095983163
202.0 -0.000140799706193
203.0 -0.000139472553898
204.0 -0.00013812025559
205.0 -0.000136749189075
206.0 -0.000135366191358
207.0 -0.00013397833638
208.0 -0.000132592666676
209.0 -0.000131215876783
210.0 -0.000129853962851
211.0 -0.00012851187053
212.0 -0.000127193186932
213.0 -0.000125899927536
214.0 -0.000124632462815
215.0 -0.000123389612207
216.0 -0.00012216890745
217.0 -0.000120966998391
218.0 -0.000119780148029
219.0 -0.000118604745409
220.0 -0.000117437759119
221.0 -0.000116277062176
222.0 -0.000115121579642
223.0 -0.000113971239891
224.0 -0.000112826743358
225.0 -0.000111689193016
226.0 -0.00011055965315
227.0 -0.00010943871344
228.0 -0.000108326132444
229.0 -0.000107220619108
230.0 -0.000106119786342
231.0 -0.00010502028151
232.0 -0.000103918070388
233.0 -0.000102808828588
234.0 -0.000101688380997
235.0 -0.000100553127184
236.0 -9.94003981596e-05
237.0 -9.82287050075e-05
238.0 -9.7037859079e-05
239.0 -9.58289627129e-05
240.0 -9.46042854455e-05
241.0 -9.33670512992e-05
242.0 -9.21211673354e-05
243.0 -9.08709230731e-05
244.0 -8.96206863688e-05
245.0 -8.83746160825e-05
246.0 -8.71364071215e-05
247.0 -8.59090803057e-05
248.0 -8.46948280042e-05
249.0 -8.34949258561e-05
250.0 -8.23097198521e-05
251.0 -8.11386953435e-05
252.0 -7.99806293811e-05
253.0 -7.88338201428e-05
254.0 -7.76963779415e-05
255.0 -7.65665529202e-05
256.0 -7.54430669076e-05
257.0 -7.43254127772e-05
258.0 -7.32140852489e-05
259.0 -7.21107128185e-05
260.0 -7.10180708637e-05
261.0 -6.99399695951e-05
262.0 -6.88810254121e-05
263.0 -6.78463381797e-05
264.0 -6.68411079123e-05
265.0 -6.58702307858e-05
266.0 -6.49379155248e-05
267.0 -6.40473570938e-05
268.0 -6.3200496132e-05
269.0 -6.23978811894e-05
270.0 -6.16386383423e-05
271.0 -6.09205409953e-05
272.0 -6.02401631219e-05
273.0 -5.95930928831e-05
274.0 -5.89741808917e-05
275.0 -5.83777981868e-05
276.0 -5.77980825915e-05
277.0 -5.72291575861e-05
278.0 -5.6665314094e-05
279.0 -5.61011516905e-05
280.0 -5.55316809546e-05
281.0 -5.49523925436e-05
282.0 -5.43593008953e-05
283.0 -5.37489713147e-05
284.0 -5.31185387823e-05
285.0 -5.24657254209e-05
286.0 -5.17888614854e-05
287.0 -5.10869122766e-05
288.0 -5.03595108004e-05
289.0 -4.96069935363e-05
290.0 -4.88304345739e-05
291.0 -4.80316718251e-05
292.0 -4.72133182153e-05
293.0 -4.63787507965e-05
294.0 -4.55320716784e-05
295.0 -4.46780364535e-05
296.0 -4.38219482632e-05
297.0 -4.29695185437e-05
298.0 -4.21266985111e-05
299.0 -4.12994882555e-05
