10.0 0.41499318636874655
11.0 0.3515431320198308
12.0 0.2995974701626507
13.0 0.25674078830781255
14.0 0.2211319831341274
15.0 0.19135401614298056
16.0 0.16630594132748774
17.0 0.1451238014429361
18.0 0.1271230283373522
19.0 0.11175675496547183
20.0 0.09858504393172096
21.0 0.0872514962249609
22.0 0.07746524632132806
23.0 0.06898717921343095
24.0 0.0616194724473351
25.0 0.05519763027223148
26.0 0.04958427839998922
27.0 0.04466420165668122
28.0 0.0403403401273603
29.0 0.03653058503428849
30.0 0.03316522623281886
31.0 0.030184894949812587
32.0 0.027538878659669693
33.0 0.025183735379395958
34.0 0.023082161823634154
35.0 0.021202069298183062
36.0 0.019515815164117944
37.0 0.017999547578261894
38.0 0.01663264549770738
39.0 0.015397251665554338
40.0 0.014277889247410094
41.0 0.013261137873086717
42.0 0.0123353459592296
43.0 0.011490374213627108
44.0 0.010717378650315999
45.0 0.01000863606105925
46.0 0.00935740078236825
47.0 0.008757777494502576
48.0 0.008204604109519422
49.0 0.007693348523264261
50.0 0.007220022571618243
51.0 0.00678110977011493
52.0 0.006373500552208906
53.0 0.005994432732076995
54.0 0.005641439849087646
55.0 0.005312310199705819
56.0 0.005005055729936517
57.0 0.00471788733745688
58.0 0.004449193799633361
59.0 0.004197523590220436
60.0 0.003961569527058298
61.0 0.003740155167270444
62.0 0.0035322209506487125
63.0 0.0033368088084402476
64.0 0.0031530459609820194
65.0 0.002980130278098172
66.0 0.002817319560569087
67.0 0.0026639255029829957
68.0 0.0025193111508395286
69.0 0.002382889657398864
70.0 0.002254122476159286
71.0 0.0021325161996384916
72.0 0.002017618175544728
73.0 0.0019090113681068926
74.0 0.001806308913794484
75.0 0.0017091488785292207
76.0 0.0016171899477771712
77.0 0.001530108848364898
78.0 0.0014475998902498256
79.0 0.0013693762190383932
80.0 0.0012951716585020137
81.0 0.0012247418403381562
82.0 0.0011578637275227487
83.0 0.0010943333398241157
84.0 0.0010339621275830566
85.0 0.0009765728356438304
86.0 0.0009219958487875807
87.0 0.0008700669334366088
88.0 0.0008206269640798307
89.0 0.000773523658400361
90.0 0.0007286146907639802
91.0 0.0006857710710317059
92.0 0.0006448795875508772
93.0 0.0006058434559859715
94.0 0.0005685809196710897
95.0 0.0005330221500634509
96.0 0.0004991051897519178
97.0 0.0004667717910321747
98.0 0.0004359638757707947
99.0 0.0004066210795168347
100.0 0.0003786795470894284
101.0 0.0003520718931758189
102.0 0.00032672807119109564
103.0 0.0003025768172788911
104.0 0.00027954734062904385
105.0 0.0002575709906206166
106.0 0.000236582718568044
107.0 0.00021652224337594356
108.0 0.00019733490480130592
109.0 0.00017897222646886794
110.0 0.00016139220406887262
111.0 0.0001445592926676008
112.0 0.00012844402269084846
113.0 0.0001130221672690863
114.0 9.827344007107118e-05
115.0 8.417981537356712e-05
116.0 7.072369047635106e-05
117.0 5.7886199818432885e-05
118.0 4.5645998324341734e-05
119.0 3.3978749106999886e-05
120.0 2.2857402716651403e-05
121.0 1.2253186959251116e-05
122.0 2.1370832154162282e-06
123.0 -7.518522554458308e-06
124.0 -1.6738347352895668e-05
125.0 -2.55431693443639e-05
126.0 -3.3949436971975805e-05
127.0 -4.1969602632015176e-05
128.0 -4.961311308325887e-05
129.0 -5.6887857044139656e-05
130.0 -6.380177544366691e-05
131.0 -7.036430486771666e-05
132.0 -7.658736155302687e-05
133.0 -8.248567597271336e-05
134.0 -8.80764328567276e-05
135.0 -9.337832258309663e-05
136.0 -9.841022987655083e-05
137.0 -0.00010318984681464883
138.0 -0.00010773248880984009
139.0 -0.0001120503233205114
140.0 -0.00011615211521159986
141.0 -0.00012004347987813498
142.0 -0.0001237275423392787
143.0 -0.0001272058444124201
144.0 -0.00013047932727040681
145.0 -0.000133549236938742
146.0 -0.00013641784309539691
147.0 -0.00013908891302144455
148.0 -0.0001415679311478951
149.0 -0.0001438620927947522
150.0 -0.00014598012480518776
151.0 -0.0001479319952394155
152.0 -0.00014972857050668105
153.0 -0.0001513812641294928
154.0 -0.00015290170090916924
155.0 -0.0001543013989250715
156.0 -0.0001555914554387984
157.0 -0.000156782216568474
158.0 -0.00015788291735255864
159.0 -0.000158901297600573
160.0 -0.00015984322462401197
161.0 -0.00016071237830987253
162.0 -0.00016151006798263682
163.0 -0.00016223524714190118
164.0 -0.00016288476915841065
165.0 -0.00016345388787707767
166.0 -0.0001639369605000498
167.0 -0.0001643282676233284
168.0 -0.00016462283794079727
169.0 -0.00016481716036477603
170.0 -0.00016490968586274456
171.0 -0.00016490106075253295
172.0 -0.00016479408321744098
173.0 -0.00016459342374051527
174.0 -0.00016430518705367987
175.0 -0.00016393641053001878
176.0 -0.00016349458933614608
177.0 -0.0001629872951926312
178.0 -0.00016242192069127834
179.0 -0.000161805544392016
180.0 -0.00016114488250294805
181.0 -0.00016044627719374047
182.0 -0.00015971567169426965
183.0 -0.0001589585361908094
184.0 -0.00015817973084977202
185.0 -0.0001573833163883581
186.0 -0.00015657234234335457
187.0 -0.00015574865442713928
188.0 -0.00015491276358863335
189.0 -0.00015406381150358042
190.0 -0.00015319965274986547
191.0 -0.00015231705615668538
192.0 -0.0001514120100239113
193.0 -0.00015048010090854837
194.0 -0.00014951692562839463
195.0 -0.00014851849244692012
196.0 -0.00014748157059109998
197.0 -0.00014640395677208777
198.0 -0.00014528464150893031
199.0 -0.00014412387404332628
200.0 -0.00014292313913200698
201.0 -0.00014168506884357668
202.0 -0.0001404133155359526
203.0 -0.0001391124080516756
204.0 -0.00013778760343204774
205.0 -0.00013644473436518593
206.0 -0.00013509004218579878
207.0 -0.0001337299802124566
208.0 -0.0001323709747296078
209.0 -0.00013101914098594345
210.0 -0.0001296799668571381
211.0 -0.000128357993224846
212.0 -0.0001270565328743136
213.0 -0.00012577747462686237
214.0 -0.0001245212140586181
215.0 -0.00012328673652555508
216.0 -0.00012207185486513017
217.0 -0.00012087357761391607
218.0 -0.0001196885593577385
219.0 -0.00011851356810798673
220.0 -0.00011734589910915763
221.0 -0.00011618367168328471
222.0 -0.0001150259645049926
223.0 -0.00011387277166217388
224.0 -0.00011272479200799059
225.0 -0.00011158309211274498
226.0 -0.00011044870358008578
227.0 -0.00010932222508350284
228.0 -0.00010820349679105497
229.0 -0.00010709140076490766
230.0 -0.00010598381837878927
231.0 -0.00010487774914753172
232.0 -0.00010376956949021332
233.0 -0.00010265538931690068
234.0 -0.00010153145213856414
235.0 -0.0001003945220420572
236.0 -9.924220777853251e-05
237.0 -9.807318812140965e-05
238.0 -9.688732022108153e-05
239.0 -9.568563030267154e-05
240.0 -9.447020063617661e-05
241.0 -9.32439763012343e-05
242.0 -9.201051932689617e-05
243.0 -9.077373707924922e-05
244.0 -8.953760796257708e-05
245.0 -8.830592257242609e-05
246.0 -8.708205407501112e-05
247.0 -8.586876874687925e-05
248.0 -8.46680863434597e-05
249.0 -8.348119953738622e-05
250.0 -8.230846088888115e-05
251.0 -8.114944349944128e-05
252.0 -8.000307690983791e-05
253.0 -7.886785290690147e-05
254.0 -7.774208746224791e-05
255.0 -7.662421643670523e-05
256.0 -7.551309565495438e-05
257.0 -7.440827210044723e-05
258.0 -7.331019343935981e-05
259.0 -7.22203282424518e-05
260.0 -7.114117866682996e-05
261.0 -7.007617973418985e-05
262.0 -6.902949289634241e-05
263.0 -6.800571429017904e-05
264.0 -6.700952807575392e-05
265.0 -6.604534111454684e-05
266.0 -6.511693626308944e-05
267.0 -6.422717779715652e-05
268.0 -6.337779474112538e-05
269.0 -6.256925750451466e-05
270.0 -6.180075186818686e-05
271.0 -6.107024365885058e-05
272.0 -6.037461878488736e-05
273.0 -5.970987759961466e-05
274.0 -5.9071360179255464e-05
275.0 -5.845397988118901e-05
276.0 -5.785244587596845e-05
277.0 -5.7261460347962766e-05
278.0 -5.6675881775748896e-05
279.0 -5.609085125770701e-05
280.0 -5.5501883569719136e-05
281.0 -5.4904928119158074e-05
282.0 -5.429640703979095e-05
283.0 -5.3673238411727385e-05
284.0 -5.303285218530967e-05
285.0 -5.237320510105061e-05
286.0 -5.1692799007555864e-05
287.0 -5.099070474776478e-05
288.0 -5.026659144750726e-05
289.0 -4.952075881727255e-05
290.0 -4.8754168171377954e-05
291.0 -4.796846646511115e-05
292.0 -4.716599691195537e-05
293.0 -4.634978977867677e-05
294.0 -4.552352780605012e-05
295.0 -4.469148231470141e-05
296.0 -4.3858418285555e-05
297.0 -4.302946932505589e-05
298.0 -4.2209986157986836e-05
299.0 -4.140536483858181e-05
