10.0 0.4061666888
11.0 0.346865578373
12.0 0.297593213896
13.0 0.256422542816
14.0 0.221842970938
15.0 0.19266054463
16.0 0.167924410142
17.0 0.14687139369
18.0 0.128884469668
19.0 0.113461795512
20.0 0.100193150705
21.0 0.0887415037477
22.0 0.078828442942
23.0 0.0702227346333
24.0 0.0627314147401
25.0 0.0561928312323
26.0 0.0504711084249
27.0 0.0454516494965
28.0 0.0410374595705
29.0 0.0371461615367
30.0 0.0337075835549
31.0 0.0306617911087
32.0 0.0279574617734
33.0 0.0255505391256
34.0 0.0234031234049
35.0 0.0214825572249
36.0 0.0197606612213
37.0 0.0182130828225
38.0 0.0168187401696
39.0 0.0155593555987
40.0 0.0144190685155
41.0 0.0133841069878
42.0 0.0124424986856
43.0 0.0115838155292
44.0 0.0107989566552
45.0 0.0100799705556
46.0 0.00941990698927
47.0 0.00881268639464
48.0 0.00825298158589
49.0 0.00773611385003
50.0 0.0072579653577
51.0 0.00681490489286
52.0 0.00640372186778
53.0 0.00602156662362
54.0 0.00566589871207
55.0 0.00533444498711
56.0 0.00502516665608
57.0 0.00473623250105
58.0 0.00446599598387
59.0 0.00421297547885
60.0 0.00397583740573
61.0 0.00375338131079
62.0 0.0035445253084
63.0 0.0033482908688
64.0 0.00316378745667
65.0 0.00299019876348
66.0 0.00282677226099
67.0 0.00267281260296
68.0 0.00252767793975
69.0 0.00239077745226
70.0 0.00226156865677
71.0 0.00213955384183
72.0 0.00202427570088
73.0 0.0019153124962
74.0 0.00181227309342
75.0 0.00171479225754
76.0 0.00162252676519
77.0 0.00153515292672
78.0 0.00145236579083
79.0 0.00137387969881
80.0 0.00129942932012
81.0 0.00122877016881
82.0 0.00116167791574
83.0 0.00109794635101
84.0 0.00103738434232
85.0 0.000979812441239
86.0 0.000925059903309
87.0 0.00087296282223
88.0 0.000823363819355
89.0 0.000776113290227
90.0 0.000731071707017
91.0 0.000688112108525
92.0 0.000647121846091
93.0 0.000608002920505
94.0 0.000570670712234
95.0 0.000535051375139
96.0 0.000501078472867
97.0 0.000468689528647
98.0 0.000437823065763
99.0 0.000408416514417
100.0 0.000380405129798
101.0 0.000353721864482
102.0 0.000328297999567
103.0 0.00030406427271
104.0 0.000280952238699
105.0 0.00025889564021
106.0 0.000237831632059
107.0 0.000217701773
108.0 0.000198452757971
109.0 0.000180036896117
110.0 0.000162412338862
111.0 0.000145543035592
112.0 0.000129398366203
113.0 0.000113952399754
114.0 9.91827755694e-05
115.0 8.5069291196e-05
116.0 7.15923795202e-05
117.0 5.87317234351e-05
118.0 4.64652591353e-05
119.0 3.47687516454e-05
120.0 2.36160081867e-05
121.0 1.29796616354e-05
122.0 2.83234294258e-06
123.0 -6.8520081299e-06
124.0 -1.60969612094e-05
125.0 -2.49227760914e-05
126.0 -3.33461053174e-05
127.0 -4.13802756151e-05
128.0 -4.90360918158e-05
129.0 -5.63230020301e-05
130.0 -6.32503881036e-05
131.0 -6.98287187943e-05
132.0 -7.60703334585e-05
133.0 -8.19897062128e-05
134.0 -8.76031556032e-05
135.0 -9.29280845218e-05
136.0 -9.79819301877e-05
137.0 -0.000102781052648
138.0 -0.000107339784237
139.0 -0.000111669808533
140.0 -0.000115779953969
141.0 -0.000119676397746
142.0 -0.000123363201222
143.0 -0.000126843052006
144.0 -0.000130118074464
145.0 -0.000133190584794
146.0 -0.000136063699685
147.0 -0.000138741748029
148.0 -0.000141230474104
149.0 -0.000143537051765
150.0 -0.000145669949485
151.0 -0.000147638694804
152.0 -0.000149453584841
153.0 -0.000151125379295
154.0 -0.000152664997042
155.0 -0.00015408322132
156.0 -0.000155390406178
157.0 -0.000156596172345
158.0 -0.000157709086045
159.0 -0.000158736328647
160.0 -0.000159683384475
161.0 -0.000160553792011
162.0 -0.000161349013311
163.0 -0.000162068472384
164.0 -0.000162709793959
165.0 -0.000163269242447
166.0 -0.000163742323868
167.0 -0.000164124480093
168.0 -0.000164411783603
169.0 -0.000164601537753
170.0 -0.000164692703624
171.0 -0.000164686106261
172.0 -0.000164584413101
173.0 -0.000164391916522
174.0 -0.000164114182033
175.0 -0.000163757637729
176.0 -0.000163329177442
177.0 -0.000162835831901
178.0 -0.000162284534951
179.0 -0.000161681983096
180.0 -0.000161034563369
181.0 -0.000160348311972
182.0 -0.000159628865876
183.0 -0.000158881380131
184.0 -0.000158110400937
185.0 -0.000157319703207
186.0 -0.000156512116766
187.0 -0.000155689374048
188.0 -0.000154852012993
189.0 -0.000153999362433
190.0 -0.000153129625562
191.0 -0.00015224006272
192.0 -0.0001513272603
193.0 -0.000150387460436
194.0 -0.000149416917987
195.0 -0.000148412248352
196.0 -0.00014737073225
197.0 -0.000146290551284
198.0 -0.000145170939483
199.0 -0.000144012248869
200.0 -0.000142815938789
201.0 -0.000141584506753
202.0 -0.000140321381209
203.0 -0.000139030793795
204.0 -0.000137717641344
205.0 -0.000136387338891
206.0 -0.000135045657217
207.0 -0.000133698534902
208.0 -0.000132351857163
209.0 -0.000131011201719
210.0 -0.000129681563834
211.0 -0.000128367085189
212.0 -0.000127070820735
213.0 -0.000125794580767
214.0 -0.000124538880527
215.0 -0.000123303016543
216.0 -0.000122085269954
217.0 -0.000120883215721
218.0 -0.000119694097387
219.0 -0.000118515213949
220.0 -0.000117344261392
221.0 -0.000116179577659
222.0 -0.000115020255266
223.0 -0.000113866107777
224.0 -0.000112717500755
225.0 -0.000111575080298
226.0 -0.000110439448726
227.0 -0.000109310844696
228.0 -0.000108188882738
229.0 -0.0001070723958
230.0 -0.000105959406048
231.0 -0.000104847227603
232.0 -0.000103732683816
233.0 -0.000102612404861
234.0 -0.000101483161379
235.0 -0.00010034218772
236.0 -9.91874537373e-05
237.0 -9.80178551275e-05
238.0 -9.68333064957e-05
239.0 -9.56347356663e-05
240.0 -9.4423989845e-05
241.0 -9.32036724292e-05
242.0 -9.19769330868e-05
243.0 -9.07472337044e-05
244.0 -8.95181102035e-05
245.0 -8.82929465534e-05
246.0 -8.70747738692e-05
247.0 -8.58661050365e-05
248.0 -8.46688139127e-05
249.0 -8.34840672805e-05
250.0 -8.23123165003e-05
251.0 -8.11533533468e-05
252.0 -8.00064303061e-05
253.0 -7.88704396826e-05
254.0 -7.7744138854e-05
255.0 -7.66264020689e-05
256.0 -7.55164736369e-05
257.0 -7.44141945076e-05
258.0 -7.33201749425e-05
259.0 -7.2235890524e-05
260.0 -7.11636867139e-05
261.0 -7.01066875254e-05
262.0 -6.9068615136e-05
263.0 -6.80535377903e-05
264.0 -6.7065571604e-05
265.0 -6.6108566731e-05
266.0 -6.51858092139e-05
267.0 -6.42997667606e-05
268.0 -6.34519003144e-05
269.0 -6.26425547214e-05
270.0 -6.18709323688e-05
271.0 -6.11351447398e-05
272.0 -6.0432329517e-05
273.0 -5.97588159615e-05
274.0 -5.91103191086e-05
275.0 -5.84821437377e-05
276.0 -5.7869381638e-05
277.0 -5.72670896788e-05
278.0 -5.66704408498e-05
279.0 -5.60748450284e-05
280.0 -5.54760401987e-05
281.0 -5.48701578367e-05
282.0 -5.42537680265e-05
283.0 -5.36239106224e-05
284.0 -5.29781185451e-05
285.0 -5.23144383216e-05
286.0 -5.16314514581e-05
287.0 -5.09282984109e-05
288.0 -5.02047049863e-05
289.0 -4.94610091575e-05
290.0 -4.86981847095e-05
291.0 -4.79178569788e-05
292.0 -4.71223053744e-05
293.0 -4.63144474466e-05
294.0 -4.54978000356e-05
295.0 -4.46764144347e-05
296.0 -4.38547844201e-05
297.0 -4.30377282356e-05
298.0 -4.22302479423e-05
299.0 -4.14373717009e-05
