10.0 0.43786326849327145
11.0 0.3643219060431587
12.0 0.3053847672381325
13.0 0.25759634374617707
14.0 0.21846684502292651
15.0 0.18616518875544835
16.0 0.15932009833669958
17.0 0.13688378358600653
18.0 0.11804046891529937
19.0 0.10214700571224403
20.0 0.08869210381847221
21.0 0.07726567042929972
22.0 0.06753520482519551
23.0 0.05922819363328593
24.0 0.052119479894388344
25.0 0.04602220883282618
26.0 0.04078090357739299
27.0 0.036265736002959285
28.0 0.03236774960554744
29.0 0.02899508507983836
30.0 0.02607009404964394
31.0 0.023527044300297284
32.0 0.02131018855853085
33.0 0.01937213735491421
34.0 0.017672545673281966
35.0 0.016177078838827054
36.0 0.0148565575214083
37.0 0.013686186764280062
38.0 0.012644857587583843
39.0 0.011714574117900353
40.0 0.010880024265997127
41.0 0.01012823145925922
42.0 0.009448211836565598
43.0 0.00883063197332422
44.0 0.008267522488344
45.0 0.007752081022649208
46.0 0.0072785328932715625
47.0 0.0068419947449090395
48.0 0.0064383253765474885
49.0 0.00606399059788566
50.0 0.005715965587428521
51.0 0.005391665002282142
52.0 0.005088875469544634
53.0 0.004805681810774376
54.0 0.004540400429850796
55.0 0.004291534333951387
56.0 0.004057748530179605
57.0 0.003837853589334592
58.0 0.003630788986902
59.0 0.0034356074878325693
60.0 0.003251464880547822
61.0 0.0030776141778689026
62.0 0.0029133978720782155
63.0 0.0027582327417784635
64.0 0.00261158823927857
65.0 0.0024729655425814352
66.0 0.0023418849277148266
67.0 0.002217884233467978
68.0 0.002100525033094702
69.0 0.0019894001391575628
70.0 0.001884137552521314
71.0 0.0017843996880475713
72.0 0.0016898793796478128
73.0 0.0016002943675650565
74.0 0.0015153809012496498
75.0 0.0014348867697300217
76.0 0.0013585650606038459
77.0 0.0012861709313893566
78.0 0.0012174630925243426
79.0 0.001152209522476555
80.0 0.001090194721225394
81.0 0.001031225156950836
82.0 0.0009751307033809126
83.0 0.0009217617416919208
84.0 0.0008709830482588918
85.0 0.0008226662564863485
86.0 0.000776682878068164
87.0 0.0007328998382083122
88.0 0.0006911790411710776
89.0 0.0006513813851941795
90.0 0.0006133740910287522
91.0 0.000577038902394341
92.0 0.0005422783746246959
93.0 0.0005090182673076966
94.0 0.00047720553301017416
95.0 0.0004468028082237318
96.0 0.0004177811262650908
97.0 0.00039011266732127503
98.0 0.00036376494221676076
99.0 0.00033869717125254735
100.0 0.0003148590003787556
101.0 0.0002921912259735951
102.0 0.0002706279300178011
103.0 0.00025009935463312884
104.0 0.00023053492030475505
105.0 0.00021186594996777859
106.0 0.00019402784867529464
107.0 0.0001769616738705093
108.0 0.00016061518504204472
109.0 0.0001449435414923015
110.0 0.00012990978393837756
111.0 0.00011548509420304498
112.0 0.00010164864982025277
113.0 8.838679194200144e-05
114.0 7.5691295810517e-05
115.0 6.35567761923394e-05
116.0 5.1977579515477856e-05
117.0 4.0944764419821495e-05
118.0 3.0443836381880667e-05
119.0 2.04537501196053e-05
120.0 1.0947388216040414e-05
121.0 1.8933785567909404e-06
122.0 -6.741168434024801e-06
123.0 -1.4987581098402187e-05
124.0 -2.2872814528704278e-05
125.0 -3.0417435762431846e-05
126.0 -3.7634778932941516e-05
127.0 -4.453142758929113e-05
128.0 -5.110893198024972e-05
129.0 -5.736642197142971e-05
130.0 -6.330358186464396e-05
131.0 -6.892336434235052e-05
132.0 -7.423387118285726e-05
133.0 -7.924901607276493e-05
134.0 -8.398786633194257e-05
135.0 -8.847286213768363e-05
136.0 -9.272735358001118e-05
137.0 -9.677301653479086e-05
138.0 -0.00010062768496711445
139.0 -0.00010430398991872572
140.0 -0.00010780897689976287
141.0 -0.00011114464904233749
142.0 -0.00011430920932141966
143.0 -0.00011729868314869636
144.0 -0.00012010859590878005
145.0 -0.00012273543918115489
146.0 -0.00012517775426556374
147.0 -0.0001274367628253284
148.0 -0.0001295165609802267
149.0 -0.00013142395447068308
150.0 -0.00013316804631570073
151.0 -0.00013475969690730633
152.0 -0.0001362109634241633
153.0 -0.00013753459508734773
154.0 -0.00013874361883064461
155.0 -0.0001398510047717168
156.0 -0.00014086936340978616
157.0 -0.00014181060816252384
158.0 -0.00014268552572612437
159.0 -0.00014350323354505887
160.0 -0.0001442705598111655
161.0 -0.0001449914402170447
162.0 -0.0001456664671074014
163.0 -0.00014629273381574337
164.0 -0.0001468640822774704
165.0 -0.00014737179052691212
166.0 -0.00014780564524840138
167.0 -0.00014815525697474437
168.0 -0.00014841141550999402
169.0 -0.00014856726729609742
170.0 -0.0001486191295090738
171.0 -0.00014856682952338595
172.0 -0.0001484135545417982
173.0 -0.00014816529110209934
174.0 -0.0001478300055286485
175.0 -0.00014741674878160076
176.0 -0.00014693485762703028
177.0 -0.00014639337487085054
178.0 -0.00014580073981044543
179.0 -0.00014516472581417727
180.0 -0.00014449254379039373
181.0 -0.00014379100108578033
182.0 -0.00014306660900670608
183.0 -0.00014232556357348706
184.0 -0.0001415735715952651
185.0 -0.0001408155435120481
186.0 -0.00014005521329655643
187.0 -0.00013929476642944572
188.0 -0.00013853455772863533
189.0 -0.0001377729846437861
190.0 -0.00013700655433686803
191.0 -0.00013623015090476773
192.0 -0.00013543747808754663
193.0 -0.00013462162703970236
194.0 -0.00013377570132270356
195.0 -0.00013289342438742768
196.0 -0.00013196965963943076
197.0 -0.00013100078943339744
198.0 -0.00012998492466219507
199.0 -0.00012892194635938378
200.0 -0.00012781340859712635
201.0 -0.00012666235135857533
202.0 -0.000125473078060433
203.0 -0.00012425094341555318
204.0 -0.00012300217597088656
205.0 -0.00012173373230423972
206.0 -0.00012045315496510244
207.0 -0.00011916839189863324
208.0 -0.00011788753657982595
209.0 -0.00011661846619017864
210.0 -0.00011536838575699807
211.0 -0.00011414332121368682
212.0 -0.0001129476340296153
213.0 -0.0001117836454923814
214.0 -0.00011065145430182803
215.0 -0.00010954900610010963
216.0 -0.0001084724322775811
217.0 -0.00010741662631031062
218.0 -0.00010637597951714555
219.0 -0.00010534516458838741
220.0 -0.00010431984196027816
221.0 -0.00010329717422042953
222.0 -0.00010227606550406297
223.0 -0.00010125709017605136
224.0 -0.00010024212890275031
225.0 -9.923378033926233e-05
226.0 -9.823465388455999e-05
227.0 -9.724666677265647e-05
228.0 -9.627046449206891e-05
229.0 -9.530505868559967e-05
230.0 -9.434773656902139e-05
231.0 -9.339424844994438e-05
232.0 -9.243923406273893e-05
233.0 -9.14768123470004e-05
234.0 -9.05012388292701e-05
235.0 -8.950753236928945e-05
236.0 -8.849198744270039e-05
237.0 -8.745251487694029e-05
238.0 -8.638878653702464e-05
239.0 -8.530219092283882e-05
240.0 -8.419563118204332e-05
241.0 -8.307321119495337e-05
242.0 -8.193985855865953e-05
243.0 -8.080092754405587e-05
244.0 -7.966181423737241e-05
245.0 -7.852760443570768e-05
246.0 -7.740276601648402e-05
247.0 -7.629089335630486e-05
248.0 -7.519451183203315e-05
249.0 -7.411495364743575e-05
250.0 -7.305231934711336e-05
251.0 -7.200553954857739e-05
252.0 -7.09725466931901e-05
253.0 -6.995055655350548e-05
254.0 -6.893644507417205e-05
255.0 -6.792719046622848e-05
256.0 -6.692033663254639e-05
257.0 -6.591442518872873e-05
258.0 -6.490934191369947e-05
259.0 -6.390653037480974e-05
260.0 -6.2909040073031e-05
261.0 -6.192139662260664e-05
262.0 -6.094930405678733e-05
263.0 -5.999921075331354e-05
264.0 -5.9077787365271754e-05
265.0 -5.819137502664946e-05
266.0 -5.73454637194346e-05
267.0 -5.6544254181675795e-05
268.0 -5.579034353940737e-05
269.0 -5.5084557359815774e-05
270.0 -5.44259319412721e-05
271.0 -5.3811833227521434e-05
272.0 -5.323818509661699e-05
273.0 -5.269977140900103e-05
274.0 -5.219057357762574e-05
275.0 -5.170410806187455e-05
276.0 -5.1233734860299316e-05
277.0 -5.077291714280885e-05
278.0 -5.031542191459343e-05
279.0 -4.98554605706521e-05
280.0 -4.938777535040259e-05
281.0 -4.890768251514284e-05
282.0 -4.8411085493081576e-05
283.0 -4.789447155210594e-05
284.0 -4.7354904237135765e-05
285.0 -4.679002135137593e-05
286.0 -4.619804511730045e-05
287.0 -4.557780767933911e-05
288.0 -4.492879158234547e-05
289.0 -4.425118151768945e-05
290.0 -4.354592071173241e-05
291.0 -4.2814763093018774e-05
292.0 -4.2060311069653794e-05
293.0 -4.128602858203086e-05
294.0 -4.0496220177470995e-05
295.0 -3.969596914408292e-05
296.0 -3.8891031043650456e-05
297.0 -3.808768295080692e-05
298.0 -3.729253289430116e-05
299.0 -3.65122979286571e-05
