10.0 0.504773288901
11.0 0.432434838542
12.0 0.372889363292
13.0 0.323476184089
14.0 0.282159263459
15.0 0.247367173666
16.0 0.217876819825
17.0 0.192727515825
18.0 0.171157928379
19.0 0.152560095059
20.0 0.136445284463
21.0 0.12241795442
22.0 0.110155660722
23.0 0.099393639466
24.0 0.089913075362
25.0 0.0815321442761
26.0 0.0740990318929
27.0 0.0674863598264
28.0 0.0615866991476
29.0 0.0563089871354
30.0 0.0515756786007
31.0 0.0473204578666
32.0 0.0434863742359
33.0 0.0400243176879
34.0 0.0368917811116
35.0 0.0340518559825
36.0 0.0314724031932
37.0 0.0291253519144
38.0 0.0269861052262
39.0 0.0250330479813
40.0 0.0232471454217
41.0 0.0216116060202
42.0 0.0201115835966
43.0 0.0187339127296
44.0 0.0174668855471
45.0 0.0163000724897
46.0 0.0152241751318
47.0 0.0142308950074
48.0 0.0133128121475
49.0 0.0124632771687
50.0 0.0116763203684
51.0 0.010946574337
52.0 0.0102692036827
53.0 0.0096398396471
54.0 0.0090545225012
55.0 0.00850965474954
56.0 0.00800196438304
57.0 0.00752847467035
58.0 0.0070864776404
59.0 0.00667351050742
60.0 0.00628733498323
61.0 0.00592591836173
62.0 0.00558741433105
63.0 0.00527014224273
64.0 0.00497256567641
65.0 0.00469327285744
66.0 0.00443096144687
67.0 0.0041844285212
68.0 0.00395256449222
69.0 0.0037343486412
70.0 0.00352884427711
71.0 0.00333519265603
72.0 0.00315260577589
73.0 0.00298035853314
74.0 0.00281778072719
75.0 0.00266424946778
76.0 0.00251918277039
77.0 0.00238203517997
78.0 0.00225229581312
79.0 0.00212948835821
80.0 0.00201317181865
81.0 0.00190294059486
82.0 0.0017984229382
83.0 0.00169927756243
84.0 0.00160518888593
85.0 0.00151586180819
86.0 0.00143101708787
87.0 0.00135038830304
88.0 0.00127372101628
89.0 0.00120077415579
90.0 0.00113132292035
91.0 0.00106516200111
92.0 0.00100210782191
93.0 0.00094199886951
94.0 0.00088469383503
95.0 0.000830067937106
96.0 0.000778008225004
97.0 0.000728408783222
98.0 0.000681166625816
99.0 0.000636178786828
100.0 0.000593340793294
101.0 0.000552546430914
102.0 0.000513688525284
103.0 0.000476660376015
104.0 0.000441357483348
105.0 0.000407679269728
106.0 0.000375530592848
107.0 0.000344822945767
108.0 0.000315475320513
109.0 0.000287414753754
110.0 0.000260576567131
111.0 0.000234904272172
112.0 0.000210349064642
113.0 0.000186868828433
114.0 0.000164426631778
115.0 0.000142988820409
116.0 0.000122522949868
117.0 0.000102995893907
118.0 8.43724731701e-05
119.0 6.66148580825e-05
120.0 4.96828390867e-05
121.0 3.35348747471e-05
122.0 1.81296725731e-05
123.0 3.4279617453e-06
124.0 -1.06059065262e-05
125.0 -2.40028502425e-05
126.0 -3.67886579641e-05
127.0 -4.89843799715e-05
128.0 -6.06074341857e-05
129.0 -7.16732081424e-05
130.0 -8.21968352187e-05
131.0 -9.21947859374e-05
132.0 -0.000101685955887
133.0 -0.000110692043964
134.0 -0.000119237172304
135.0 -0.000127346863521
136.0 -0.000135046621324
137.0 -0.000142360427037
138.0 -0.000149309455728
139.0 -0.000155911241092
140.0 -0.000162179403391
141.0 -0.000168123932061
142.0 -0.000173751913231
143.0 -0.000179068530654
144.0 -0.000184078151716
145.0 -0.000188785331485
146.0 -0.000193195613942
147.0 -0.000197316065475
148.0 -0.000201155528888
149.0 -0.000204724628078
150.0 -0.000208035580301
151.0 -0.000211101883612
152.0 -0.000213937943248
153.0 -0.00021655868547
154.0 -0.00021897918536
155.0 -0.000221214311985
156.0 -0.000223278376829
157.0 -0.000225184764771
158.0 -0.000226945534395
159.0 -0.000228570994759
160.0 -0.000230069293422
161.0 -0.000231446076607
162.0 -0.000232704297034
163.0 -0.000233844240781
164.0 -0.000234863819094
165.0 -0.000235759128302
166.0 -0.000236525230275
167.0 -0.000237157059802
168.0 -0.000237650335703
169.0 -0.000238002347575
170.0 -0.000238212511531
171.0 -0.000238282631364
172.0 -0.0002382168561
173.0 -0.000238021378178
174.0 -0.000237703956742
175.0 -0.000237273369455
176.0 -0.000236738891342
177.0 -0.000236109873776
178.0 -0.000235395458891
179.0 -0.000234604424806
180.0 -0.000233745125096
181.0 -0.000232825468703
182.0 -0.000231852886486
183.0 -0.00023083424554
184.0 -0.000229775696505
185.0 -0.000228682465262
186.0 -0.000227558621795
187.0 -0.00022640687127
188.0 -0.000225228413726
189.0 -0.000224022910207
190.0 -0.000222788577328
191.0 -0.000221522412883
192.0 -0.000220220535555
193.0 -0.000218878605397
194.0 -0.00021749228069
195.0 -0.000216057662819
196.0 -0.000214571684265
197.0 -0.00021303240527
198.0 -0.000211439200195
199.0 -0.000209792832026
200.0 -0.000208095429299
201.0 -0.000206350390453
202.0 -0.00020456224397
203.0 -0.000202736488202
204.0 -0.000200879424355
205.0 -0.000198997983072
206.0 -0.000197099533943
207.0 -0.000195191661983
208.0 -0.000193281897969
209.0 -0.000191377400532
210.0 -0.000189484604498
211.0 -0.000187608867648
212.0 -0.000185754161785
213.0 -0.000183922859074
214.0 -0.000182115658517
215.0 -0.000180331680223
216.0 -0.000178568729518
217.0 -0.000176823703962
218.0 -0.00017509308995
219.0 -0.000173373477412
220.0 -0.000171662015263
221.0 -0.000169956738245
222.0 -0.000168256716456
223.0 -0.000166562008409
224.0 -0.000164873431464
225.0 -0.000163192193912
226.0 -0.000161519455331
227.0 -0.000159855892317
228.0 -0.00015820134373
229.0 -0.000156554594156
230.0 -0.000154913329608
231.0 -0.000153274270304
232.0 -0.000151633457016
233.0 -0.000149986644871
234.0 -0.000148329745064
235.0 -0.000146659252316
236.0 -0.000144972603347
237.0 -0.000143268426831
238.0 -0.000141546664455
239.0 -0.000139808562046
240.0 -0.000138056545731
241.0 -0.000136294008752
242.0 -0.000134525039179
243.0 -0.000132754118161
244.0 -0.000130985814365
245.0 -0.00012922449499
246.0 -0.000127474068973
247.0 -0.0001257377749
248.0 -0.000124018024604
249.0 -0.000122316312797
250.0 -0.000120633202088
251.0 -0.000118968389952
252.0 -0.000117320859115
253.0 -0.000115689105113
254.0 -0.000114071425542
255.0 -0.000112466246088
256.0 -0.000110872450802
257.0 -0.000109289679956
258.0 -0.00010771855938
259.0 -0.000106160830981
260.0 -0.000104619364483
261.0 -0.000103098044093
262.0 -0.000101601538682
263.0 -0.000100134978069
264.0 -9.87035689545e-05
265.0 -9.73121905058e-05
266.0 -9.59650107064e-05
267.0 -9.46651604555e-05
268.0 -9.34144938968e-05
269.0 -9.22134520467e-05
270.0 -9.10610342883e-05
271.0 -8.99548705008e-05
272.0 -8.88913770194e-05
273.0 -8.78659732892e-05
274.0 -8.68733333944e-05
275.0 -8.59076474401e-05
276.0 -8.49628713663e-05
277.0 -8.40329492452e-05
278.0 -8.31119983799e-05
279.0 -8.21944536481e-05
280.0 -8.12751727505e-05
281.0 -8.03495078969e-05
282.0 -7.94133517914e-05
283.0 -7.84631666415e-05
284.0 -7.74960044995e-05
285.0 -7.65095258545e-05
286.0 -7.55020213207e-05
287.0 -7.44724388165e-05
288.0 -7.34204160491e-05
289.0 -7.23463156736e-05
290.0 -7.12512583906e-05
291.0 -7.01371477098e-05
292.0 -6.90066793035e-05
293.0 -6.78633279278e-05
294.0 -6.67113058461e-05
295.0 -6.5555488482e-05
296.0 -6.44013055056e-05
297.0 -6.32545984578e-05
298.0 -6.21214490424e-05
299.0 -6.10079850319e-05
