10.0 0.4959727517643077
11.0 0.41261853062312476
12.0 0.3458185489308046
13.0 0.29165597383177816
14.0 0.24730861102316004
15.0 0.21070090993588889
16.0 0.18027850810105758
17.0 0.15485371355259894
18.0 0.1335018217598776
19.0 0.11549379998637134
20.0 0.10025007637563958
21.0 0.08730578579232813
22.0 0.07628401344344785
23.0 0.06687584009476087
24.0 0.058826025089256974
25.0 0.0519227435514089
26.0 0.04598973788398752
27.0 0.040879823926191244
28.0 0.036469476232111664
29.0 0.032654549900923105
30.0 0.029347009115532438
31.0 0.02647232613478292
32.0 0.02396729235210384
33.0 0.021778174016403435
34.0 0.01985922361467339
35.0 0.01817150775562216
36.0 0.01668193806461379
37.0 0.01536239730609794
38.0 0.014188947754793733
39.0 0.01314118183663417
40.0 0.012201735468497024
41.0 0.011355893261515544
42.0 0.010591199905490511
43.0 0.009897072144959412
44.0 0.009264474089322282
45.0 0.008685693819375558
46.0 0.008154185363140522
47.0 0.00766441406587135
48.0 0.007211687420264811
49.0 0.00679200179798232
50.0 0.0064019316889108195
51.0 0.0060385503975862904
52.0 0.005699353440691859
53.0 0.005382174843327174
54.0 0.005085111557960938
55.0 0.004806472408035905
56.0 0.004544750131338512
57.0 0.004298602685150094
58.0 0.004066834303461723
59.0 0.003848377742063602
60.0 0.0036422825917933515
61.0 0.003447708659857304
62.0 0.0032639171502747855
63.0 0.003090253406440739
64.0 0.002926122381708998
65.0 0.0027709648675867987
66.0 0.0026242431570845945
67.0 0.0024854392850994452
68.0 0.0023540620081749265
69.0 0.0022296552986391426
70.0 0.0021118028111750675
71.0 0.002000126998242744
72.0 0.001894284577338012
73.0 0.0017939602800213356
74.0 0.00169885960037867
75.0 0.0016087008962090955
76.0 0.0015232083175327998
77.0 0.0014421081508203992
78.0 0.0013651305048850183
79.0 0.0012920157947007918
80.0 0.0012225229696309458
81.0 0.0011564356941770693
82.0 0.0010935639845293793
83.0 0.001033740931159
84.0 0.0009768157783369947
85.0 0.0009226453874458879
86.0 0.0008710863343958943
87.0 0.0008219898565386742
88.0 0.0007752013678247632
89.0 0.000730565017132897
90.0 0.0006879320023787999
91.0 0.0006471698726973754
92.0 0.0006081696633284758
93.0 0.0005708486141059833
94.0 0.0005351478958250817
95.0 0.0005010263715856277
96.0 0.0004684523424250952
97.0 0.00043739533475792443
98.0 0.0004078195126433605
99.0 0.0003796795778770923
100.0 0.0003529193191677592
101.0 0.0003274724377959308
102.0 0.0003032649716944695
103.0 0.0002802185573483175
104.0 0.0002582538543225174
105.0 0.00023729363616219158
106.0 0.00021726526398157712
107.0 0.00019810246910206887
108.0 0.0001797465453820525
109.0 0.00016214714250513106
110.0 0.00014526281407573475
111.0 0.00012906131402372982
112.0 0.00011351943369915016
113.0 9.862206045872425e-05
114.0 8.436021888446044e-05
115.0 7.07281313646886e-05
116.0 5.771969674398615e-05
117.0 4.53250690875257e-05
118.0 3.352809109310959e-05
119.0 2.23051644425622e-05
120.0 1.1625793363982045e-05
121.0 1.454645662353211e-06
122.0 -8.245343729086996e-06
123.0 -1.7509482218185157e-05
124.0 -2.636813136385323e-05
125.0 -3.4844422378248466e-05
126.0 -4.295329782350023e-05
127.0 -5.0702057700078355e-05
128.0 -5.8092305408994175e-05
129.0 -6.512290895338778e-05
130.0 -7.179337239313068e-05
131.0 -7.810691163265638e-05
132.0 -8.407258577653728e-05
133.0 -8.970604802357329e-05
134.0 -9.502879913738073e-05
135.0 -0.00010006616858919115
136.0 -0.00010484452248669412
137.0 -0.00010938833416474465
138.0 -0.00011371772681938247
139.0 -0.0001178469305358209
140.0 -0.00012178384835367622
141.0 -0.00012553067169808355
142.0 -0.00012908528821750092
143.0 -0.00013244312078766242
144.0 -0.00013559902880537944
145.0 -0.00013854896996988656
146.0 -0.00014129122828921534
147.0 -0.0001438271287557096
148.0 -0.00014616125720177345
149.0 -0.00014830127331942305
150.0 -0.00015025744314014556
151.0 -0.00015204202692950996
152.0 -0.0001536686436473612
153.0 -0.0001551516987117996
154.0 -0.00015650591425425402
155.0 -0.00015774594983466214
156.0 -0.00015888605912416898
157.0 -0.00015993970730504808
158.0 -0.0001609190839931984
159.0 -0.00016183448820417026
160.0 -0.000162693625510535
161.0 -0.00016350092419426738
162.0 -0.00016425702414569392
163.0 -0.00016495860035815914
164.0 -0.0001655986435392147
165.0 -0.00016616723933272705
166.0 -0.0001666527840021069
167.0 -0.00016704347515671917
168.0 -0.0001673288480750561
169.0 -0.00016750111020389022
170.0 -0.00016755606389312483
171.0 -0.0001674934911382527
172.0 -0.000167316983098098
173.0 -0.0001670333047404502
174.0 -0.00016665146585086816
175.0 -0.00016618170634811002
176.0 -0.00016563459078086952
177.0 -0.0001650203511346862
178.0 -0.00016434853593182643
179.0 -0.00016362793945183215
180.0 -0.00016286671898908627
181.0 -0.00016207257494088494
182.0 -0.00016125287266117723
183.0 -0.0001604146206253222
184.0 -0.00015956427326728015
185.0 -0.00015870738279883404
186.0 -0.000157848168352388
187.0 -0.0001569890942760672
188.0 -0.0001561305502794279
189.0 -0.0001552707077996855
190.0 -0.00015440559602517898
191.0 -0.00015352940478041994
192.0 -0.00015263498632468096
193.0 -0.0001517144989100254
194.0 -0.00015076011520021742
195.0 -0.00014976471084248295
196.0 -0.00014872245395250986
197.0 -0.0001476292346962416
198.0 -0.0001464829028511931
199.0 -0.0001452833149554986
200.0 -0.0001440322242356469
201.0 -0.00014273306849053811
202.0 -0.00014139071790661176
203.0 -0.00014001123459342818
204.0 -0.00013860167142368726
205.0 -0.00013716990675841412
206.0 -0.00013572448341597464
207.0 -0.00013427440398221314
208.0 -0.0001328288362455822
209.0 -0.0001313967030634954
210.0 -0.0001299861656373396
211.0 -0.00012860404888940166
212.0 -0.00012725529128880818
213.0 -0.00012594251896823021
214.0 -0.0001246658389591451
215.0 -0.00012342291799624845
216.0 -0.00012220936654563696
217.0 -0.00012101939207479303
218.0 -0.0001198466330244487
219.0 -0.00011868504692958976
220.0 -0.00011752971108639163
221.0 -0.00011637740562262227
222.0 -0.00011522688484565028
223.0 -0.00011407879639654217
224.0 -0.00011293526873107726
225.0 -0.00011179924426142645
226.0 -0.00011067367768867887
227.0 -0.00010956073925057348
228.0 -0.00010846115776202641
229.0 -0.00010737381016964481
230.0 -0.00010629561887294448
231.0 -0.000105221764272135
232.0 -0.00010414616801400264
233.0 -0.00010306216150126688
234.0 -0.00010196323103056902
235.0 -0.00010084372820565548
236.0 -9.969945060673989e-05
237.0 -9.852802801223452e-05
238.0 -9.732908639839888e-05
239.0 -9.610419760786654e-05
240.0 -9.48566503968985e-05
241.0 -9.359109461276794e-05
242.0 -9.231311384686372e-05
243.0 -9.1028775387453e-05
244.0 -8.97441939838402e-05
245.0 -8.846513273737288e-05
246.0 -8.719665440377822e-05
247.0 -8.59428316935521e-05
248.0 -8.470652567555369e-05
249.0 -8.348924502804397e-05
250.0 -8.22911024161263e-05
251.0 -8.111088446621952e-05
252.0 -7.994624644662326e-05
253.0 -7.879403135662348e-05
254.0 -7.765069707580821e-05
255.0 -7.651281747774162e-05
256.0 -7.53776077221369e-05
257.0 -7.424341394967521e-05
258.0 -7.3110105982626e-05
259.0 -7.197931946757723e-05
260.0 -7.085451044652084e-05
261.0 -6.974080820385992e-05
262.0 -6.864467782817426e-05
263.0 -6.757342818681775e-05
264.0 -6.653462015838764e-05
265.0 -6.553544117131735e-05
266.0 -6.458211393028502e-05
267.0 -6.367939983597651e-05
268.0 -6.283024264550801e-05
269.0 -6.203557810102544e-05
270.0 -6.129431385150267e-05
271.0 -6.0603464237829035e-05
272.0 -5.995840905404463e-05
273.0 -5.935323591454361e-05
274.0 -5.878112288557696e-05
275.0 -5.8234721030538354e-05
276.0 -5.770650408263968e-05
277.0 -5.718906273443249e-05
278.0 -5.667533208713001e-05
279.0 -5.61587509662711e-05
280.0 -5.5633359915475747e-05
281.0 -5.509385013590153e-05
282.0 -5.453557838426289e-05
283.0 -5.3954563199859076e-05
284.0 -5.3347476331055744e-05
285.0 -5.271164044604218e-05
286.0 -5.204504064957163e-05
287.0 -5.134635338975777e-05
288.0 -5.06149923401463e-05
289.0 -4.985116705385393e-05
290.0 -4.905594688004948e-05
291.0 -4.823132009582339e-05
292.0 -4.7380236727397224e-05
293.0 -4.650662334614268e-05
294.0 -4.561535935062745e-05
295.0 -4.471220684248554e-05
296.0 -4.380368994724483e-05
297.0 -4.289692392840103e-05
298.0 -4.199939919069051e-05
299.0 -4.111872972602434e-05
