10.0 0.43356848996092906
11.0 0.3711743566088292
12.0 0.31990673096345346
13.0 0.2774195590419519
14.0 0.2419287131908936
15.0 0.2120640766201767
16.0 0.18676352602677307
17.0 0.16519541707219512
18.0 0.14670224297447318
19.0 0.13075992687577517
20.0 0.11694781330397448
21.0 0.10492587479139405
22.0 0.09441717816716591
23.0 0.08519447374453225
24.0 0.07707003244809182
25.0 0.06988791676464791
26.0 0.06351796958504934
27.0 0.057851014760377496
28.0 0.052794992614426495
29.0 0.048271876706358074
30.0 0.044215227553967534
31.0 0.04056823004306485
32.0 0.0372820936994713
33.0 0.03431474457462239
34.0 0.031629764145316326
35.0 0.02919552987810947
36.0 0.026984505966669448
37.0 0.024972642419805263
38.0 0.023138864689081776
39.0 0.021464651624044123
40.0 0.01993369258649547
41.0 0.018531599781451517
42.0 0.017245652970212612
43.0 0.016064571609022693
44.0 0.014978322804083538
45.0 0.013977968182472766
46.0 0.013055538827954913
47.0 0.012203923378727279
48.0 0.011416763628930028
49.0 0.010688361611229248
50.0 0.010013601705643038
51.0 0.009387884610154757
52.0 0.008807067157513917
53.0 0.008267405924559115
54.0 0.007765507456383538
55.0 0.007298288065072966
56.0 0.006862942553286607
57.0 0.00645691860289707
58.0 0.00607789421900058
59.0 0.005723757634814864
60.0 0.005392589741135011
61.0 0.005082648069593351
62.0 0.004792350430606314
63.0 0.004520256994259825
64.0 0.004265051569543709
65.0 0.004025524458447166
66.0 0.003800559240598945
67.0 0.0035891242624897686
68.0 0.0033902676795067744
69.0 0.0032031139018178544
70.0 0.0030268596185423205
71.0 0.00286076863172514
72.0 0.0027041656342869373
73.0 0.002556429391071476
74.0 0.002416985757048039
75.0 0.002285301020142073
76.0 0.002160876277876274
77.0 0.00204324362680697
78.0 0.0019319645423568673
79.0 0.0018266300424349942
80.0 0.0017268615272571796
81.0 0.0016323110080519092
82.0 0.0015426598396790342
83.0 0.0014576157625178956
84.0 0.001376908684698027
85.0 0.001300286023430289
86.0 0.0012275085708532963
87.0 0.0011583477761379847
88.0 0.0010925850176361008
89.0 0.0010300128865793497
90.0 0.0009704378620507007
91.0 0.000913683282731253
92.0 0.0008595914340340559
93.0 0.0008080239057875503
94.0 0.000758859968767647
95.0 0.000711993310050594
96.0 0.0006673278531092937
97.0 0.0006247734962123366
98.0 0.000584242477178784
99.0 0.0005456468147125423
100.0 0.0005088969869859963
101.0 0.0004739017602254072
102.0 0.00044056891407979164
103.0 0.0004088065365958901
104.0 0.000378524566528048
105.0 0.00034963631928163977
106.0 0.00032205981849513026
107.0 0.0002957188450103931
108.0 0.0002705436878823802
109.0 0.00024647161968676605
110.0 0.00022344711156534414
111.0 0.00020142176231006655
112.0 0.00018035387166516516
113.0 0.00016020758068634283
114.0 0.00014095155695465384
115.0 0.00012255731282728111
116.0 0.00010499737102575886
117.0 8.82435797804856e-05
118.0 7.226588817917336e-05
119.0 5.703181192163631e-05
120.0 4.250667493803487e-05
121.0 2.8654547753803023e-05
122.0 1.5439663505817552e-05
123.0 2.828006745272013e-06
124.0 -9.211250740034496e-06
125.0 -2.070475267176761e-05
126.0 -3.167459550623313e-05
127.0 -4.2138672412913356e-05
128.0 -5.2111658080075415e-05
129.0 -6.160643962475121e-05
130.0 -7.06357058878306e-05
131.0 -7.921337306910916e-05
132.0 -8.735556050039778e-05
133.0 -9.508093070676158e-05
134.0 -0.00010241034953285182
135.0 -0.00010936596994995386
136.0 -0.00011596996058667306
137.0 -0.00012224315975467863
138.0 -0.00012820392752388142
139.0 -0.00013386740088327915
140.0 -0.00013924525340575024
141.0 -0.00014434595046004944
142.0 -0.00014917540019904717
143.0 -0.00015373784582670564
144.0 -0.00015803683035013245
145.0 -0.0001620760850046848
146.0 -0.00016586023451667934
147.0 -0.00016939526274918948
148.0 -0.00017268872975481416
149.0 -0.00017574976847215562
150.0 -0.00017858891276777166
151.0 -0.00018121781768150907
152.0 -0.0001836489289571217
153.0 -0.00018589514501349947
154.0 -0.00018796949448673378
155.0 -0.00018988483155036806
156.0 -0.00019165353515855784
157.0 -0.00019328719223295793
158.0 -0.0001947962513924692
159.0 -0.0001961896522084274
160.0 -0.00019747446016942508
161.0 -0.00019865556148683178
162.0 -0.00019973548568216035
163.0 -0.0002007144207363331
164.0 -0.0002015904631705669
165.0 -0.00020236010719273842
166.0 -0.00020301893148016618
167.0 -0.00020356240055747113
168.0 -0.0002039866709069051
169.0 -0.00020428928722950238
170.0 -0.00020446967335341278
171.0 -0.00020452936083919504
172.0 -0.00020447194724577025
173.0 -0.00020430282388398492
174.0 -0.0002040287489681488
175.0 -0.00020365735901410438
176.0 -0.00020319670679499807
177.0 -0.00020265489117473587
178.0 -0.00020203980996642552
179.0 -0.00020135903101288513
180.0 -0.00020061974790034555
181.0 -0.000199828771318722
182.0 -0.0001989925072109639
183.0 -0.00019811688644997888
184.0 -0.00019720723264802362
185.0 -0.00019626807829032232
186.0 -0.00019530295869359032
187.0 -0.00019431422427743537
188.0 -0.0001933029128293805
189.0 -0.00019226871571945798
190.0 -0.00019121005787613976
191.0 -0.00019012429397795178
192.0 -0.000189008005939468
193.0 -0.00018785737212586223
194.0 -0.00018666856892009655
195.0 -0.0001854381616651552
196.0 -0.0001841634451131336
197.0 -0.00018284270280848977
198.0 -0.00018147536863959287
199.0 -0.00018006208942255683
200.0 -0.00017860470156030934
201.0 -0.00017710614444522668
202.0 -0.0001755703362527718
203.0 -0.0001740020337117201
204.0 -0.00017240668788656585
205.0 -0.00017079029614817576
206.0 -0.00016915924029478607
207.0 -0.00016752009582283065
208.0 -0.00016587939978446979
209.0 -0.00016424337450358025
210.0 -0.00016261761937667174
211.0 -0.000161006799064043
212.0 -0.00015941436889718694
213.0 -0.00015784238319247726
214.0 -0.00015629142697074326
215.0 -0.0001547606963424764
216.0 -0.00015324823001530507
217.0 -0.00015175126844904817
218.0 -0.0001502666934918268
219.0 -0.00014879148495756993
220.0 -0.00014732312520596142
221.0 -0.00014585988978643252
222.0 -0.00014440098053589013
223.0 -0.0001429464838404643
224.0 -0.00014149716621588752
225.0 -0.00014005414651808016
226.0 -0.00013861850407991005
227.0 -0.00013719089144376283
228.0 -0.00013577121773880303
229.0 -0.0001343584550019592
230.0 -0.00013295059772565842
231.0 -0.0001315447798907429
232.0 -0.00013013752847910545
233.0 -0.00012872511232056493
234.0 -0.00012730393323830198
235.0 -0.00012587090417536244
236.0 -0.00012442376575302856
237.0 -0.00012296130631552984
238.0 -0.00012148346768961561
239.0 -0.00011999133609581785
240.0 -0.00011848703187659944
241.0 -0.00011697352104677004
242.0 -0.00011545437559587555
243.0 -0.00011393350873865062
244.0 -0.00011241490755323738
245.0 -0.00011090238060909753
246.0 -0.00010939933391645796
247.0 -0.00010790858576679315
248.0 -0.00010643222982748492
249.0 -0.00010497155547810517
250.0 -0.00010352703366288829
251.0 -0.00010209837432241326
252.0 -0.00010068465702190974
253.0 -9.928452968316103e-05
254.0 -9.789646209404888e-05
255.0 -9.651903247912173e-05
256.0 -9.515121853689293e-05
257.0 -9.379266056514565e-05
258.0 -9.244386471929352e-05
259.0 -9.110631946298461e-05
260.0 -8.97825074191685e-05
261.0 -8.847580689283182e-05
262.0 -8.719029055450267e-05
263.0 -8.593044117165541e-05
264.0 -8.470081402001125e-05
265.0 -8.350568132369204e-05
266.0 -8.23486950616255e-05
267.0 -8.123260080355266e-05
268.0 -8.015902768158673e-05
269.0 -7.912836947927212e-05
270.0 -7.813976073628499e-05
271.0 -7.719114132624659e-05
272.0 -7.627939451709681e-05
273.0 -7.540053796518557e-05
274.0 -7.454994478466159e-05
275.0 -7.372257260447254e-05
276.0 -7.29131817812465e-05
277.0 -7.211652882141904e-05
278.0 -7.132752664395641e-05
279.0 -7.054136873063739e-05
280.0 -6.975361881028988e-05
281.0 -6.896027110732751e-05
282.0 -6.815778820618916e-05
283.0 -6.734312429843334e-05
284.0 -6.651374118091417e-05
285.0 -6.56676231190739e-05
286.0 -6.480329485013085e-05
287.0 -6.391984483148055e-05
288.0 -6.301695356951642e-05
289.0 -6.209492470474061e-05
290.0 -6.115471467741553e-05
291.0 -6.019795543535005e-05
292.0 -5.92269639296553e-05
293.0 -5.8244732181500664e-05
294.0 -5.7254892532754136e-05
295.0 -5.626165426461761e-05
296.0 -5.526970994187186e-05
297.0 -5.4284112393807366e-05
298.0 -5.331012590529379e-05
299.0 -5.235305767305991e-05
