10.0 0.471579511019
11.0 0.40610841924
12.0 0.352663699128
13.0 0.308467624791
14.0 0.271512588042
15.0 0.240313478598
16.0 0.213751074654
17.0 0.190968467196
18.0 0.171299696734
19.0 0.154219385155
20.0 0.139307637138
21.0 0.126225693312
22.0 0.114698124718
23.0 0.1044991482
24.0 0.0954420704631
25.0 0.0873711958214
26.0 0.0801557367332
27.0 0.0736853806535
28.0 0.0678669051929
29.0 0.0626211682192
30.0 0.0578803359733
31.0 0.0535857276117
32.0 0.0496864723344
33.0 0.0461386194492
34.0 0.0429042050177
35.0 0.0399501859943
36.0 0.0372475159701
37.0 0.0347705518183
38.0 0.0324966830484
39.0 0.0304059805557
40.0 0.0284808109516
41.0 0.026705496309
42.0 0.0250660708392
43.0 0.0235500979801
44.0 0.0221464947993
45.0 0.0208453544697
46.0 0.0196377835988
47.0 0.018515762246
48.0 0.0174720272529
49.0 0.0164999864764
50.0 0.0155936694532
51.0 0.0147476998492
52.0 0.0139572601396
53.0 0.0132180303078
54.0 0.0125261090845
55.0 0.0118779408558
56.0 0.0112702629119
57.0 0.0107000704993
58.0 0.0101645900287
59.0 0.00966125663624
60.0 0.00918769951001
61.0 0.00874173731443
62.0 0.00832137881126
63.0 0.0079248192587
64.0 0.00755042622558
65.0 0.00719671603256
66.0 0.00686232780548
67.0 0.00654600262652
68.0 0.00624657153015
69.0 0.00596295130628
70.0 0.00569414389103
71.0 0.00543923457867
72.0 0.00519738596935
73.0 0.00496782721758
74.0 0.00474984041614
75.0 0.00454274709442
76.0 0.004345897845
77.0 0.00415866732614
78.0 0.00398045547193
79.0 0.00381069380362
80.0 0.00364885383662
81.0 0.00349445370415
82.0 0.00334705997304
83.0 0.00320628389386
84.0 0.00307177374168
85.0 0.00294320615504
86.0 0.00282027902828
87.0 0.00270270713803
88.0 0.00259022026967
89.0 0.00248256280657
90.0 0.0023794936289
91.0 0.00228078548229
92.0 0.00218622346706
93.0 0.00209560282031
94.0 0.00200872658553
95.0 0.00192540392957
96.0 0.00184544967477
97.0 0.00176868515516
98.0 0.00169494002894
99.0 0.00162405442433
100.0 0.00155588082388
101.0 0.00149028528019
102.0 0.00142714774435
103.0 0.001366361415
104.0 0.00130783113597
105.0 0.00125147104446
106.0 0.0011972018712
107.0 0.00114494840703
108.0 0.00109463758174
109.0 0.00104619735824
110.0 0.000999556347234
111.0 0.000954643837437
112.0 0.000911389900309
113.0 0.000869725352332
114.0 0.000829581559474
115.0 0.000790890249311
116.0 0.000753583584011
117.0 0.000717594714282
118.0 0.00068285889495
119.0 0.000649315045512
120.0 0.000616907452035
121.0 0.000585587198799
122.0 0.000555312934668
123.0 0.000526050724913
124.0 0.000497772973344
125.0 0.000470456648099
126.0 0.000444081225472
127.0 0.00041862681877
128.0 0.000394072865891
129.0 0.000370397543768
130.0 0.000347577833325
131.0 0.000325589961356
132.0 0.000304409862127
133.0 0.000284013353673
134.0 0.000264375882924
135.0 0.000245471894745
136.0 0.000227274047677
137.0 0.000209752578095
138.0 0.00019287508621
139.0 0.000176606902619
140.0 0.000160912039874
141.0 0.000145754592065
142.0 0.000131100354807
143.0 0.000116918412509
144.0 0.000103182470001
145.0 8.98717689419e-05
146.0 7.69715019917e-05
147.0 6.44727029889e-05
148.0 5.23716432045e-05
149.0 4.06688032852e-05
150.0 2.93675216695e-05
151.0 1.84724455371e-05
152.0 7.98792924616e-06
153.0 -2.08346534401e-06
154.0 -1.17422164411e-05
155.0 -2.0992708857e-05
156.0 -2.98436303059e-05
157.0 -3.83078640849e-05
158.0 -4.64019102296e-05
159.0 -5.41449321227e-05
160.0 -6.1557577722e-05
161.0 -6.8660752942e-05
162.0 -7.54745222639e-05
163.0 -8.20172777707e-05
164.0 -8.83052589726e-05
165.0 -9.43524342259e-05
166.0 -0.000100170685401
167.0 -0.000105770185145
168.0 -0.000111159830978
169.0 -0.000116347606531
170.0 -0.000121340774617
171.0 -0.000126145860466
172.0 -0.000130768443781
173.0 -0.000135212831625
174.0 -0.000139481719056
175.0 -0.00014357595352
176.0 -0.000147494500789
177.0 -0.000151234669002
178.0 -0.000154792592403
179.0 -0.000158163919942
180.0 -0.000161344608348
181.0 -0.000164331694676
182.0 -0.000167123924807
183.0 -0.000169722141517
184.0 -0.00017212938242
185.0 -0.000174350694217
186.0 -0.000176392723208
187.0 -0.00017826318183
188.0 -0.000179970308818
189.0 -0.000181522433182
190.0 -0.000182927721521
191.0 -0.000184194141107
192.0 -0.000185329618218
193.0 -0.000186342323541
194.0 -0.000187240984718
195.0 -0.000188035116558
196.0 -0.000188735074296
197.0 -0.000189351870904
198.0 -0.000189896748489
199.0 -0.000190380545956
200.0 -0.000190812949933
201.0 -0.000191201744758
202.0 -0.000191552184724
203.0 -0.000191866596741
204.0 -0.000192144287146
205.0 -0.000192381779203
206.0 -0.00019257335643
207.0 -0.000192711840494
208.0 -0.000192789498818
209.0 -0.000192798961679
210.0 -0.000192734033198
211.0 -0.000192590303428
212.0 -0.000192365504615
213.0 -0.000192059596479
214.0 -0.000191674605234
215.0 -0.000191214272272
216.0 -0.000190683586451
217.0 -0.000190088277259
218.0 -0.000189434336371
219.0 -0.0001887276162
220.0 -0.000187973531324
221.0 -0.00018717686727
222.0 -0.00018634168523
223.0 -0.000185471302797
224.0 -0.000184568329631
225.0 -0.000183634741179
226.0 -0.00018267198
227.0 -0.000181681079901
228.0 -0.000180662810572
229.0 -0.000179617838932
230.0 -0.000178546898586
231.0 -0.000177450952599
232.0 -0.00017633132976
233.0 -0.000175189812861
234.0 -0.000174028660729
235.0 -0.000172850553776
236.0 -0.000171658464327
237.0 -0.000170455465653
238.0 -0.000169244504545
239.0 -0.000168028169152
240.0 -0.00016680848495
241.0 -0.000165586767001
242.0 -0.000164363547112
243.0 -0.000163138582118
244.0 -0.000161910936817
245.0 -0.000160679124535
246.0 -0.000159441281535
247.0 -0.000158195349484
248.0 -0.000156939242712
249.0 -0.000155670983181
250.0 -0.00015438879426
251.0 -0.000153091153115
252.0 -0.00015177680909
253.0 -0.000150444780837
254.0 -0.000149094347485
255.0 -0.000147725048684
256.0 -0.000146336705124
257.0 -0.000144929465815
258.0 -0.000143503881728
259.0 -0.00014206099838
260.0 -0.000140602453611
261.0 -0.000139130562095
262.0 -0.000137648365921
263.0 -0.000136159631482
264.0 -0.000134668777174
265.0 -0.000133180723802
266.0 -0.000131700669426
267.0 -0.000130233801528
268.0 -0.000128784970192
269.0 -0.000127358354853
270.0 -0.000125957162374
271.0 -0.000124583394584
272.0 -0.000123237718293
273.0 -0.000121919460441
274.0 -0.000120626736594
275.0 -0.000119356704171
276.0 -0.000118105915194
277.0 -0.000116870729305
278.0 -0.00011564773867
279.0 -0.000114434153702
280.0 -0.000113228102821
281.0 -0.000112028810219
282.0 -0.000110836631239
283.0 -0.000109652943251
284.0 -0.000108479908095
285.0 -0.000107320137768
286.0 -0.000106176305973
287.0 -0.000105050753071
288.0 -0.000103945130675
289.0 -0.000102860125038
290.0 -0.00010179528699
291.0 -0.000100748982234
292.0 -9.9718461387e-05
293.0 -9.87000360993e-05
294.0 -9.76893372954e-05
295.0 -9.66816251241e-05
296.0 -9.56721177421e-05
297.0 -9.46563075059e-05
298.0 -9.36302377932e-05
299.0 -9.25907205885e-05
