10.0 1.0369300627836373e-07
11.0 8.743257658501373e-08
12.0 7.378787768516363e-08
13.0 6.309101307053192e-08
14.0 5.405900039618289e-08
15.0 4.6632843848163264e-08
16.0 4.056889036664453e-08
17.0 3.5274683057179255e-08
18.0 3.0887701268926084e-08
19.0 2.7127485680757926e-08
20.0 2.3908722411489817e-08
21.0 2.115344141343524e-08
22.0 1.8769297974088647e-08
23.0 1.671460849180772e-08
24.0 1.4931008631011503e-08
25.0 1.337734096661424e-08
26.0 1.2020249683249063e-08
27.0 1.0831291344226338e-08
28.0 9.78576873720023e-09
29.0 8.871209192319541e-09
30.0 8.061744347452239e-09
31.0 7.3416973196233884e-09
32.0 6.707035846991363e-09
33.0 6.139563716933783e-09
34.0 5.634130033457009e-09
35.0 5.180494434396244e-09
36.0 4.7753432100395365e-09
37.0 4.4076723085340284e-09
38.0 4.079061440461559e-09
39.0 3.780820269593544e-09
40.0 3.5089607646095983e-09
41.0 3.261982507679462e-09
42.0 3.038169159965218e-09
43.0 2.8330186587006705e-09
44.0 2.6447335118132125e-09
45.0 2.4716174996581066e-09
46.0 2.3121660946184662e-09
47.0 2.1651881904911344e-09
48.0 2.029505173787561e-09
49.0 1.904015821256248e-09
50.0 1.787741490563747e-09
51.0 1.6797895143449144e-09
52.0 1.5795331112499427e-09
53.0 1.486277894781534e-09
54.0 1.3993642434928722e-09
55.0 1.3181923982624233e-09
56.0 1.2422931421656459e-09
57.0 1.1712781944071413e-09
58.0 1.104721341442124e-09
59.0 1.0422359175667625e-09
60.0 9.835025721439782e-10
61.0 9.284846249483756e-10
62.0 8.772425501664054e-10
63.0 8.289066494437399e-10
64.0 7.83252447310009e-10
65.0 7.400771471580019e-10
66.0 6.996804707006472e-10
67.0 6.618414327601797e-10
68.0 6.259041549807508e-10
69.0 5.917314842197788e-10
70.0 5.598372698689695e-10
71.0 5.29781953515967e-10
72.0 5.010963764775419e-10
73.0 4.739422666104935e-10
74.0 4.486235540032336e-10
75.0 4.24358903698104e-10
76.0 4.0128455715636407e-10
77.0 3.798274890148916e-10
78.0 3.5917673522815366e-10
79.0 3.3963164414254363e-10
80.0 3.212608261803392e-10
81.0 3.0349087856328147e-10
82.0 2.869528659053264e-10
83.0 2.7116228254190156e-10
84.0 2.5596334299115815e-10
85.0 2.4182585708836384e-10
86.0 2.2805211055612435e-10
87.0 2.1526186855497254e-10
88.0 2.0294189908525535e-10
89.0 1.9117343341180006e-10
90.0 1.8009529531688825e-10
91.0 1.6932465890264984e-10
92.0 1.5933945601298538e-10
93.0 1.4949502342719764e-10
94.0 1.404881404549702e-10
95.0 1.3160861329464579e-10
96.0 1.233538936312911e-10
97.0 1.1528287370738388e-10
98.0 1.0775248740574248e-10
99.0 1.0042518624239753e-10
100.0 9.357354892351518e-11
101.0 8.689927874344276e-11
102.0 8.062857048648122e-11
103.0 7.451811941424727e-11
104.0 6.883844245733102e-11
105.0 6.325731608854508e-11
106.0 5.808073701233202e-11
107.0 5.294213765472538e-11
108.0 4.824812529637036e-11
109.0 4.355411293801534e-11
110.0 3.927699977218937e-11
111.0 3.5036755413128484e-11
112.0 3.107941280295154e-11
113.0 2.7234745721802173e-11
114.0 2.3572001192788062e-11
115.0 2.0116841136948348e-11
116.0 1.6721745781837425e-11
117.0 1.361269929637825e-11
118.0 1.050365281091907e-11
119.0 7.666019097531036e-12
120.0 4.882528495956505e-12
121.0 2.2269096970583136e-12
122.0 -2.70240048651235e-13
123.0 -2.764219366801974e-12
124.0 -4.979068827115619e-12
125.0 -7.193918287429265e-12
126.0 -9.281658717073239e-12
127.0 -1.125517363397424e-11
128.0 -1.3228688550875236e-11
129.0 -1.4962132642489382e-11
130.0 -1.6693631595350866e-11
131.0 -1.834027640145116e-11
132.0 -1.986278958765675e-11
133.0 -2.1385302773862342e-11
134.0 -2.2755850275172293e-11
135.0 -2.4080454004319346e-11
136.0 -2.539185024492224e-11
137.0 -2.6543549786182963e-11
138.0 -2.7695249327443687e-11
139.0 -2.8790982343961722e-11
140.0 -2.977336673597976e-11
141.0 -3.0755751127997794e-11
142.0 -3.165841666251914e-11
143.0 -3.2490171298895114e-11
144.0 -3.33219259352711e-11
145.0 -3.406045058652258e-11
146.0 -3.475333322736497e-11
147.0 -3.5446215868207366e-11
148.0 -3.604442597853036e-11
149.0 -3.661203144842439e-11
150.0 -3.7179636918318414e-11
151.0 -3.765813573366683e-11
152.0 -3.8111673280311865e-11
153.0 -3.8565210826956896e-11
154.0 -3.8941914727765584e-11
155.0 -3.929253393967589e-11
156.0 -3.9643153151586214e-11
157.0 -3.993230835870419e-11
158.0 -4.018845824640323e-11
159.0 -4.044460813410227e-11
160.0 -4.06594667530631e-11
161.0 -4.083171796753075e-11
162.0 -4.100396918199839e-11
163.0 -4.115595344586527e-11
164.0 -4.125310949346544e-11
165.0 -4.1350265541065614e-11
166.0 -4.1447421588665785e-11
167.0 -4.147414707020752e-11
168.0 -4.149961926498611e-11
169.0 -4.1525091459764705e-11
170.0 -4.1513020840101884e-11
171.0 -4.147878185797318e-11
172.0 -4.1444542875844475e-11
173.0 -4.1399536501293324e-11
174.0 -4.131333461075215e-11
175.0 -4.122713272021096e-11
176.0 -4.114093082966978e-11
177.0 -4.1022002335448334e-11
178.0 -4.089012903245578e-11
179.0 -4.0758255729463225e-11
180.0 -4.061973652832643e-11
181.0 -4.0445097978956306e-11
182.0 -4.027045942958619e-11
183.0 -4.0095820880216066e-11
184.0 -3.990463867269533e-11
185.0 -3.969832559306697e-11
186.0 -3.949201251343862e-11
187.0 -3.928569943381027e-11
188.0 -3.905405929872216e-11
189.0 -3.881670076033329e-11
190.0 -3.857934222194442e-11
191.0 -3.8341160255180926e-11
192.0 -3.807988789092243e-11
193.0 -3.781861552666394e-11
194.0 -3.755734316240545e-11
195.0 -3.7292263179383437e-11
196.0 -3.700943890861434e-11
197.0 -3.672661463784525e-11
198.0 -3.6443790367076166e-11
199.0 -3.6157518091125463e-11
200.0 -3.586038549338168e-11
201.0 -3.5563252895637907e-11
202.0 -3.526612029789413e-11
203.0 -3.496652842753089e-11
204.0 -3.465850346687659e-11
205.0 -3.435047850622228e-11
206.0 -3.4042453545567975e-11
207.0 -3.373326856471869e-11
208.0 -3.341628368595485e-11
209.0 -3.309929880719102e-11
210.0 -3.278231392842719e-11
211.0 -3.246532904966335e-11
212.0 -3.2146740779627084e-11
213.0 -3.1828068839632916e-11
214.0 -3.150939689963876e-11
215.0 -3.1190724959644594e-11
216.0 -3.086980388068783e-11
217.0 -3.0547857700741356e-11
218.0 -3.022591152079488e-11
219.0 -2.9903965340848395e-11
220.0 -2.958205843927774e-11
221.0 -2.926022870672035e-11
222.0 -2.8938398974162948e-11
223.0 -2.8616569241605554e-11
224.0 -2.8294739509048163e-11
225.0 -2.7978427844896718e-11
226.0 -2.766273049810069e-11
227.0 -2.734703315130466e-11
228.0 -2.703133580450863e-11
229.0 -2.6717846384124375e-11
230.0 -2.6408073186795155e-11
231.0 -2.6098299989465932e-11
232.0 -2.5788526792136713e-11
233.0 -2.5478753594807487e-11
234.0 -2.517291266264914e-11
235.0 -2.4868353837597233e-11
236.0 -2.456379501254532e-11
237.0 -2.425923618749341e-11
238.0 -2.395516711294944e-11
239.0 -2.3662202692578174e-11
240.0 -2.3369238272206908e-11
241.0 -2.307627385183564e-11
242.0 -2.2783309431464372e-11
243.0 -2.249263066272002e-11
244.0 -2.2209385237766773e-11
245.0 -2.192613981281353e-11
246.0 -2.164289438786028e-11
247.0 -2.135964896290703e-11
248.0 -2.10805326338116e-11
249.0 -2.0809761899834155e-11
250.0 -2.053899116585671e-11
251.0 -2.0268220431879265e-11
252.0 -1.9997449697901814e-11
253.0 -1.9730538428787775e-11
254.0 -1.9471543291743236e-11
255.0 -1.9212548154698696e-11
256.0 -1.895355301765416e-11
257.0 -1.8694557880609616e-11
258.0 -1.8438276011787928e-11
259.0 -1.8191424469499414e-11
260.0 -1.7944572927210896e-11
261.0 -1.769772138492238e-11
262.0 -1.745086984263386e-11
263.0 -1.720427832856967e-11
264.0 -1.6973679682971365e-11
265.0 -1.6743081037373057e-11
266.0 -1.651248239177475e-11
267.0 -1.6281883746176443e-11
268.0 -1.6051285100578132e-11
269.0 -1.5830079625437134e-11
270.0 -1.561283552935715e-11
271.0 -1.5395591433277167e-11
272.0 -1.517834733719718e-11
273.0 -1.4961103241117196e-11
274.0 -1.4747843557536312e-11
275.0 -1.4544657992480952e-11
276.0 -1.4341472427425594e-11
277.0 -1.4138286862370235e-11
278.0 -1.3935101297314875e-11
279.0 -1.3731915732259517e-11
280.0 -1.353956983102446e-11
281.0 -1.3350760991229226e-11
282.0 -1.3161952151433989e-11
283.0 -1.2973143311638754e-11
284.0 -1.278433447184352e-11
285.0 -1.259711122485816e-11
286.0 -1.2422355571843018e-11
287.0 -1.2247599918827878e-11
288.0 -1.2072844265812736e-11
289.0 -1.1898088612797593e-11
290.0 -1.172333295978245e-11
291.0 -1.155339658879916e-11
292.0 -1.1392112996723317e-11
293.0 -1.1230829404647474e-11
294.0 -1.1069545812571631e-11
295.0 -1.0908262220495789e-11
296.0 -1.0746978628419946e-11
297.0 -1.0592335987080807e-11
298.0 -1.0444706800966836e-11
299.0 -1.0297077614852865e-11
