10.0 0.479902513425
11.0 0.413924629509
12.0 0.359971063165
13.0 0.315279892242
14.0 0.277849511774
15.0 0.246199812464
16.0 0.219216664902
17.0 0.196044960652
18.0 0.176016432981
19.0 0.158602364177
20.0 0.143380885867
21.0 0.130012333233
22.0 0.11822024066
23.0 0.107777107505
24.0 0.0984941096022
25.0 0.0902136641929
26.0 0.0828037264814
27.0 0.0761530883402
28.0 0.0701674752265
29.0 0.0647664627247
30.0 0.0598811144101
31.0 0.0554521089318
32.0 0.0514281769298
33.0 0.0477647957004
34.0 0.0444231425427
35.0 0.0413692754557
36.0 0.0385734616307
37.0 0.0360095791292
38.0 0.0336545806897
39.0 0.0314880571095
40.0 0.0294919115674
41.0 0.0276500963645
42.0 0.0259483544282
43.0 0.0243739613517
44.0 0.0229155090276
45.0 0.0215627555173
46.0 0.0203065170202
47.0 0.0191385607776
48.0 0.0180514870221
49.0 0.0170386201383
50.0 0.0160939267128
51.0 0.0152119533197
52.0 0.0143877652512
53.0 0.0136168799694
54.0 0.0128952055992
55.0 0.012218995522
56.0 0.0115848182982
57.0 0.0109895338744
58.0 0.0104302698483
59.0 0.0099043987691
60.0 0.00940951970174
61.0 0.00894344338909
62.0 0.00850417621067
63.0 0.0080898988706
64.0 0.00769894070394
65.0 0.00732975506228
66.0 0.00698090163671
67.0 0.00665103783177
68.0 0.00633891659565
69.0 0.00604338581661
70.0 0.0057633855044
71.0 0.00549794179774
72.0 0.00524615888179
73.0 0.0050072100856
74.0 0.00478032865334
75.0 0.00456479845805
76.0 0.00435994566998
77.0 0.00416513310943
78.0 0.00397975853896
79.0 0.00380325647438
80.0 0.00363510140416
81.0 0.00347480981439
82.0 0.00332193929536
83.0 0.00317608445254
84.0 0.00303687047373
85.0 0.00290394573826
86.0 0.00277697501724
87.0 0.00265563478263
88.0 0.00253961178507
89.0 0.00242860519532
90.0 0.00232233139797
91.0 0.00222052952099
92.0 0.00212296552804
93.0 0.00202943332309
94.0 0.00193975246244
95.0 0.0018537631697
96.0 0.0017713199887
97.0 0.00169228549314
98.0 0.00161652515365
99.0 0.00154390396981
100.0 0.0014742849898
101.0 0.00140752946647
102.0 0.00134349818254
103.0 0.00128205341413
104.0 0.00122306105698
105.0 0.00116639256087
106.0 0.0011119264646
107.0 0.00105954946941
108.0 0.00100915711006
109.0 0.000960654145701
110.0 0.000913954768798
111.0 0.000868982623127
112.0 0.000825670488851
113.0 0.000783959420973
114.0 0.000743797186415
115.0 0.000705136035356
116.0 0.000667930089781
117.0 0.000632132824188
118.0 0.000597695160416
119.0 0.000564564577858
120.0 0.000532685400397
121.0 0.00050200014959
122.0 0.000472451631569
123.0 0.000443985298663
124.0 0.000416551402515
125.0 0.00039010651702
126.0 0.000364614135449
127.0 0.00034004421842
128.0 0.000316371768021
129.0 0.000293574699069
130.0 0.000271631431302
131.0 0.000250518695092
132.0 0.000230210002068
133.0 0.000210675083012
134.0 0.000191880373192
135.0 0.000173790387586
136.0 0.000156369638199
137.0 0.0001395846505
138.0 0.000123405653997
139.0 0.000107807637369
140.0 9.2770630266e-05
141.0 7.82792507208e-05
142.0 6.43216950637e-05
143.0 5.08884211399e-05
144.0 3.79707825786e-05
145.0 2.55598266182e-05
146.0 1.36453939854e-05
147.0 2.21557955862e-06
148.0 -8.74345629705e-06
149.0 -1.92473851707e-05
150.0 -2.93134039613e-05
151.0 -3.89598188552e-05
152.0 -4.82056049006e-05
153.0 -5.707000257e-05
154.0 -6.55721799109e-05
155.0 -7.37309535905e-05
156.0 -8.15645330276e-05
157.0 -8.90902377669e-05
158.0 -9.63241454819e-05
159.0 -0.00010328065689
160.0 -0.00010997200758
161.0 -0.000116407802204
162.0 -0.000122594677994
163.0 -0.000128536209117
164.0 -0.000134233135123
165.0 -0.000139683939947
166.0 -0.000144885735692
167.0 -0.000149835336663
168.0 -0.000154530362208
169.0 -0.000158970194915
170.0 -0.000163156647238
171.0 -0.000167094248185
172.0 -0.000170790137809
173.0 -0.000174253632266
174.0 -0.000177495578678
175.0 -0.000180527644803
176.0 -0.000183361679711
177.0 -0.000186009243144
178.0 -0.000188481345106
179.0 -0.000190788378845
180.0 -0.000192940184577
181.0 -0.000194946158147
182.0 -0.000196815321441
183.0 -0.000198556295774
184.0 -0.000200177156643
185.0 -0.000201685186911
186.0 -0.000203086576021
187.0 -0.000204386129219
188.0 -0.000205587051322
189.0 -0.000206690856859
190.0 -0.000207697436674
191.0 -0.000208605285639
192.0 -0.000209411871361
193.0 -0.000210114103154
194.0 -0.000210708846608
195.0 -0.00021119342368
196.0 -0.000211566042074
197.0 -0.000211826110755
198.0 -0.000211974418548
199.0 -0.000212013176459
200.0 -0.000211945946435
201.0 -0.00021177749464
202.0 -0.000211513612183
203.0 -0.000211160939299
204.0 -0.000210726812403
205.0 -0.000210219132194
206.0 -0.000209646231734
207.0 -0.000209016712471
208.0 -0.000208339217562
209.0 -0.000207622126269
210.0 -0.000206873177187
211.0 -0.000206099055449
212.0 -0.000205305002038
213.0 -0.000204494515017
214.0 -0.000203669208465
215.0 -0.000202828874694
216.0 -0.000201971762385
217.0 -0.000201095044294
218.0 -0.000200195411546
219.0 -0.000199269705122
220.0 -0.000198315484873
221.0 -0.0001973314447
222.0 -0.000196317608002
223.0 -0.000195275275263
224.0 -0.000194206738484
225.0 -0.000193114817082
226.0 -0.000192002299407
227.0 -0.000190871388182
228.0 -0.000189723244716
229.0 -0.000188557706904
230.0 -0.000187373224094
231.0 -0.000186167014069
232.0 -0.000184935410838
233.0 -0.000183674343121
234.0 -0.000182379867
235.0 -0.00018104867413
236.0 -0.000179678508238
237.0 -0.000178268443759
238.0 -0.00017681900637
239.0 -0.000175332140243
240.0 -0.000173811046558
241.0 -0.000172259929414
242.0 -0.000170683688136
243.0 -0.000169087590846
244.0 -0.00016747695586
245.0 -0.000165856858462
246.0 -0.000164231873636
247.0 -0.000162605861954
248.0 -0.000160981805888
249.0 -0.000159361706057
250.0 -0.000157746548909
251.0 -0.000156136357118
252.0 -0.000154530329849
253.0 -0.000152927071811
254.0 -0.000151324898658
255.0 -0.000149722193816
256.0 -0.000148117780968
257.0 -0.000146511269536
258.0 -0.00014490332963
259.0 -0.000143295858659
260.0 -0.000141692013659
261.0 -0.000140096099667
262.0 -0.000138513322617
263.0 -0.000136949432429
264.0 -0.000135410295519
265.0 -0.000133901443869
266.0 -0.000132427649123
267.0 -0.000130992564948
268.0 -0.000129598470302
269.0 -0.000128246132232
270.0 -0.000126934791591
271.0 -0.000125662261022
272.0 -0.000124425113469
273.0 -0.000123218932621
274.0 -0.000122038594407
275.0 -0.000120878550631
276.0 -0.000119733091018
277.0 -0.000118596567176
278.0 -0.0001174635697
279.0 -0.000116329056918
280.0 -0.000115188439536
281.0 -0.000114037629434
282.0 -0.000112873062895
283.0 -0.000111691708931
284.0 -0.000110491072381
285.0 -0.000109269199536
286.0 -0.000108024691597
287.0 -0.000106756728429
288.0 -0.000105465102319
289.0 -0.000104150258704
290.0 -0.000102813338537
291.0 -0.000101456215176
292.0 -0.000100081517681
293.0 -9.86926323009e-05
294.0 -9.72936748911e-05
295.0 -9.58894288782e-05
296.0 -9.44852461162e-05
297.0 -9.30869112167e-05
298.0 -9.17004733424e-05
299.0 -9.03320526502e-05
