10.0 0.447561114435
11.0 0.383211532915
12.0 0.330316581258
13.0 0.286468112396
14.0 0.249832333473
15.0 0.218999470055
16.0 0.192875707979
17.0 0.170604010773
18.0 0.151506449177
19.0 0.135042451261
20.0 0.120777978531
21.0 0.108362092028
22.0 0.09750891467
23.0 0.0879838252424
24.0 0.079592986756
25.0 0.0721753757511
26.0 0.0655965803541
27.0 0.0597438485666
28.0 0.0545221015024
29.0 0.0498507518677
30.0 0.0456611786036
31.0 0.0418947003494
32.0 0.0385009236842
33.0 0.0354363925369
34.0 0.0326634923789
35.0 0.0301495623278
36.0 0.0278661623323
37.0 0.0257884525711
38.0 0.0238946665792
39.0 0.0221656754346
40.0 0.0205846333832
41.0 0.0191366804504
42.0 0.0178086787866
43.0 0.0165889775893
44.0 0.0154672149349
45.0 0.0144341595227
46.0 0.013481581268
47.0 0.0126021356154
48.0 0.0117892557881
49.0 0.0110370569242
50.0 0.0103402556294
51.0 0.00969410171635
52.0 0.00909431603901
53.0 0.00853703233438
54.0 0.00801874590803
55.0 0.00753627213727
56.0 0.00708671412042
57.0 0.00666743616314
58.0 0.00627604044481
59.0 0.00591034624036
60.0 0.00556837173793
61.0 0.00524831745315
62.0 0.00494854931203
63.0 0.004667580179
64.0 0.00440405060197
65.0 0.00415671118695
66.0 0.00392440899037
67.0 0.003706078712
68.0 0.00350073751712
69.0 0.00330748130407
70.0 0.00312548055874
71.0 0.00295397500914
72.0 0.00279226721002
73.0 0.00263971552248
74.0 0.00249572693256
75.0 0.00235975020988
76.0 0.00223127013047
77.0 0.00210980355496
78.0 0.00199489774226
79.0 0.00188613048158
80.0 0.00178311091378
81.0 0.0016854797317
82.0 0.00159290785815
83.0 0.00150509340313
84.0 0.00142175733951
85.0 0.0013426387329
86.0 0.00126749051118
87.0 0.00119607668307
88.0 0.00112817158927
89.0 0.00106356120563
90.0 0.0010020458638
91.0 0.000943443272748
92.0 0.000887590636424
93.0 0.000834345006313
94.0 0.00078358161167
95.0 0.000735190513576
96.0 0.000689072323021
97.0 0.000645133833962
98.0 0.000603284295296
99.0 0.000563432783023
100.0 0.000525486838384
101.0 0.000489352284153
102.0 0.000454933961141
103.0 0.000422137050719
104.0 0.000390868653532
105.0 0.000361039354061
106.0 0.000332564587982
107.0 0.000305365720924
108.0 0.000279370821656
109.0 0.000254515151266
110.0 0.000230741383204
111.0 0.000207999527647
112.0 0.000186246489289
113.0 0.00016544518085
114.0 0.000145563171049
115.0 0.000126570958477
116.0 0.00010844009115
117.0 9.11414408498e-05
118.0 7.4643949507e-05
119.0 5.89140825465e-05
120.0 4.39160761662e-05
121.0 2.96128973893e-05
122.0 1.59676926552e-05
123.0 2.94541297445e-06
124.0 -9.48571772151e-06
125.0 -2.13531832738e-05
126.0 -3.26798054106e-05
127.0 -4.34840970262e-05
128.0 -5.37812709012e-05
129.0 -6.35847044032e-05
130.0 -7.29075657155e-05
131.0 -8.17642722101e-05
132.0 -9.01714883849e-05
133.0 -9.81484734744e-05
134.0 -0.000105716733633
135.0 -0.000112899084684
136.0 -0.000119718351423
137.0 -0.000126195990519
138.0 -0.000132350915732
139.0 -0.000138198735248
140.0 -0.000143751505074
141.0 -0.000149017989675
142.0 -0.000154004328077
143.0 -0.000158714947587
144.0 -0.000163153552478
145.0 -0.000167324035222
146.0 -0.00017123120067
147.0 -0.000174881245065
148.0 -0.000178281980355
149.0 -0.000181442832442
150.0 -0.000184374666089
151.0 -0.000187089498689
152.0 -0.000189600161281
153.0 -0.000191919951045
154.0 -0.000194062299051
155.0 -0.000196040455723
156.0 -0.000197867180094
157.0 -0.000199554412723
158.0 -0.000201112918916
159.0 -0.000202551907637
160.0 -0.000203878657213
161.0 -0.000205098203289
162.0 -0.000206213158483
163.0 -0.000207223729812
164.0 -0.000208127976979
165.0 -0.000208922315458
166.0 -0.000209602221738
167.0 -0.000210163055604
168.0 -0.000210600886958
169.0 -0.000210913209923
170.0 -0.000211099446537
171.0 -0.000211161181771
172.0 -0.000211102121635
173.0 -0.000210927815085
174.0 -0.00021064521732
175.0 -0.000210262189415
176.0 -0.000209787024617
177.0 -0.000209228068158
178.0 -0.000208593462544
179.0 -0.000207891013574
180.0 -0.000207128142874
181.0 -0.000206311877036
182.0 -0.000205448823506
183.0 -0.000204545097252
184.0 -0.000203606184541
185.0 -0.000202636754257
186.0 -0.000201640446901
187.0 -0.000200619682678
188.0 -0.00019957553126
189.0 -0.000198507677979
190.0 -0.000197414506662
191.0 -0.000196293301611
192.0 -0.00019514055341
193.0 -0.000193952338235
194.0 -0.000192724730321
195.0 -0.00019145420353
196.0 -0.000190137981166
197.0 -0.000188774302704
198.0 -0.000187362590217
199.0 -0.000185903513303
200.0 -0.000184398965784
201.0 -0.000182851977322
202.0 -0.000181266586118
203.0 -0.000179647694761
204.0 -0.000178000921523
205.0 -0.000176332447343
206.0 -0.00017464884833
207.0 -0.000172956898587
208.0 -0.000171263330691
209.0 -0.00016957455122
210.0 -0.000167896323983
211.0 -0.000166233450053
212.0 -0.000164589486387
213.0 -0.000162966549802
214.0 -0.00016136524765
215.0 -0.000159784760931
216.0 -0.000158223082225
217.0 -0.000156677384284
218.0 -0.000155144470909
219.0 -0.000153621244994
220.0 -0.000152105123147
221.0 -0.000150594333476
222.0 -0.000149088051933
223.0 -0.000147586359547
224.0 -0.000146090033037
225.0 -0.000144600209099
226.0 -0.000143117983108
227.0 -0.000141644012565
228.0 -0.000140178192945
229.0 -0.000138719459499
230.0 -0.000137265746038
231.0 -0.00013581410507
232.0 -0.000134360967788
233.0 -0.000132902501788
234.0 -0.000131435012186
235.0 -0.000129955329481
236.0 -0.000128461134374
237.0 -0.000126951183711
238.0 -0.000125425419259
239.0 -0.000123884958654
240.0 -0.000122331982449
241.0 -0.000120769540792
242.0 -0.000119201307299
243.0 -0.000117631307017
244.0 -0.000116063641537
245.0 -0.000114502229411
246.0 -0.00011295057565
247.0 -0.000111411581268
248.0 -0.000109887402528
249.0 -0.000108379369172
250.0 -0.000106887970107
251.0 -0.000105412912708
252.0 -0.000103953257337
253.0 -0.000102507621753
254.0 -0.000101074441665
255.0 -9.96522650753e-05
256.0 -9.82400510575e-05
257.0 -9.68374397288e-05
258.0 -9.54449606553e-05
259.0 -9.40641520809e-05
260.0 -9.26975727625e-05
261.0 -9.13487005682e-05
262.0 -9.00217255469e-05
263.0 -8.8721257886e-05
264.0 -8.74519811635e-05
265.0 -8.62182871594e-05
266.0 -8.50239295066e-05
267.0 -8.38717296972e-05
268.0 -8.27633612137e-05
269.0 -8.16992271806e-05
270.0 -8.06784355645e-05
271.0 -7.96988652438e-05
272.0 -7.87573076006e-05
273.0 -7.78496625732e-05
274.0 -7.69711657283e-05
275.0 -7.61166236862e-05
276.0 -7.52806385562e-05
277.0 -7.44578070421e-05
278.0 -7.36428855907e-05
279.0 -7.28309185114e-05
280.0 -7.20173307168e-05
281.0 -7.11979902149e-05
282.0 -7.0369247564e-05
283.0 -6.9527960246e-05
284.0 -6.86715095137e-05
285.0 -6.77978159824e-05
286.0 -6.69053583551e-05
287.0 -6.59931974433e-05
288.0 -6.50610053134e-05
289.0 -6.41090971761e-05
290.0 -6.31384617298e-05
291.0 -6.21507842785e-05
292.0 -6.11484562036e-05
293.0 -6.01345644177e-05
294.0 -5.91128552764e-05
295.0 -5.8087669044e-05
296.0 -5.70638432386e-05
297.0 -5.60465858067e-05
298.0 -5.50413218097e-05
299.0 -5.40535198529e-05
