10.0 0.47607887107
11.0 0.413144029176
12.0 0.360806749827
13.0 0.31692243069
14.0 0.279843758025
15.0 0.248293503671
16.0 0.221272346836
17.0 0.197990829356
18.0 0.177819438512
19.0 0.160252199375
20.0 0.144879606354
21.0 0.131367920213
22.0 0.11944314261
23.0 0.108878675873
24.0 0.0994858992351
25.0 0.0911069447207
26.0 0.0836090410484
27.0 0.0768799757422
28.0 0.0708244245504
29.0 0.0653610051631
30.0 0.0604199226922
31.0 0.0559410684862
32.0 0.0518724627263
33.0 0.04816897448
34.0 0.0447912764708
35.0 0.0417049919047
36.0 0.0388799861509
37.0 0.0362897650045
38.0 0.033910962246
39.0 0.0317229127916
40.0 0.0297073019926
41.0 0.0278478693127
42.0 0.0261301458871
43.0 0.0245412209485
44.0 0.0230695435945
45.0 0.0217047618883
46.0 0.0204375894365
47.0 0.0192596862204
48.0 0.0181635484359
49.0 0.0171424103847
50.0 0.0161901611494
51.0 0.0153012731244
52.0 0.0144707370972
53.0 0.013694001998
54.0 0.0129669216167
55.0 0.012285710702
56.0 0.0116469097711
57.0 0.0110473557131
58.0 0.010484155816
59.0 0.00995466456751
60.0 0.00945646314776
61.0 0.00898734067493
62.0 0.00854527550403
63.0 0.00812841551686
64.0 0.00773505806443
65.0 0.00736363162979
66.0 0.0070126812503
67.0 0.0066808583505
68.0 0.0063669139503
69.0 0.00606969333625
70.0 0.00578813055898
71.0 0.00552124204167
72.0 0.0052681193833
73.0 0.00502792174515
74.0 0.00479986820827
75.0 0.00458323054715
76.0 0.00437732705286
77.0 0.00418151808432
78.0 0.00399520366031
79.0 0.00381782271009
80.0 0.00364885298598
81.0 0.00348781048684
82.0 0.00333424759967
83.0 0.00318774978115
84.0 0.00304793116256
85.0 0.00291442981284
86.0 0.00278690352753
87.0 0.00266502694076
88.0 0.00254849046482
89.0 0.00243700106247
90.0 0.00233028428332
91.0 0.00222808657565
92.0 0.0021301768109
93.0 0.00203634626127
94.0 0.00194640680164
95.0 0.00186018763907
96.0 0.00177753122223
97.0 0.00169828908498
98.0 0.00162231826958
99.0 0.00154947874477
100.0 0.00147963197219
101.0 0.00141264054852
102.0 0.00134836869632
103.0 0.00128668330638
104.0 0.00122745523468
105.0 0.00117056060822
106.0 0.00111588197017
107.0 0.00106330917555
108.0 0.00101274001535
109.0 0.000964080581636
110.0 0.000917245382276
111.0 0.00087215718017
112.0 0.000828746495659
113.0 0.000786950707941
114.0 0.000746712742907
115.0 0.000707979434587
116.0 0.000670699759706
117.0 0.000634823221895
118.0 0.000600298667525
119.0 0.000567073740797
120.0 0.000535095053835
121.0 0.000504308997803
122.0 0.000474662993607
123.0 0.00044610690242
124.0 0.00041859429721
125.0 0.000392083333495
126.0 0.000366537040244
127.0 0.000341922965704
128.0 0.000318212239778
129.0 0.000295378232252
130.0 0.000273395070536
131.0 0.00025223631107
132.0 0.000231874025097
133.0 0.000212278467564
134.0 0.000193418368731
135.0 0.00017526175355
136.0 0.000157777087011
137.0 0.000140934489193
138.0 0.000124706770906
139.0 0.000109070101832
140.0 9.40042171298e-05
141.0 7.94921689856e-05
142.0 6.55197128386e-05
143.0 5.20744687321e-05
144.0 3.91450123782e-05
145.0 2.67200332779e-05
146.0 1.47876596217e-05
147.0 3.33500392653e-06
148.0 -7.65206018888e-06
149.0 -1.81889142013e-05
150.0 -2.82920500579e-05
151.0 -3.79788199599e-05
152.0 -4.72671329248e-05
153.0 -5.61751382864e-05
154.0 -6.47209184648e-05
155.0 -7.29221946736e-05
156.0 -8.07960349531e-05
157.0 -8.8358548592e-05
158.0 -9.56245570454e-05
159.0 -0.000102607247974
160.0 -0.000109317841458
161.0 -0.000115765318478
162.0 -0.000121956273463
163.0 -0.000127894948979
164.0 -0.000133583489579
165.0 -0.000139022416662
166.0 -0.000144211284584
167.0 -0.000149149440563
168.0 -0.000153836786761
169.0 -0.000158274439006
170.0 -0.000162465194327
171.0 -0.000166413754839
172.0 -0.000170126700318
173.0 -0.000173612245559
174.0 -0.000176879851685
175.0 -0.000179939776232
176.0 -0.000182802642938
177.0 -0.000185479091521
178.0 -0.000187979536836
179.0 -0.000190314034235
180.0 -0.000192492221776
181.0 -0.000194523295859
182.0 -0.000196415976754
183.0 -0.000198178432658
184.0 -0.000199818150547
185.0 -0.000201341763402
186.0 -0.000202754860794
187.0 -0.000204061819764
188.0 -0.000205265693956
189.0 -0.000206368191823
190.0 -0.000207369761724
191.0 -0.000208269785712
192.0 -0.000209066867788
193.0 -0.00020975918889
194.0 -0.000210344891797
195.0 -0.000210822455867
196.0 -0.000211191024378
197.0 -0.000211450655843
198.0 -0.000211602483367
199.0 -0.000211648780472
200.0 -0.000211592944876
201.0 -0.000211439420541
202.0 -0.000211193581227
203.0 -0.000210861595239
204.0 -0.000210450282633
205.0 -0.000209966965637
206.0 -0.000209419304034
207.0 -0.00020881510301
208.0 -0.000208162083338
209.0 -0.000207467612763
210.0 -0.000206738410968
211.0 -0.000205980254867
212.0 -0.000205197722049
213.0 -0.000204394014173
214.0 -0.000203570896993
215.0 -0.000202728779426
216.0 -0.000201866932988
217.0 -0.000200983829185
218.0 -0.000200077550749
219.0 -0.000199146217808
220.0 -0.000198188365333
221.0 -0.000197203214842
222.0 -0.000196190800359
223.0 -0.000195151932935
224.0 -0.000194088015174
225.0 -0.000193000742173
226.0 -0.000191891743668
227.0 -0.000190762230756
228.0 -0.000189612708086
229.0 -0.000188442799774
230.0 -0.000187251216952
231.0 -0.000186035870892
232.0 -0.000184794112353
233.0 -0.000183523059149
234.0 -0.000182219962925
235.0 -0.000180882563876
236.0 -0.000179509388274
237.0 -0.000178099956094
238.0 -0.000176654881806
239.0 -0.000175175867316
240.0 -0.000173665599254
241.0 -0.000172127571702
242.0 -0.000170565859291
243.0 -0.000168984865308
244.0 -0.000167389066181
245.0 -0.000165782769506
246.0 -0.000164169898837
247.0 -0.000162553815863
248.0 -0.000160937189292
249.0 -0.000159321919079
250.0 -0.000157709123688
251.0 -0.000156099195695
252.0 -0.000154491926679
253.0 -0.000152886695989
254.0 -0.000151282710279
255.0 -0.000149679273027
256.0 -0.000148076056951
257.0 -0.000146473348948
258.0 -0.000144872237729
259.0 -0.000143274719161
260.0 -0.000141683702922
261.0 -0.000140102915422
262.0 -0.000138536706217
263.0 -0.000136989776729
264.0 -0.00013546685914
265.0 -0.000133972378656
266.0 -0.00013251013325
267.0 -0.000131083021619
268.0 -0.000129692843022
269.0 -0.000128340183296
270.0 -0.000127024390962
271.0 -0.000125743637589
272.0 -0.00012449504862
273.0 -0.000123274885593
274.0 -0.000122078758389
275.0 -0.000120901846745
276.0 -0.000119739113169
277.0 -0.000118585493868
278.0 -0.000117436059431
279.0 -0.000116286142066
280.0 -0.00011513143048
281.0 -0.000113968036713
282.0 -0.000112792541208
283.0 -0.000111602023111
284.0 -0.000110394082526
285.0 -0.000109166860289
286.0 -0.000107919059208
287.0 -0.000106649968653
288.0 -0.000105359492312
289.0 -0.000104048176938
290.0 -0.000102717238159
291.0 -0.000101368578225
292.0 -0.000100004789897
293.0 -9.86291407648e-05
294.0 -9.72455331079e-05
295.0 -9.58584359026e-05
296.0 -9.44727876698e-05
297.0 -9.30938712594e-05
298.0 -9.17271641892e-05
299.0 -9.03781704915e-05
