10.0 0.4068894123117806
11.0 0.33433166666724184
12.0 0.2764289793482829
13.0 0.22971725119531705
14.0 0.19169809832761034
15.0 0.16053195594720354
16.0 0.13483928107873352
17.0 0.11356432878268609
18.0 0.0958837647051378
19.0 0.0811473497543452
20.0 0.06883723115995195
21.0 0.05853732796800993
22.0 0.049909759438833204
23.0 0.04267726140448933
24.0 0.03661056448656031
25.0 0.031519337922784274
26.0 0.027245253284819533
27.0 0.023656234427830915
28.0 0.02064165184828344
29.0 0.01810851343159615
30.0 0.015978538361823214
31.0 0.014185818836800685
32.0 0.012674842870416104
33.0 0.011398819868873342
34.0 0.010318319732593994
35.0 0.009400191863334365
36.0 0.008616664752326893
37.0 0.007944531725934394
38.0 0.007364411931595072
39.0 0.006860139919974883
40.0 0.006418302128471103
41.0 0.006027857943694718
42.0 0.005679769821529099
43.0 0.005366637515765943
44.0 0.005082391676090162
45.0 0.004822080153849914
46.0 0.004581715119279955
47.0 0.004358126078344882
48.0 0.004148802707570374
49.0 0.00395175408912617
50.0 0.003765407540454503
51.0 0.0035885370134021563
52.0 0.003420195426310304
53.0 0.0032596420275692833
54.0 0.0031062779850566393
55.0 0.0029596044548676377
56.0 0.0028192016766643256
57.0 0.0026847167137147403
58.0 0.0025558512960500417
59.0 0.0024323509028361962
60.0 0.002313999279083448
61.0 0.0022006174128784053
62.0 0.0020920604860745077
63.0 0.001988207237370998
64.0 0.0018889427215652082
65.0 0.0017941415161535316
66.0 0.001703659008481556
67.0 0.0016173335217260253
68.0 0.0015349958877714626
69.0 0.0014564800925931812
70.0 0.0013816301093208933
71.0 0.0013103017593675856
72.0 0.001242361114858338
73.0 0.0011776811577642455
74.0 0.0011161373429360278
75.0 0.001057602391514609
76.0 0.0010019416307214272
77.0 0.0009490111785939269
78.0 0.0008986606874521675
79.0 0.0008507401805250006
80.0 0.0008051083012775551
81.0 0.0007616386427742038
82.0 0.0007202219661801589
83.0 0.0006807639930720515
84.0 0.0006431799027495542
85.0 0.0006073873318055668
86.0 0.0005732998694929354
87.0 0.0005408230108090151
88.0 0.000509854090303497
89.0 0.000480286621577597
90.0 0.00045201791202424956
91.0 0.0004249575157883356
92.0 0.00039903374537151237
93.0 0.00037419626134384173
94.0 0.0003504142354706123
95.0 0.00032767099621382607
96.0 0.00030595687881374207
97.0 0.0002852620973016172
98.0 0.00026557103690666065
99.0 0.00024685872985182066
100.0 0.00022908965823278008
101.0 0.00021221855650120272
102.0 0.00019619261642847395
103.0 0.0001809544244655955
104.0 0.00016644503664484328
105.0 0.00015260675392358302
106.0 0.00013938534831672817
107.0 0.000126731675389998
108.0 0.00011460276237424748
109.0 0.00010296254105188311
110.0 9.17823615042172e-05
111.0 8.104128130124736e-05
112.0 7.072594724234074e-05
113.0 6.08297882844721e-05
114.0 5.135130914064606e-05
115.0 4.2291517137467125e-05
116.0 3.3650834241422875e-05
117.0 2.5426096111986507e-05
118.0 1.7608303971960644e-05
119.0 1.0181643114426858e-05
120.0 3.1239765843443873e-06
121.0 -3.591323283262055e-06
122.0 -9.992624407268271e-06
123.0 -1.610694385897913e-05
124.0 -2.1957124195178308e-05
125.0 -2.755980770475103e-05
126.0 -3.2924581268530045e-05
127.0 -3.805444900471289e-05
128.0 -4.2947540458709274e-05
129.0 -4.759971497381556e-05
130.0 -5.2007528482473385e-05
131.0 -5.6170939914439126e-05
132.0 -6.0095184842919664e-05
133.0 -6.379143167281192e-05
134.0 -6.727611716498385e-05
135.0 -7.056915986330964e-05
136.0 -7.369149173718165e-05
137.0 -7.666246900721741e-05
138.0 -7.949769974812671e-05
139.0 -8.220767850382232e-05
140.0 -8.479739961586946e-05
141.0 -8.726689660355246e-05
142.0 -8.961248088069005e-05
143.0 -9.182836109422699e-05
144.0 -9.39083176323603e-05
145.0 -9.58471660234192e-05
146.0 -9.764183782058907e-05
147.0 -9.929200876402042e-05
148.0 -0.00010080029052890203
149.0 -0.00010217206365881629
150.0 -0.000103415063084925
151.0 -0.00010453883615318661
152.0 -0.00010555418002335755
153.0 -0.00010647263494603986
154.0 -0.00010730606797586217
155.0 -0.0001080663364958389
156.0 -0.00010876498347051361
157.0 -0.00010941289803569223
158.0 -0.00011001988390759076
159.0 -0.00011059411489990414
160.0 -0.00011114151297367717
161.0 -0.00011166514305317581
162.0 -0.00011216476026183417
163.0 -0.00011263665237813843
164.0 -0.00011307388561606125
165.0 -0.00011346699035173558
166.0 -0.00011380503198042491
167.0 -0.00011407692451002307
168.0 -0.00011427278447951423
169.0 -0.00011438510693105605
170.0 -0.00011440957822780476
171.0 -0.00011434541435952834
172.0 -0.0001141952095333648
173.0 -0.00011396437475773057
174.0 -0.00011366031748079855
175.0 -0.00011329154572677071
176.0 -0.00011286686864103683
177.0 -0.00011239481617280502
178.0 -0.00011188332903368844
179.0 -0.00011133969582612911
180.0 -0.00011077065608723464
181.0 -0.00011018255877273511
182.0 -0.00010958146936125874
183.0 -0.00010897315017765426
184.0 -0.00010836288601476105
185.0 -0.00010775517649523512
186.0 -0.00010715335546462098
187.0 -0.00010655921843152483
188.0 -0.00010597273984138277
189.0 -0.00010539194580407476
190.0 -0.00010481298060841656
191.0 -0.00010423037339378472
192.0 -0.0001036374803386966
193.0 -0.00010302705196059701
194.0 -0.00010239185770224494
195.0 -0.00010172529308955097
196.0 -0.00010102189956861198
197.0 -0.0001002777433805845
198.0 -9.949062514922478e-05
199.0 -9.866012160568126e-05
200.0 -9.778748873428277e-05
201.0 -9.687547501593301e-05
202.0 -9.59280994379411e-05
203.0 -9.495043994907368e-05
204.0 -9.394845668002041e-05
205.0 -9.292884689392885e-05
206.0 -9.189890373046371e-05
207.0 -9.086633645806931e-05
208.0 -8.983901143551901e-05
209.0 -8.882459108804327e-05
210.0 -8.783007879117774e-05
211.0 -8.686131259431779e-05
212.0 -8.592248040785173e-05
213.0 -8.501574471416886e-05
214.0 -8.41410604423606e-05
215.0 -8.329624461485865e-05
216.0 -8.247731509372129e-05
217.0 -8.16790666745687e-05
218.0 -8.08958064127524e-05
219.0 -8.012213653509752e-05
220.0 -7.935366001700199e-05
221.0 -7.858749402008244e-05
222.0 -7.782250816412402e-05
223.0 -7.705925194583654e-05
224.0 -7.62995894289892e-05
225.0 -7.554610945476128e-05
226.0 -7.480141684982671e-05
227.0 -7.40674279268346e-05
228.0 -7.334478929680456e-05
229.0 -7.263251417273669e-05
230.0 -7.192789023006933e-05
231.0 -7.122666563117833e-05
232.0 -7.052347395435343e-05
233.0 -6.981242267743315e-05
234.0 -6.908774939632551e-05
235.0 -6.834444755770157e-05
236.0 -6.757877789313928e-05
237.0 -6.678860848398969e-05
238.0 -6.597355896327534e-05
239.0 -6.513495582296874e-05
240.0 -6.427563033454735e-05
241.0 -6.339960474016176e-05
242.0 -6.251171553988491e-05
243.0 -6.161721694422265e-05
244.0 -6.0721396696557754e-05
245.0 -5.9829224825526664e-05
246.0 -5.8945047035583354e-05
247.0 -5.8072330297232974e-05
248.0 -5.721346865377443e-05
249.0 -5.6369660469859056e-05
250.0 -5.554087146370257e-05
251.0 -5.4725898032159014e-05
252.0 -5.392254064611076e-05
253.0 -5.312788702900051e-05
254.0 -5.233869066969104e-05
255.0 -5.155181456251551e-05
256.0 -5.076469622457819e-05
257.0 -4.99757812265538e-05
258.0 -4.9184871043217415e-05
259.0 -4.839333794104396e-05
260.0 -4.760417422192333e-05
261.0 -4.682186331250583e-05
262.0 -4.605208276804826e-05
263.0 -4.530127066444691e-05
264.0 -4.4576103747535887e-05
265.0 -4.3882945596321924e-05
266.0 -4.322732467886443e-05
267.0 -4.261349567706323e-05
268.0 -4.2044124265351955e-05
269.0 -4.1520118048511906e-05
270.0 -4.104060748764893e-05
271.0 -4.060306322092389e-05
272.0 -4.02035225543957e-05
273.0 -3.983688953744768e-05
274.0 -3.9497270420590425e-05
275.0 -3.9178308936360546e-05
276.0 -3.88734925207412e-05
277.0 -3.857640966059337e-05
278.0 -3.828094830572643e-05
279.0 -3.7981434251156946e-05
280.0 -3.767271554502164e-05
281.0 -3.735020378897399e-05
282.0 -3.7009885616775286e-05
283.0 -3.6648317948171947e-05
284.0 -3.626261928663667e-05
285.0 -3.585046686607863e-05
286.0 -3.541010630135203e-05
287.0 -3.494037691621221e-05
288.0 -3.444075238681932e-05
289.0 -3.3911392988739906e-05
290.0 -3.335320281046835e-05
291.0 -3.276788305053263e-05
292.0 -3.2157971203180124e-05
293.0 -3.152685576490489e-05
294.0 -3.0878757169785276e-05
295.0 -3.0218667947745763e-05
296.0 -2.955224839871621e-05
297.0 -2.8885678040870953e-05
298.0 -2.8225467278556e-05
299.0 -2.757823766822245e-05
