10.0 0.40685012348832006
11.0 0.34670268924471076
12.0 0.29690935998539836
13.0 0.25540374443845093
14.0 0.2206316929082838
15.0 0.19135266178144342
16.0 0.16657020560762317
17.0 0.14553059720835967
18.0 0.12757749153261244
19.0 0.11221378656383975
20.0 0.0990048809601436
21.0 0.08762628316844562
22.0 0.07778299025313003
23.0 0.06925199608921176
24.0 0.06183446146623565
25.0 0.05536398363116243
26.0 0.049711172171212355
27.0 0.04474996627745056
28.0 0.04039780459394471
29.0 0.03655897040441592
30.0 0.033174922567301264
31.0 0.030172664924779775
32.0 0.02751457407151723
33.0 0.025146588790171724
34.0 0.023039263156593884
35.0 0.021144224735330897
36.0 0.01947074578386829
37.0 0.01792974376836854
38.0 0.016570638339462786
39.0 0.015346790451986819
40.0 0.014211870321639106
41.0 0.013186899320445668
42.0 0.012275760998900615
43.0 0.011445195026120193
44.0 0.01067468269663733
45.0 0.00996062335269817
46.0 0.009300258161705178
47.0 0.008691465422568755
48.0 0.008134258370686098
49.0 0.00762297057368368
50.0 0.007153089053860437
51.0 0.006715316402578462
52.0 0.006307509601118976
53.0 0.00593243462234921
54.0 0.0055908210026252275
55.0 0.005281808018221325
56.0 0.00499364717087297
57.0 0.004719284826806223
58.0 0.0044450491967444284
59.0 0.004167593672447918
60.0 0.003901944423260106
61.0 0.003681962314600486
62.0 0.0035131647143695766
63.0 0.003354546346993307
64.0 0.003146049996551638
65.0 0.0029192264293823864
66.0 0.0027684234439792304
67.0 0.0026816946718243068
68.0 0.002528269806148227
69.0 0.00231980036558357
70.0 0.002222632523747962
71.0 0.0021690599837250754
72.0 0.0019835890341623847
73.0 0.0018502171516107044
74.0 0.0018450075669258377
75.0 0.0016911405233126088
76.0 0.0015527695454496978
77.0 0.0015748812534309164
78.0 0.0014148378702943342
79.0 0.0013220509342989663
80.0 0.0013527599381593519
81.0 0.00115802429870238
82.0 0.0011649984796122989
83.0 0.0011071146093934556
84.0 0.0009651182884847313
85.0 0.0010436063219228936
86.0 0.0008473237107665786
87.0 0.0009000864028255731
88.0 0.000803212101720979
89.0 0.0007419436770472438
90.0 0.0007717642133953777
91.0 0.0006090959825495906
92.0 0.0007210006398526794
93.0 0.000514963650508186
94.0 0.0006464025950875949
95.0 0.0004433258767295874
96.0 0.0005731831216863405
97.0 0.0003894207366343258
98.0 0.0004990459442258213
99.0 0.00033114660318180864
100.0 0.0004414273339812566
101.0 0.0002784532863874867
102.0 0.0003963208952644321
103.0 0.0002192046423993669
104.0 0.00036266057868453573
105.0 0.00015798789061849855
106.0 0.00033506433418285233
107.0 0.00010917146330861569
108.0 0.0003003715770018446
109.0 7.393506341974373e-05
110.0 0.00023885627387896255
111.0 7.914070570659413e-05
112.0 0.0001536376354047571
113.0 0.0001199096540462551
114.0 4.266478306098988e-05
115.0 0.000172312440688686
116.0 -4.383594618423013e-05
117.0 0.00017044706633043835
118.0 -5.840215049361977e-05
119.0 8.143603931910342e-05
120.0 2.644210051368594e-05
121.0 -5.897864304424223e-05
122.0 0.00011712356488058268
123.0 -0.00013519890846983137
124.0 7.214429611031482e-05
125.0 -5.581372363869492e-05
126.0 -9.264289841827764e-05
127.0 7.92445370840333e-05
128.0 -0.00018112528429361558
129.0 1.8918238868808902e-05
130.0 -6.223837883131949e-05
131.0 -0.00016838880326579072
132.0 6.229706499207994e-05
133.0 -0.00019138288631933702
134.0 -8.75963081074964e-05
135.0 5.33801283920694e-06
136.0 -0.00024273973117293576
137.0 -1.1592535940383688e-05
138.0 -8.753284184089277e-05
139.0 -0.00023527353085553174
140.0 2.0944157663467756e-05
141.0 -0.0001746976088378922
142.0 -0.00020581325789029267
143.0 2.5432985390819437e-05
144.0 -0.00023207169012937396
145.0 -0.00018161355526384826
146.0 1.54301556029109e-05
147.0 -0.0002650251229579071
148.0 -0.00016859692822027944
149.0 8.112543509252816e-06
150.0 -0.0002812138836848333
151.0 -0.0001729246957393867
152.0 6.95469325493747e-06
153.0 -0.00028256419534316337
154.0 -0.00019234893543888971
155.0 1.2184742115773119e-05
156.0 -0.000269054869375562
157.0 -0.000229793769804461
158.0 1.4308006898266962e-05
159.0 -0.00022950870845076787
160.0 -0.00027750783104015116
161.0 -4.660372730833402e-06
162.0 -0.00015865707198355167
163.0 -0.00032235735959845686
164.0 -5.806669097925376e-05
165.0 -6.572988449915032e-05
166.0 -0.00034123316097733094
167.0 -0.0001531462674748512
168.0 8.054278408987356e-06
169.0 -0.0002919693170281549
170.0 -0.0002641957973640362
171.0 6.443472693264832e-06
172.0 -0.00015778863113114812
173.0 -0.000344827301833314
174.0 -9.400603412225409e-05
175.0 -4.313138538485091e-06
176.0 -0.00032002057687536385
177.0 -0.000250126969411644
178.0 2.1105356877142793e-05
179.0 -0.00014345882485123807
180.0 -0.0003510004495044844
181.0 -0.00012081039433343303
182.0 2.760911157891979e-05
183.0 -0.00027692280752862554
184.0 -0.0002993128244252214
185.0 -1.546438411979009e-05
186.0 -3.2414616406023275e-05
187.0 -0.0003412088465854871
188.0 -0.00023039033272912382
189.0 3.9507741302109344e-05
190.0 -0.00010772694103945445
191.0 -0.0003564257110197527
192.0 -0.00016933153366465887
193.0 6.122405511215816e-05
194.0 -0.00016508091562483074
195.0 -0.00035223144112950065
196.0 -0.0001287131517080148
197.0 6.954319363657953e-05
198.0 -0.00019293890315398685
199.0 -0.00034765126402863737
200.0 -0.000111916198658969
201.0 7.811774367742486e-05
202.0 -0.0001867315996542991
203.0 -0.00034508564758599727
204.0 -0.00011814030669070008
205.0 8.787602671846496e-05
206.0 -0.00015389397437402398
207.0 -0.0003505493448395537
208.0 -0.00014849370202963966
209.0 9.326397232602509e-05
210.0 -8.700186153759313e-05
211.0 -0.00034899672159041786
212.0 -0.00020160964052115733
213.0 7.494931264798448e-05
214.0 7.112249011812711e-06
215.0 -0.0003172578156086561
216.0 -0.00026850871213307244
217.0 1.1256238605719137e-05
218.0 9.295057098794706e-05
219.0 -0.00023099976713577468
220.0 -0.0003295281085359457
221.0 -9.435534543200747e-05
222.0 0.00012449648336304036
223.0 -7.554832695281839e-05
224.0 -0.0003420484806333163
225.0 -0.00021670651311409125
226.0 6.316160487321514e-05
227.0 9.088833651042987e-05
228.0 -0.0002454169836262067
229.0 -0.00032129734603400414
230.0 -8.509914683866164e-05
231.0 0.00014306069739774454
232.0 -2.5538204895894985e-05
233.0 -0.00032998148370447255
234.0 -0.000256077441312227
235.0 1.992529545511867e-05
236.0 0.000148803097272852
237.0 -0.00013814482874912934
238.0 -0.00034484042625858524
239.0 -0.00018618425668330023
240.0 9.245477279122703e-05
241.0 0.00012778214843093102
242.0 -0.0002064839124365431
243.0 -0.00033237381502943165
244.0 -0.00013385247858948307
245.0 0.0001322894164675371
246.0 0.00010610486687139281
247.0 -0.00023824241814038327
248.0 -0.0003216357021379162
249.0 -0.00010893020710934892
250.0 0.00015199071064352012
251.0 0.00011030467527778389
252.0 -0.00023680360589309714
253.0 -0.0003197482937528338
254.0 -0.00011224452172576894
255.0 0.0001500630601651243
256.0 0.00013478384566336922
257.0 -0.00020798791972344294
258.0 -0.0003276161847894536
259.0 -0.00014443456432019613
260.0 0.00012623663307058912
261.0 0.00017955085226057662
262.0 -0.0001383669548925875
263.0 -0.00033283920698698346
264.0 -0.00019564544103213831
265.0 7.392504121782972e-05
266.0 0.0002188093956594328
267.0 -2.1755003134261098e-05
268.0 -0.0003124328211555988
269.0 -0.0002605300268282227
270.0 -1.7499264712346667e-05
271.0 0.00021027552478809045
272.0 0.00011829501153754173
273.0 -0.00023033506396155992
274.0 -0.00031990364821346155
275.0 -0.0001379989033798802
276.0 0.00013026526120939335
277.0 0.0002239266612539757
278.0 -5.48413347489736e-05
279.0 -0.00032212933171433443
280.0 -0.00025585342686189783
281.0 -1.6247641078060085e-05
282.0 0.00021542333173532404
283.0 0.00015644051307399934
284.0 -0.00018866763196034013
285.0 -0.00033020285309008645
286.0 -0.00018717076312989558
287.0 7.217307759476537e-05
288.0 0.00024945923340301317
289.0 8.126945474973378e-05
290.0 -0.00026070823214640145
291.0 -0.0003146958497290152
292.0 -0.00013230755531448268
293.0 0.00013109123651112143
294.0 0.0002570240142455129
295.0 2.8679129610218135e-05
296.0 -0.0002884854113329062
297.0 -0.00029805607891267153
298.0 -0.00010308444495804128
299.0 0.0001590811932442356
