10.0 0.44850091852
11.0 0.38156894021
12.0 0.327482725142
13.0 0.283195350646
14.0 0.246515617156
15.0 0.21583582552
16.0 0.189955357332
17.0 0.167959724123
18.0 0.149139372627
19.0 0.132936938752
20.0 0.118911020387
21.0 0.10670892765
22.0 0.0960457066234
23.0 0.08668850098
24.0 0.0784453407393
25.0 0.0711571188754
26.0 0.0646914721749
27.0 0.0589377361164
28.0 0.0538027563087
29.0 0.0492075992297
30.0 0.0450850585879
31.0 0.0413776923184
32.0 0.0380361861838
33.0 0.0350179893776
34.0 0.0322862289853
35.0 0.0298088711383
36.0 0.027558038804
37.0 0.0255094008288
38.0 0.0236416211801
39.0 0.0219359146076
40.0 0.0203757241927
41.0 0.0189464650994
42.0 0.0176352673978
43.0 0.0164307135856
44.0 0.0153226199709
45.0 0.0143018918129
46.0 0.0133604244339
47.0 0.0124910022179
48.0 0.011687181877
49.0 0.0109431842087
50.0 0.0102538155809
51.0 0.0096144109408
52.0 0.00902077629363
53.0 0.00846912339306
54.0 0.0079560089221
55.0 0.00747829133491
56.0 0.00703310456151
57.0 0.00661783804019
58.0 0.00623011589194
59.0 0.00586777657395
60.0 0.00552885701042
61.0 0.00521158057212
62.0 0.00491434334874
63.0 0.00463569394006
64.0 0.00437430775671
65.0 0.0041289621677
66.0 0.00389851932167
67.0 0.00368191912737
68.0 0.00347817941129
69.0 0.00328639761251
70.0 0.00310574968289
71.0 0.00293548515189
72.0 0.00277491967661
73.0 0.00262342657162
74.0 0.00248042786277
75.0 0.00234538512315
76.0 0.00221779122478
77.0 0.00209716501007
78.0 0.00198305036932
79.0 0.00187501928045
80.0 0.0017726764061
81.0 0.0016756622667
82.0 0.00158365302174
83.0 0.00149635655516
84.0 0.00141350584449
85.0 0.00133485118512
86.0 0.00126015301733
87.0 0.00118917707688
88.0 0.00112169320331
89.0 0.0010574781681
90.0 0.000996321508748
91.0 0.000938032197777
92.0 0.000882443673986
93.0 0.000829415471893
94.0 0.000778830994287
95.0 0.000730592226172
96.0 0.000684612909813
97.0 0.000640811785603
98.0 0.000599107132947
99.0 0.000559413282872
100.0 0.000521639225794
101.0 0.000485689020862
102.0 0.000451463474747
103.0 0.000418862493418
104.0 0.000387787577446
105.0 0.000358144071371
106.0 0.000329842944034
107.0 0.00030280204107
108.0 0.000276946887131
109.0 0.000252211186349
110.0 0.000228537140399
111.0 0.000205875578271
112.0 0.000184185734701
113.0 0.000163434427076
114.0 0.000143594443493
115.0 0.000124642170129
116.0 0.000106554769095
117.0 8.93074394966e-05
118.0 7.28713511026e-05
119.0 5.72127054548e-05
120.0 4.22931087662e-05
121.0 2.80711345721e-05
122.0 1.45047045914e-05
123.0 1.5537751095e-06
124.0 -1.0817210184e-05
125.0 -2.26375711857e-05
126.0 -3.39296766534e-05
127.0 -4.47094032294e-05
128.0 -5.4987686662e-05
129.0 -6.47728646919e-05
130.0 -7.40733388089e-05
131.0 -8.29000031721e-05
132.0 -9.12679336556e-05
133.0 -9.91969962742e-05
134.0 -0.000106711283647
135.0 -0.00011383755555
136.0 -0.000120603073788
137.0 -0.000127033328544
138.0 -0.000133150132629
139.0 -0.000138970429485
140.0 -0.000144505967174
141.0 -0.000149763791763
142.0 -0.000154747359306
143.0 -0.000159457984102
144.0 -0.000163896334925
145.0 -0.000168063743393
146.0 -0.000171963172644
147.0 -0.000175599784217
148.0 -0.000178981117649
149.0 -0.000182116951624
150.0 -0.000185018945458
151.0 -0.000187700167238
152.0 -0.000190174603364
153.0 -0.000192456717351
154.0 -0.000194561088538
155.0 -0.000196502121356
156.0 -0.00019829378255
157.0 -0.000199949307574
158.0 -0.000201480825197
159.0 -0.000202898881966
160.0 -0.000204211897919
161.0 -0.000205425637015
162.0 -0.000206542812483
163.0 -0.000207562953564
164.0 -0.00020848262943
165.0 -0.000209296062683
166.0 -0.000209996083835
167.0 -0.000210575300582
168.0 -0.000211027302472
169.0 -0.000211347707573
170.0 -0.000211534887007
171.0 -0.000211590268668
172.0 -0.000211518206676
173.0 -0.000211325487183
174.0 -0.000211020604415
175.0 -0.000210612969512
176.0 -0.000210112204524
177.0 -0.000209527630348
178.0 -0.000208867993958
179.0 -0.000208141414497
180.0 -0.00020735547628
181.0 -0.000206517370849
182.0 -0.000205633993488
183.0 -0.000204711927386
184.0 -0.000203757290767
185.0 -0.00020277546597
186.0 -0.000201770763917
187.0 -0.000200746095757
188.0 -0.000199702724133
189.0 -0.000198640152185
190.0 -0.000197556184248
191.0 -0.000196447163836
192.0 -0.000195308367042
193.0 -0.000194134506664
194.0 -0.000192920286892
195.0 -0.000191660942345
196.0 -0.000190352699469
197.0 -0.000188993112748
198.0 -0.000187581250601
199.0 -0.000186117732228
200.0 -0.000184604641327
201.0 -0.000183045359848
202.0 -0.000181444370213
203.0 -0.000179807066531
204.0 -0.000178139596386
205.0 -0.000176448730551
206.0 -0.000174741735951
207.0 -0.000173026214446
208.0 -0.000171309871365
209.0 -0.000169600193757
210.0 -0.000167904045401
211.0 -0.000166227216702
212.0 -0.000164573993882
213.0 -0.000162946825538
214.0 -0.000161346160747
215.0 -0.000159770510668
216.0 -0.000158216749045
217.0 -0.00015668062348
218.0 -0.000155157408274
219.0 -0.000153642599916
220.0 -0.000152132544495
221.0 -0.00015062489531
222.0 -0.000149118827056
223.0 -0.000147614974927
224.0 -0.000146115114643
225.0 -0.000144621643806
226.0 -0.000143136957994
227.0 -0.000141662830754
228.0 -0.000140199902897
229.0 -0.000138747364463
230.0 -0.000137302877199
231.0 -0.000135862743333
232.0 -0.000134422285798
233.0 -0.000132976373076
234.0 -0.000131520003716
235.0 -0.000130048863439
236.0 -0.000128559780539
237.0 -0.000127051028969
238.0 -0.000125522457392
239.0 -0.000123975450349
240.0 -0.000122412749457
241.0 -0.000120838175088
242.0 -0.000119256291797
243.0 -0.000117672055677
244.0 -0.000116090472189
245.0 -0.000114516282712
246.0 -0.000112953690226
247.0 -0.000111406130848
248.0 -0.000109876098389
249.0 -0.000108365031907
250.0 -0.000106873279027
251.0 -0.000105400147934
252.0 -0.00010394405677
253.0 -0.000102502780244
254.0 -0.000101073780712
255.0 -9.96545971352e-05
256.0 -9.82432530289e-05
257.0 -9.68386367369e-05
258.0 -9.54408060765e-05
259.0 -9.40511755322e-05
260.0 -9.26725571081e-05
261.0 -9.13090438176e-05
262.0 -8.99657447907e-05
263.0 -8.86483999364e-05
264.0 -8.73629170609e-05
265.0 -8.61148830914e-05
266.0 -8.49091024828e-05
267.0 -8.3749210109e-05
268.0 -8.26373942373e-05
269.0 -8.15742496851e-05
270.0 -8.05587645143e-05
271.0 -7.95884281694e-05
272.0 -7.86594368701e-05
273.0 -7.77669646514e-05
274.0 -7.69054661091e-05
275.0 -7.60689792432e-05
276.0 -7.52514026973e-05
277.0 -7.44467297217e-05
278.0 -7.36492298256e-05
279.0 -7.28535770282e-05
280.0 -7.20549299567e-05
281.0 -7.12489733061e-05
282.0 -7.04319323278e-05
283.0 -6.96005723006e-05
284.0 -6.87521937726e-05
285.0 -6.78846321971e-05
286.0 -6.69962678104e-05
287.0 -6.60860485331e-05
288.0 -6.51535255652e-05
289.0 -6.41988983964e-05
290.0 -6.32230633796e-05
291.0 -6.22276580492e-05
292.0 -6.12150922163e-05
293.0 -6.01885567416e-05
294.0 -5.91520018496e-05
295.0 -5.811007889e-05
296.0 -5.70680423798e-05
297.0 -5.60316126828e-05
298.0 -5.50068033942e-05
299.0 -5.39997209819e-05
