10.0 0.439861528632752
11.0 0.3787846972466295
12.0 0.32795099868205757
13.0 0.28542088655895254
14.0 0.2495715768254119
15.0 0.21919085481502862
16.0 0.19330790870512332
17.0 0.1711574030364846
18.0 0.15210610240737857
19.0 0.13565587254228045
20.0 0.12133929674485602
21.0 0.10888389398537311
22.0 0.097949204503196
23.0 0.08837847454423843
24.0 0.07994082258576202
25.0 0.07247434489467472
26.0 0.0658488142695972
27.0 0.059950954702466815
28.0 0.05468233820085305
29.0 0.04999673582087827
30.0 0.04578641534306989
31.0 0.04198593491554793
32.0 0.038582898197984355
33.0 0.03549905647594868
34.0 0.03271454420762102
35.0 0.030184687990529206
36.0 0.02789723252624735
37.0 0.025801029996515033
38.0 0.023907055872957113
39.0 0.022173911014467602
40.0 0.020582711128809668
41.0 0.019127569474533635
42.0 0.017801149575347567
43.0 0.016580144339007275
44.0 0.015455582949338062
45.0 0.014419149735075843
46.0 0.013463274659179637
47.0 0.012581150797589173
48.0 0.011766472040292669
49.0 0.011013320124527787
50.0 0.010316310108925916
51.0 0.009670530711776424
52.0 0.009071710356415739
53.0 0.008515786460563352
54.0 0.007998991262756891
55.0 0.007517871062630952
56.0 0.007069415544890471
57.0 0.0066509108254924855
58.0 0.006259820785491178
59.0 0.005893823690539479
60.0 0.005550830535094418
61.0 0.00523077403005209
62.0 0.004933565826710894
63.0 0.004654030757928797
64.0 0.004390739232052218
65.0 0.004142403995819342
66.0 0.003910802019706066
67.0 0.0036944689861293798
68.0 0.003489523822304457
69.0 0.00329512287608642
70.0 0.003114171937840538
71.0 0.0029440396619179825
72.0 0.0027819432864513603
73.0 0.002628810707436935
74.0 0.0024865195939030994
75.0 0.002350315528208187
76.0 0.002220936746764301
77.0 0.002101004825814151
78.0 0.001985662933665135
79.0 0.0018765656985830134
80.0 0.0017744845937658644
81.0 0.0016758591577523076
82.0 0.0015840235037102573
83.0 0.0014964559883148651
84.0 0.001412267010314838
85.0 0.0013343026765397065
86.0 0.0012583645806648503
87.0 0.001187749207235645
88.0 0.0011198679755217292
89.0 0.0010551931601615397
90.0 0.0009943357789715297
91.0 0.0009351788476254433
92.0 0.0008805163884737894
93.0 0.0008266467380446247
94.0 0.0007773124260556654
95.0 0.0007287053306440375
96.0 0.0006836659590971303
97.0 0.0006396409845669596
98.0 0.0005986014096635014
99.0 0.0005586667649246254
100.0 0.000521320075830148
101.0 0.00048498805251317073
102.0 0.0004509646894995069
103.0 0.00041779391664869555
104.0 0.00038691492106675117
105.0 0.0003565900988057421
106.0 0.0003285401418789109
107.0 0.0003006974086408957
108.0 0.00027528041633422716
109.0 0.0002498634240275585
110.0 0.00022669319129058825
111.0 0.0002037216524966796
112.0 0.0001823299841332078
113.0 0.0001615675544974807
114.0 0.00014177737441195692
115.0 0.0001230965890018275
116.0 0.00010474517307127812
117.0 8.796232846778895e-05
118.0 7.117948386429976e-05
119.0 5.5851326316409215e-05
120.0 4.081335881117549e-05
121.0 2.6480697638542025e-05
122.0 1.3022108969742858e-05
123.0 -4.1978562946079916e-07
124.0 -1.2391905825534935e-05
125.0 -2.436402602160907e-05
126.0 -3.56318749545586e-05
127.0 -4.6266836155482094e-05
128.0 -5.6901797356405596e-05
129.0 -6.627668722742219e-05
130.0 -7.564136755476771e-05
131.0 -8.454311267679424e-05
132.0 -9.276763813265337e-05
133.0 -0.00010099216358851251
134.0 -0.00010841293876698807
135.0 -0.00011559071619471922
136.0 -0.00012269654784561357
137.0 -0.0001289324561152363
138.0 -0.000135168364384859
139.0 -0.00014110964135651712
140.0 -0.00014645420355068132
141.0 -0.00015179876574484552
142.0 -0.0001567146244228156
143.0 -0.00016124914608309639
144.0 -0.00016578366774337716
145.0 -0.00016982178755590746
146.0 -0.00017361688707542944
147.0 -0.00017741198659495145
148.0 -0.00018070171068078773
149.0 -0.00018382806284295485
150.0 -0.00018695441500512193
151.0 -0.00018960703301203695
152.0 -0.00019212694481868535
153.0 -0.0001946468566253337
154.0 -0.00019675730776865985
155.0 -0.00019872874879600603
156.0 -0.00020070018982335219
157.0 -0.00020234594363679003
158.0 -0.0002038168079264811
159.0 -0.00020528767221617215
160.0 -0.00020653856703084557
161.0 -0.00020756248096833523
162.0 -0.00020858639490582492
163.0 -0.00020950102931714445
164.0 -0.00021012002963863923
165.0 -0.000210739029960134
166.0 -0.00021135803028162874
167.0 -0.00021160631230959648
168.0 -0.00021184799753796234
169.0 -0.00021208968276632822
170.0 -0.0002121289252909674
171.0 -0.00021204862900900504
172.0 -0.00021196833272704263
173.0 -0.0002118308182792082
174.0 -0.00021147438993145956
175.0 -0.00021111796158371094
176.0 -0.00021076153323596226
177.0 -0.00021022903329878548
178.0 -0.00020962688931673804
179.0 -0.00020902474533469057
180.0 -0.000208388043556215
181.0 -0.0002075635259165458
182.0 -0.0002067390082768766
183.0 -0.0002059144906372074
184.0 -0.00020499810662412708
185.0 -0.00020399770139068428
186.0 -0.00020299729615724148
187.0 -0.00020199689092379868
188.0 -0.00020086409773682962
189.0 -0.00019970141368032672
190.0 -0.0001985387296238238
191.0 -0.0001973714505738159
192.0 -0.00019607531972590456
193.0 -0.00019477918887799323
194.0 -0.00019348305803008187
195.0 -0.00019216669690793586
196.0 -0.0001907560585407406
197.0 -0.00018934542017354531
198.0 -0.00018793478180635003
199.0 -0.00018650485399097883
200.0 -0.0001850141694181878
201.0 -0.00018352348484539682
202.0 -0.00018203280027260577
203.0 -0.00018052851277504495
204.0 -0.00017897757949616715
205.0 -0.00017742664621728932
206.0 -0.00017587571293841152
207.0 -0.00017431873929427857
208.0 -0.00017272115063968226
209.0 -0.00017112356198508598
210.0 -0.00016952597333048968
211.0 -0.0001679283846758934
212.0 -0.00016631631766230522
213.0 -0.00016470349512278398
214.0 -0.00016309067258326275
215.0 -0.00016147785004374152
216.0 -0.0001598513366771025
217.0 -0.00015821858337568766
218.0 -0.00015658583007427282
219.0 -0.00015495307677285797
220.0 -0.00015331911835920881
221.0 -0.0001516827922987294
222.0 -0.00015004646623825003
223.0 -0.00014841014017777062
224.0 -0.00014677381411729124
225.0 -0.0001451616600172563
226.0 -0.00014355219694127597
227.0 -0.00014194273386529567
228.0 -0.00014033327078931537
229.0 -0.00013873354278182674
230.0 -0.00013715020014197455
231.0 -0.00013556685750212234
232.0 -0.00013398351486227018
233.0 -0.000132400172222418
234.0 -0.0001308355308296357
235.0 -0.00012927698694063954
236.0 -0.0001277184430516434
237.0 -0.00012615989916264723
238.0 -0.00012460368829813397
239.0 -0.00012310037667443598
240.0 -0.000121597065050738
241.0 -0.00012009375342704001
242.0 -0.00011859044180334204
243.0 -0.0001170991941212184
244.0 -0.00011564718051315138
245.0 -0.00011419516690508433
246.0 -0.00011274315329701731
247.0 -0.00011129113968895027
248.0 -0.00010985986984895389
249.0 -0.0001084705266426565
250.0 -0.0001070811834363591
251.0 -0.00010569184023006172
252.0 -0.00010430249702376431
253.0 -0.00010293261245294484
254.0 -0.00010160263940711323
255.0 -0.0001002726663612816
256.0 -9.894269331544998e-05
257.0 -9.761272026961836e-05
258.0 -9.629678716272412e-05
259.0 -9.502965174106067e-05
260.0 -9.376251631939722e-05
261.0 -9.249538089773377e-05
262.0 -9.122824547607031e-05
263.0 -8.99624279279083e-05
264.0 -8.87776653406744e-05
265.0 -8.759290275344051e-05
266.0 -8.640814016620663e-05
267.0 -8.522337757897273e-05
268.0 -8.403861499173885e-05
269.0 -8.290158238676259e-05
270.0 -8.178467893340319e-05
271.0 -8.066777548004382e-05
272.0 -7.955087202668442e-05
273.0 -7.843396857332502e-05
274.0 -7.733646327068468e-05
275.0 -7.628800391134561e-05
276.0 -7.523954455200653e-05
277.0 -7.419108519266746e-05
278.0 -7.31426258333284e-05
279.0 -7.209416647398932e-05
280.0 -7.109974873062804e-05
281.0 -7.012296516109257e-05
282.0 -6.914618159155713e-05
283.0 -6.816939802202168e-05
284.0 -6.719261445248621e-05
285.0 -6.622385948397583e-05
286.0 -6.531823379878822e-05
287.0 -6.44126081136006e-05
288.0 -6.350698242841299e-05
289.0 -6.260135674322538e-05
290.0 -6.169573105803777e-05
291.0 -6.081524900242589e-05
292.0 -5.997991107123168e-05
293.0 -5.9144573140037466e-05
294.0 -5.8309235208843254e-05
295.0 -5.747389727764905e-05
296.0 -5.663855934645484e-05
297.0 -5.583843980972913e-05
298.0 -5.5075514139138e-05
299.0 -5.4312588468546866e-05
