10.0 0.35034732894195536
11.0 0.2936659405570052
12.0 0.24941312088631606
13.0 0.2141935443490631
14.0 0.1856624017971998
15.0 0.162181957385204
16.0 0.14259437111636158
17.0 0.12606544063687838
18.0 0.11198051571795008
19.0 0.09987826240434619
20.0 0.08940716889666298
21.0 0.08029483314171412
22.0 0.07232584750940003
23.0 0.06532642168489056
24.0 0.059154198333935724
25.0 0.05369156353123694
26.0 0.048840855247388765
27.0 0.04452048050433671
28.0 0.04066169796519124
29.0 0.03720614342862886
30.0 0.03410402061145992
31.0 0.031312698323896715
32.0 0.02879552018282563
33.0 0.026520796210113596
34.0 0.0244610094283584
35.0 0.02259222149063728
36.0 0.020893591798767635
37.0 0.019346926408354885
38.0 0.017936254184787205
39.0 0.01664749018975347
40.0 0.015468209923428244
41.0 0.014387476460190942
42.0 0.013395648611788274
43.0 0.012484168304298795
44.0 0.011645385176136273
45.0 0.010872454183176934
46.0 0.010159276523154336
47.0 0.009500430974805638
48.0 0.008891081400068092
49.0 0.008326888659681057
50.0 0.007803951654574517
51.0 0.007318768847112763
52.0 0.006868195877269248
53.0 0.0064493915082360475
54.0 0.0060597661274532635
55.0 0.005696947992776182
56.0 0.005358766618220541
57.0 0.005043241677909213
58.0 0.00474856956049288
59.0 0.004473109295891261
60.0 0.004215372546478703
61.0 0.003974017099109187
62.0 0.0037478377000482437
63.0 0.003535748929350201
64.0 0.0033367612968783827
65.0 0.003149957763604547
66.0 0.0029744784399541456
67.0 0.0028095163133349923
68.0 0.002654320687576333
69.0 0.002508202017523294
70.0 0.00237053329455846
71.0 0.002240746846487275
72.0 0.0021183280710236753
73.0 0.0020028078096357748
74.0 0.0018937539899625527
75.0 0.0017907628393493016
76.0 0.0016934509617675462
77.0 0.0016014505566886996
78.0 0.0015144094785279026
79.0 0.001431995659279018
80.0 0.0013539032021762396
81.0 0.001279856798389169
82.0 0.0012096122542242878
83.0 0.0011429527850913695
84.0 0.0010796821744010361
85.0 0.0010196165613785824
86.0 0.0009625768232053187
87.0 0.000908383495247963
88.0 0.0008568557469675004
89.0 0.0008078148456064989
90.0 0.0007610909935836375
91.0 0.0007165311225609223
92.0 0.0006740048815743001
93.0 0.0006334068466406938
94.0 0.0005946544421150174
95.0 0.0005576824636537377
96.0 0.0005224358937406852
97.0 0.000488862788086534
98.0 0.00045690859027087293
99.0 0.0004265126003403847
100.0 0.0003976067124788538
101.0 0.00037011607753059835
102.0 0.00034396108944044105
103.0 0.0003190600337907725
104.0 0.0002953318215898901
105.0 0.0002726983957213915
106.0 0.00025108658784737936
107.0 0.00023042938829161255
108.0 0.00021066674164740362
109.0 0.00019174605491633804
110.0 0.00017362256444439111
111.0 0.0001562595580568561
112.0 0.0001396282629133442
113.0 0.0001237071035579456
114.0 0.00010848009963025845
115.0 9.39344124633953e-05
116.0 8.00573688259561e-05
117.0 6.6833542945771e-05
118.0 5.424254771657912e-05
119.0 4.225804192803873e-05
120.0 3.0848163839696496e-05
121.0 1.997726374031128e-05
122.0 9.608532719073517e-06
123.0 -2.9303129118956586e-07
124.0 -9.757909338895753e-06
125.0 -1.8810114506755282e-05
126.0 -2.746637624381484e-05
127.0 -3.573661234614648e-05
128.0 -4.362560324852975e-05
129.0 -5.11355422724215e-05
130.0 -5.826894447112506e-05
131.0 -6.503130779441601e-05
132.0 -7.143296767395426e-05
133.0 -7.748976830662355e-05
134.0 -8.322244858102853e-05
135.0 -8.865493557204054e-05
136.0 -9.38119747662328e-05
137.0 -9.871664354667868e-05
138.0 -0.00010338827047255448
139.0 -0.00010784113750389667
140.0 -0.00011208412781281194
141.0 -0.0001161212626806251
142.0 -0.0001199529023684965
143.0 -0.0001235772986144849
144.0 -0.00012699218309525354
145.0 -0.0001301961370978948
146.0 -0.00013318958255226863
147.0 -0.0001359753343634692
148.0 -0.00013855873810043488
149.0 -0.00014094747550089272
150.0 -0.00014315115114549193
151.0 -0.0001451807795863339
152.0 -0.00014704827707127588
153.0 -0.00014876603010038135
154.0 -0.00015034657001954322
155.0 -0.00015180233693369908
156.0 -0.00015314547826564032
157.0 -0.00015438760867735634
158.0 -0.00015553946688909453
159.0 -0.00015661044203376732
160.0 -0.00015760799910892367
161.0 -0.00015853709328417478
162.0 -0.00015939970624910863
163.0 -0.00016019464745093982
164.0 -0.00016091773116672743
165.0 -0.00016156237158996021
166.0 -0.00016212054892872802
167.0 -0.00016258401337089352
168.0 -0.0001629455341260865
169.0 -0.00016319998412621178
170.0 -0.00016334508223700474
171.0 -0.0001633816861534858
172.0 -0.00016331362244686602
173.0 -0.00016314713239013137
174.0 -0.00016289008129276655
175.0 -0.0001625511099752983
176.0 -0.0001621388948712533
177.0 -0.0001616616342522606
178.0 -0.00016112680726528353
179.0 -0.00016054117931369992
180.0 -0.00015991097025686656
181.0 -0.0001592420735338792
182.0 -0.0001585402184442416
183.0 -0.00015781099930872752
184.0 -0.0001570597424797089
185.0 -0.0001562912311611025
186.0 -0.00015550934653975234
187.0 -0.0001547167043878362
188.0 -0.0001539143673570474
189.0 -0.00015310169769479413
190.0 -0.00015227638882489667
191.0 -0.00015143468345957134
192.0 -0.00015057175609402726
193.0 -0.00014968221298919683
194.0 -0.00014876064602151518
195.0 -0.00014780217016235325
196.0 -0.00014680287901157755
197.0 -0.00014576016851989467
198.0 -0.00014467290353893436
199.0 -0.00014354143064039112
200.0 -0.00014236746755119756
201.0 -0.00014115391808217385
202.0 -0.00013990466669516123
203.0 -0.00013862439727200333
204.0 -0.0001373184587864457
205.0 -0.00013599277274840087
206.0 -0.000134653751892141
207.0 -0.00013330818470461424
208.0 -0.0001319630413621845
209.0 -0.000130625174341414
210.0 -0.00012930091738492513
211.0 -0.0001279956217352734
212.0 -0.00012671319889469293
213.0 -0.0001254557557451249
214.0 -0.0001242234050036092
215.0 -0.0001230143107800237
216.0 -0.00012182498957302157
217.0 -0.00012065083956090113
218.0 -0.00011948682576725132
219.0 -0.0001183282155188053
220.0 -0.00011717124489112838
221.0 -0.00011601360571715712
222.0 -0.00011485467264911353
223.0 -0.00011369543488019155
224.0 -0.0001125381486936731
225.0 -0.00011138577519231616
226.0 -0.00011024130345277796
227.0 -0.00010910707662532106
228.0 -0.00010798423454218441
229.0 -0.00010687236266560152
230.0 -0.00010576939880019695
231.0 -0.00010467180357072567
232.0 -0.00010357495685317634
233.0 -0.00010247370803836121
234.0 -0.00010136298881431954
235.0 -0.00010023839538549504
236.0 -9.909666140474807e-05
237.0 -9.793596896427094e-05
238.0 -9.675607641050777e-05
239.0 -9.555827174864749e-05
240.0 -9.434518337263811e-05
241.0 -9.312049250919073e-05
242.0 -9.188859365217401e-05
243.0 -9.06542425421456e-05
244.0 -8.942221978291242e-05
245.0 -8.819702632483878e-05
246.0 -8.698261834047675e-05
247.0 -8.578218535143833e-05
248.0 -8.459797668751896e-05
249.0 -8.343118556771368e-05
250.0 -8.228190437850002e-05
251.0 -8.11491661539788e-05
252.0 -8.003108379468485e-05
253.0 -7.892508966002424e-05
254.0 -7.782826496040475e-05
255.0 -7.67377333557874e-05
256.0 -7.56510795656084e-05
257.0 -7.456674477443545e-05
258.0 -7.348434852928919e-05
259.0 -7.24048926739559e-05
260.0 -7.133081610144495e-05
261.0 -7.026588774598834e-05
262.0 -6.921494628501609e-05
263.0 -6.81835150631443e-05
264.0 -6.717733659685305e-05
265.0 -6.620188028100445e-05
266.0 -6.526187839392514e-05
267.0 -6.436093932418839e-05
268.0 -6.35012744950912e-05
269.0 -6.268355903590067e-05
270.0 -6.190692859930802e-05
271.0 -6.116909855580562e-05
272.0 -6.046657930940434e-05
273.0 -5.979495404352284e-05
274.0 -5.914918322124115e-05
275.0 -5.852390311533536e-05
276.0 -5.7913692314616875e-05
277.0 -5.731328894778781e-05
278.0 -5.671775064821775e-05
279.0 -5.61225576655501e-05
280.0 -5.552366606660544e-05
281.0 -5.4917522213542635e-05
282.0 -5.430105166666909e-05
283.0 -5.3671635655889865e-05
284.0 -5.302708678174182e-05
285.0 -5.236563314326924e-05
286.0 -5.1685917070536566e-05
287.0 -5.098701138316987e-05
288.0 -5.026845283521619e-05
289.0 -4.953028933395642e-05
290.0 -4.877313483203712e-05
291.0 -4.799822370580033e-05
292.0 -4.720745517710164e-05
293.0 -4.640341810364595e-05
294.0 -4.5589387363729506e-05
295.0 -4.4769285071043165e-05
296.0 -4.3947602801541536e-05
297.0 -4.312928458437618e-05
298.0 -4.2319574197602144e-05
299.0 -4.1523833878902895e-05
