10.0 0.4913839424268399
11.0 0.41597856162006003
12.0 0.35508157559071146
13.0 0.30525389551116433
14.0 0.2640221672586038
15.0 0.2295715462504471
16.0 0.20054659436628286
17.0 0.17591477835074001
18.0 0.15487483643954555
19.0 0.13679725185765937
20.0 0.12118336927539726
21.0 0.10763464310274919
22.0 0.09582896596750357
23.0 0.08550302144414774
24.0 0.07643963317611532
25.0 0.06845871172891538
26.0 0.06141035051713122
27.0 0.05516913380771933
28.0 0.04962941136739766
29.0 0.0447015879806339
30.0 0.04030931082388825
31.0 0.03638725562525464
32.0 0.032879281338870504
33.0 0.029736891705230487
34.0 0.026918011428477776
35.0 0.02438604066753592
36.0 0.022109086199345235
37.0 0.020059272891361658
38.0 0.018212123005208906
39.0 0.01654605549409072
40.0 0.01504202275333424
41.0 0.013683221976176135
42.0 0.01245480535557276
43.0 0.01134358419690437
44.0 0.010337782430130102
45.0 0.009426873263472234
46.0 0.008601467624730762
47.0 0.007853200124547653
48.0 0.007174597177581438
49.0 0.006558954623943597
50.0 0.006000248822513939
51.0 0.005493071964225169
52.0 0.005032566720112572
53.0 0.004614352038281399
54.0 0.004234453953703384
55.0 0.0038892562802706377
56.0 0.0035754702904374747
57.0 0.0032901114983533014
58.0 0.0030304754424146222
59.0 0.0027941139819545264
60.0 0.0025788166256404247
61.0 0.002382596187667189
62.0 0.0022036725062951944
63.0 0.0020404488416231404
64.0 0.001891482075485765
65.0 0.0017554538696916368
66.0 0.0016311504914247874
67.0 0.0015174541146979875
68.0 0.0014133422355960168
69.0 0.0013178888393850917
70.0 0.0012302624332558216
71.0 0.0011497197727481502
72.0 0.0010755967743875485
73.0 0.0010072983030525663
74.0 0.0009442874500545999
75.0 0.0008860745943960304
76.0 0.0008322075276584549
77.0 0.0007822649049959161
78.0 0.0007358547001803564
79.0 0.0006926171641411048
80.0 0.0006522295728522271
81.0 0.0006144093998264784
82.0 0.0005789136920646603
83.0 0.000545534305817348
84.0 0.0005140901070320578
85.0 0.000484417909417229
86.0 0.0004563641212866656
87.0 0.0004297790426131154
88.0 0.0004045153165932812
89.0 0.00038043094367414877
90.0 0.0003573957121442013
91.0 0.00033529859427756573
92.0 0.0003140533158045648
93.0 0.00029360010674404365
94.0 0.0002739031185959035
95.0 0.00025494440755434493
96.0 0.00023671619756384453
97.0 0.00021921323300960185
98.0 0.0002024266126883086
99.0 0.00018633986190236796
100.0 0.00017092738081833007
101.0 0.00015615493659277923
102.0 0.00014198159760460164
103.0 0.00012836243560374681
104.0 0.00011525139720385124
105.0 0.0001026039042503143
106.0 9.037893035614542e-05
107.0 7.854048640869248e-05
108.0 6.705860179651425e-05
109.0 5.590996823157624e-05
110.0 4.5078380193729944e-05
111.0 3.455496471274607e-05
112.0 2.4338015909749168e-05
113.0 1.4432151411527701e-05
114.0 4.846578749107722e-06
115.0 -4.407496904308779e-06
116.0 -1.3319972852161045e-05
117.0 -2.1884855982005507e-05
118.0 -3.0102511953454907e-05
119.0 -3.798064343256329e-05
120.0 -4.55337895301384e-05
121.0 -5.278148437649292e-05
122.0 -5.9745494312735985e-05
123.0 -6.644671244445241e-05
124.0 -7.290231905213028e-05
125.0 -7.91237386968116e-05
126.0 -8.511576703144221e-05
127.0 -9.087702475805215e-05
128.0 -9.640164671778611e-05
129.0 -0.0001016818669445703
130.0 -0.0001067109660855397
131.0 -0.00011148595852105862
132.0 -0.00011600944691883803
133.0 -0.00012029025961837266
134.0 -0.00012434276771513118
135.0 -0.00012818508047101937
136.0 -0.00013183655941143967
137.0 -0.00013531521211441078
138.0 -0.00013863550331465364
139.0 -0.0001418069735810373
140.0 -0.00014483383728745172
141.0 -0.00014771550723054972
142.0 -0.00015044781919402176
143.0 -0.00015302463775728695
144.0 -0.0001554395179097208
145.0 -0.0001576871562052788
146.0 -0.0001597644600666354
147.0 -0.00016167116504477248
148.0 -0.00016341001635726345
149.0 -0.000164986592317944
150.0 -0.00016640888107058435
151.0 -0.0001676867305583049
152.0 -0.0001688312785979847
153.0 -0.0001698544395666288
154.0 -0.00017076848225281775
155.0 -0.00017158568823619813
156.0 -0.00017231804269288918
157.0 -0.00017297689120738055
158.0 -0.0001735725050375894
159.0 -0.00017411353407800027
160.0 -0.00017460638289472867
161.0 -0.00017505460400775628
162.0 -0.00017545844401180763
163.0 -0.00017581468526903205
164.0 -0.00017611689120981404
165.0 -0.00017635609179497054
166.0 -0.0001765218542571781
167.0 -0.0001766035966660499
168.0 -0.00017659194184889342
169.0 -0.00017647989334762727
170.0 -0.0001762636481647868
171.0 -0.00017594293491133656
172.0 -0.0001755208621351774
173.0 -0.00017500335653074635
174.0 -0.00017439834209376565
175.0 -0.00017371484367674982
176.0 -0.00017296218687699863
177.0 -0.00017214941701339693
178.0 -0.00017128498836235353
179.0 -0.00017037670058187303
180.0 -0.00016943180110461908
181.0 -0.00016845714305798427
182.0 -0.00016745929192079056
183.0 -0.00016644450553872332
184.0 -0.00016541855959387503
185.0 -0.00016438643997685875
186.0 -0.00016335196235018378
187.0 -0.0001623173999060844
188.0 -0.00016128320108334338
189.0 -0.00016024786283176743
190.0 -0.00015920799771836717
191.0 -0.00015815860120024926
192.0 -0.0001570934943740853
193.0 -0.00015600589174464595
194.0 -0.00015488902613592
195.0 -0.00015373675598062792
196.0 -0.00015254408505123082
197.0 -0.0001513075409539282
198.0 -0.0001500253840318351
199.0 -0.00014869764808411246
200.0 -0.0001473260421783316
201.0 -0.00014591376223876124
202.0 -0.00014446526709810474
203.0 -0.00014298606472248765
204.0 -0.00014148253297244858
205.0 -0.00013996177191788196
206.0 -0.00013843145983229182
207.0 -0.00013689967065039934
208.0 -0.0001353746121639787
209.0 -0.0001338642623381331
210.0 -0.00013237591171785736
211.0 -0.00013091565493181684
212.0 -0.00012948790398735303
213.0 -0.00012809501148077144
214.0 -0.00012673708741786315
215.0 -0.00012541206829798555
216.0 -0.0001241160558229434
217.0 -0.0001228438934998664
218.0 -0.00012158990303104506
219.0 -0.00012034866883904805
220.0 -0.00011911574578948948
221.0 -0.00011788817527630608
222.0 -0.00011666472660188698
223.0 -0.00011544582791277606
224.0 -0.00011423320475473432
225.0 -0.00011302929442787914
226.0 -0.00011183654154567146
227.0 -0.00011065669801481957
228.0 -0.00010949024637569262
229.0 -0.00010833604060266718
230.0 -0.00010719121835090448
231.0 -0.00010605139118090865
232.0 -0.00010491107342946422
233.0 -0.00010376427431077729
234.0 -0.00010260515736810898
235.0 -0.00010142866900252237
236.0 -0.00010023105222127511
237.0 -9.901018849852377e-05
238.0 -9.776574322679126e-05
239.0 -9.649912170804098e-05
240.0 -9.521326718147932e-05
241.0 -9.391234654292766e-05
242.0 -9.260137258688046e-05
243.0 -9.12858058540673e-05
244.0 -8.997116830999749e-05
245.0 -8.866268944281272e-05
246.0 -8.736499652356369e-05
247.0 -8.60818566319161e-05
248.0 -8.481597851161593e-05
249.0 -8.356888553440494e-05
250.0 -8.234087417304229e-05
251.0 -8.113107255650869e-05
252.0 -7.993760895337524e-05
253.0 -7.875788996883567e-05
254.0 -7.758897408272415e-05
255.0 -7.64280105003814e-05
256.0 -7.527269944732503e-05
257.0 -7.412172122572545e-05
258.0 -7.29750799203866e-05
259.0 -7.183431455133305e-05
260.0 -7.070254506874731e-05
261.0 -6.95843407515782e-05
262.0 -6.848542114408761e-05
263.0 -6.741222106127447e-05
264.0 -6.637136807939137e-05
265.0 -6.536913080393718e-05
266.0 -6.44108978163571e-05
267.0 -6.350074068373232e-05
268.0 -6.264110120915882e-05
269.0 -6.183262560420023e-05
270.0 -6.107414937229317e-05
271.0 -6.036281925270031e-05
272.0 -5.969432492747721e-05
273.0 -5.906320481780156e-05
274.0 -5.8463187665494614e-05
275.0 -5.7887534226751144e-05
276.0 -5.732935007205603e-05
277.0 -5.678184954727776e-05
278.0 -5.623856069998936e-05
279.0 -5.5693469941049545e-05
280.0 -5.514111236361491e-05
281.0 -5.457661845877829e-05
282.0 -5.399573039486098e-05
283.0 -5.3394801350751256e-05
284.0 -5.2770790080136526e-05
285.0 -5.2121260437374376e-05
286.0 -5.1444392465130995e-05
287.0 -5.073900818393445e-05
288.0 -5.0004611710489734e-05
289.0 -4.924144000427182e-05
290.0 -4.845051763974577e-05
291.0 -4.763370677738133e-05
292.0 -4.679374221537355e-05
293.0 -4.593424124983754e-05
294.0 -4.505967916341858e-05
295.0 -4.417532346169811e-05
296.0 -4.3287123286112385e-05
297.0 -4.240155440385761e-05
298.0 -4.1525424365898866e-05
299.0 -4.0665646356248754e-05
