10.0 0.4485317018
11.0 0.381598642025
12.0 0.327507639833
13.0 0.28321293992
14.0 0.246528199601
15.0 0.215847364694
16.0 0.189967157328
17.0 0.167970560301
18.0 0.149148227297
19.0 0.132944202374
20.0 0.118917640436
21.0 0.10671530942
22.0 0.0960515099596
23.0 0.0866931937426
24.0 0.0784487868569
25.0 0.0711596937827
26.0 0.0646937676863
27.0 0.0589402411993
28.0 0.0538057544979
29.0 0.0492112165465
30.0 0.045089305139
31.0 0.0413824611391
32.0 0.0380412682643
33.0 0.0350231359924
34.0 0.0322912225262
35.0 0.0298135491667
36.0 0.027562268278
37.0 0.0255130552361
38.0 0.0236446010272
39.0 0.0219381869862
40.0 0.0203773269046
41.0 0.0189474646588
42.0 0.0176357177966
43.0 0.0164306593295
44.0 0.0153221314168
45.0 0.0143010857703
46.0 0.013359446532
47.0 0.0124899921171
48.0 0.011686253116
49.0 0.0109424238377
50.0 0.0102532854774
51.0 0.00961413921607
52.0 0.00902074783307
53.0 0.00846928463231
54.0 0.00795628867004
55.0 0.0074786254244
56.0 0.00703345217602
57.0 0.00661818747665
58.0 0.00623048417254
59.0 0.00586820552601
60.0 0.00552940404251
61.0 0.00521230266518
62.0 0.00491527804495
63.0 0.00463684563382
64.0 0.00437564638231
65.0 0.00413043485113
66.0 0.00390006857132
67.0 0.00368349850879
68.0 0.00347976050702
69.0 0.00328796759759
70.0 0.00310730308178
71.0 0.00293701429835
72.0 0.00277640700261
73.0 0.002624840291
74.0 0.00248172201306
75.0 0.00234650461944
76.0 0.00221868140044
77.0 0.00209778307481
78.0 0.00198337469312
79.0 0.00187505282377
80.0 0.00177244299357
81.0 0.00167519735745
82.0 0.00158299257503
83.0 0.00149552787385
84.0 0.00141252328133
85.0 0.00133371800939
86.0 0.00125886897729
87.0 0.00118774945983
88.0 0.00112014784922
89.0 0.00105586652018
90.0 0.000994720788914
91.0 0.000936537957451
92.0 0.000881156435724
93.0 0.000828424934475
94.0 0.000778201722771
95.0 0.000730353944471
96.0 0.000684756988561
97.0 0.00064129390872
98.0 0.000599854887918
99.0 0.000560336744253
100.0 0.000522642474557
101.0 0.000486680832633
102.0 0.00045236593926
103.0 0.000419616921364
104.0 0.000388357577979
105.0 0.000358516070835
106.0 0.000330024637595
107.0 0.000302819325948
108.0 0.000276839746894
109.0 0.000252028845725
110.0 0.000228332689317
111.0 0.000205700268471
112.0 0.000184083314152
113.0 0.00016343612655
114.0 0.000143715416003
115.0 0.000124880154882
116.0 0.000106891439616
117.0 8.97123621061e-05
118.0 7.33078898287e-05
119.0 5.76447539942e-05
120.0 4.26913451705e-05
121.0 2.84176158296e-05
122.0 1.47949893176e-05
123.0 1.79627478778e-06
124.0 -1.06044123283e-05
125.0 -2.24317247046e-05
126.0 -3.37091527216e-05
127.0 -4.4459089619e-05
128.0 -5.47028925114e-05
129.0 -6.44609395512e-05
130.0 -7.37526835066e-05
131.0 -8.25967019976e-05
132.0 -9.10107446195e-05
133.0 -9.90117771643e-05
134.0 -0.000106616023134
135.0 -0.00011383900273
136.0 -0.000120695569482
137.0 -0.000127199944681
138.0 -0.000133365749751
139.0 -0.000139206036701
140.0 -0.000144733316782
141.0 -0.000149959587467
142.0 -0.000154896357851
143.0 -0.000159554672596
144.0 -0.000163945134479
145.0 -0.000168077925674
146.0 -0.000171962827809
147.0 -0.000175609240902
148.0 -0.000179026201229
149.0 -0.000182222398208
150.0 -0.000185206190336
151.0 -0.000187985620265
152.0 -0.000190568429045
153.0 -0.000192962069605
154.0 -0.000195173719502
155.0 -0.000197210292991
156.0 -0.000199078452462
157.0 -0.000200784619262
158.0 -0.000202334983967
159.0 -0.000203735516107
160.0 -0.000204991973402
161.0 -0.00020610991052
162.0 -0.000207094687392
163.0 -0.000207951477112
164.0 -0.000208685273436
165.0 -0.00020930089792
166.0 -0.000209803006697
167.0 -0.000210196096933
168.0 -0.000210484512963
169.0 -0.000210672452141
170.0 -0.000210763970409
171.0 -0.000210762987599
172.0 -0.000210673292499
173.0 -0.000210498547672
174.0 -0.000210242294063
175.0 -0.000209907955394
176.0 -0.000209498842362
177.0 -0.000209018156647
178.0 -0.000208468994746
179.0 -0.000207854351638
180.0 -0.000207177124294
181.0 -0.000206440115026
182.0 -0.000205646034709
183.0 -0.000204797505852
184.0 -0.000203897065553
185.0 -0.000202947168326
186.0 -0.000201950188814
187.0 -0.000200908424393
188.0 -0.00019982409767
189.0 -0.000198699358885
190.0 -0.000197536288217
191.0 -0.000196336898003
192.0 -0.000195103134867
193.0 -0.000193836881772
194.0 -0.000192539959997
195.0 -0.000191214131036
196.0 -0.000189861098429
197.0 -0.000188482509525
198.0 -0.000187079957187
199.0 -0.000185654981431
200.0 -0.000184209071006
201.0 -0.000182743664928
202.0 -0.000181260153947
203.0 -0.000179759881979
204.0 -0.000178244147478
205.0 -0.00017671420477
206.0 -0.000175171265338
207.0 -0.000173616499065
208.0 -0.000172051035442
209.0 -0.000170475964734
210.0 -0.000168892339103
211.0 -0.00016730117371
212.0 -0.000165703447766
213.0 -0.000164100105567
214.0 -0.000162492057481
215.0 -0.00016088018092
216.0 -0.000159265321275
217.0 -0.000157648292822
218.0 -0.000156029879608
219.0 -0.000154410836303
220.0 -0.000152791889038
221.0 -0.000151173736204
222.0 -0.000149557049245
223.0 -0.000147942473416
224.0 -0.000146330628527
225.0 -0.000144722109661
226.0 -0.000143117487878
227.0 -0.000141517310895
228.0 -0.00013992210375
229.0 -0.000138332369446
230.0 -0.00013674858958
231.0 -0.000135171224958
232.0 -0.000133600716182
233.0 -0.000132037484237
234.0 -0.000130481931053
235.0 -0.000128934440053
236.0 -0.000127395376689
237.0 -0.000125865088966
238.0 -0.000124343907947
239.0 -0.00012283214825
240.0 -0.000121330108531
241.0 -0.000119838071953
242.0 -0.000118356306644
243.0 -0.000116885066145
244.0 -0.000115424589847
245.0 -0.000113975103414
246.0 -0.000112536819196
247.0 -0.000111109936634
248.0 -0.000109694642657
249.0 -0.000108291112059
250.0 -0.00010689950788
251.0 -0.000105519981768
252.0 -0.000104152674334
253.0 -0.000102797715504
254.0 -0.000101455224852
255.0 -0.000100125311933
256.0 -9.88080766071e-05
257.0 -9.75036093506e-05
258.0 -9.62119915639e-05
259.0 -9.493329587e-05
260.0 -9.36675864063e-05
261.0 -9.24149191087e-05
262.0 -9.11753419886e-05
263.0 -8.99488954038e-05
264.0 -8.87356123213e-05
265.0 -8.75355185749e-05
266.0 -8.63486331157e-05
267.0 -8.51749682563e-05
268.0 -8.40145299088e-05
269.0 -8.28673178178e-05
270.0 -8.17333257856e-05
271.0 -8.06125418938e-05
272.0 -7.95049487178e-05
273.0 -7.84105235365e-05
274.0 -7.73292385364e-05
275.0 -7.62610610108e-05
276.0 -7.52059535533e-05
277.0 -7.41638742468e-05
278.0 -7.31347768473e-05
279.0 -7.21186109634e-05
280.0 -7.111532223e-05
281.0 -7.0124852479e-05
282.0 -6.9147139904e-05
283.0 -6.81821192215e-05
284.0 -6.72297218277e-05
285.0 -6.62898759505e-05
286.0 -6.53625067985e-05
287.0 -6.44475367047e-05
288.0 -6.35448852672e-05
289.0 -6.26544694854e-05
290.0 -6.17762038933e-05
291.0 -6.09100006877e-05
292.0 -6.00557698546e-05
293.0 -5.92134192901e-05
294.0 -5.83828549196e-05
295.0 -5.75639808125e-05
296.0 -5.6756699294e-05
297.0 -5.59609110533e-05
298.0 -5.51765152494e-05
299.0 -5.4403409613e-05
