10.0 0.494630560329
11.0 0.423707713046
12.0 0.365340921931
13.0 0.316914133955
14.0 0.276427078601
15.0 0.242336933708
16.0 0.213443492281
17.0 0.1888044252
18.0 0.167673174842
19.0 0.149453720257
20.0 0.133667023303
21.0 0.119925448019
22.0 0.107913032682
23.0 0.0973703574269
24.0 0.0880830356765
25.0 0.079872931489
26.0 0.07259131632
27.0 0.0661134053923
28.0 0.0603339597873
29.0 0.055163774403
30.0 0.0505268865942
31.0 0.0463583345121
32.0 0.0426023302961
33.0 0.0392107665719
34.0 0.0361420038568
35.0 0.0333598868838
36.0 0.0308329325189
37.0 0.0285336429049
38.0 0.0264379230602
39.0 0.0245245987303
40.0 0.0227750233421
41.0 0.0211727478984
42.0 0.0197032291646
43.0 0.0183535703124
44.0 0.0171123021502
45.0 0.0159692076081
46.0 0.0149151777111
47.0 0.0139420831521
48.0 0.0130426552608
49.0 0.0122103802285
50.0 0.0114394100574
51.0 0.0107244867918
52.0 0.0100608736806
53.0 0.00944429107424
54.0 0.00887085993532
55.0 0.00833705598236
56.0 0.00783967372253
57.0 0.00737579689863
58.0 0.00694277253655
59.0 0.00653818786652
60.0 0.00615985007995
61.0 0.00580576782738
62.0 0.00547413243324
63.0 0.0051632975654
64.0 0.00487175818596
65.0 0.00459813131542
66.0 0.00434114110659
67.0 0.00409960903959
68.0 0.00387244800199
69.0 0.00365865795345
70.0 0.0034573212077
71.0 0.00326759648235
72.0 0.00308871183374
73.0 0.00291995695929
74.0 0.00276067534616
75.0 0.00261025681154
76.0 0.00246813120922
77.0 0.00233376413374
78.0 0.00220665501089
79.0 0.00208633712149
80.0 0.00197237835873
81.0 0.00186438133142
82.0 0.00176198185769
83.0 0.00166484563773
84.0 0.00157266357256
85.0 0.00148514662072
86.0 0.00140202124544
87.0 0.00132302642053
88.0 0.00124791281076
89.0 0.0011764441393
90.0 0.00110840006031
91.0 0.00104357934554
92.0 0.000981802103114
93.0 0.000922910111945
94.0 0.000866764996488
95.0 0.000813244608466
96.0 0.0007622384033
97.0 0.000713642720436
98.0 0.000667356744435
99.0 0.000623279645233
100.0 0.000581309080401
101.0 0.000541340969823
102.0 0.000503270269087
103.0 0.000466992383928
104.0 0.000432404870727
105.0 0.000399409130339
106.0 0.000367911895376
107.0 0.000337826408856
108.0 0.000309073271806
109.0 0.000281580978938
110.0 0.000255286155403
111.0 0.000230133465168
112.0 0.000206075116619
113.0 0.000183069885858
114.0 0.00016108163978
115.0 0.000140077461178
116.0 0.000120025614151
117.0 0.000100893681827
118.0 8.26472158323e-05
119.0 6.52491480951e-05
120.0 4.86600570332e-05
121.0 3.28392001137e-05
122.0 1.77460713355e-05
123.0 3.34214790646e-06
124.0 -1.0407532696e-05
125.0 -2.35332797484e-05
126.0 -3.60603556956e-05
127.0 -4.80093606122e-05
128.0 -5.93973209523e-05
129.0 -7.02392672816e-05
130.0 -8.05499840205e-05
131.0 -9.03455772795e-05
132.0 -9.96445468955e-05
133.0 -0.000108468159269
134.0 -0.000116840072988
135.0 -0.000124785331164
136.0 -0.000132328963006
137.0 -0.000139494502646
138.0 -0.000146302724537
139.0 -0.00015277082113
140.0 -0.00015891213531
141.0 -0.000164736439131
142.0 -0.000170250650483
143.0 -0.000175459818621
144.0 -0.000180368192977
145.0 -0.000184980210796
146.0 -0.000189301284742
147.0 -0.000193338326755
148.0 -0.000197099996785
149.0 -0.000200596706331
150.0 -0.000203840432924
151.0 -0.00020684441222
152.0 -0.000209622770502
153.0 -0.000212190145366
154.0 -0.000214561320591
155.0 -0.000216750878452
156.0 -0.000218772855375
157.0 -0.000220640380359
158.0 -0.00022236528288
159.0 -0.000223957677115
160.0 -0.00022542555663
161.0 -0.000226774459447
162.0 -0.000228007277956
163.0 -0.000229124284087
164.0 -0.000230123415186
165.0 -0.000231000823865
166.0 -0.000231751645157
167.0 -0.00023237088885
168.0 -0.000232854335695
169.0 -0.000233199311306
170.0 -0.000233405232697
171.0 -0.000233473864821
172.0 -0.000233409278211
173.0 -0.00023321755134
174.0 -0.000232906300984
175.0 -0.00023248414248
176.0 -0.000231960176954
177.0 -0.000231343577534
178.0 -0.00023064330923
179.0 -0.00022986797785
180.0 -0.000229025771799
181.0 -0.000228124443637
182.0 -0.000227171278298
183.0 -0.0002261730096
184.0 -0.000225135670473
185.0 -0.000224064388128
186.0 -0.000222963156471
187.0 -0.000221834630187
188.0 -0.000220679986207
189.0 -0.000219498889836
190.0 -0.000218289587243
191.0 -0.000217049126884
192.0 -0.000215773693212
193.0 -0.000214459019868
194.0 -0.000213100838696
195.0 -0.000211695316947
196.0 -0.000210239438522
197.0 -0.000208731295334
198.0 -0.000207170270142
199.0 -0.000205557109348
200.0 -0.000203893899885
201.0 -0.000202183974847
202.0 -0.000200431775846
203.0 -0.000198642695684
204.0 -0.000196822914573
205.0 -0.000194979230336
206.0 -0.000193118871999
207.0 -0.000191249280938
208.0 -0.000189377846556
209.0 -0.000187511594298
210.0 -0.00018565684016
211.0 -0.000183818843337
212.0 -0.000182001502164
213.0 -0.000180207143554
214.0 -0.000178436450226
215.0 -0.00017668855299
216.0 -0.000174961290224
217.0 -0.000173251608101
218.0 -0.000171556049104
219.0 -0.000169871258483
220.0 -0.000168194432487
221.0 -0.000166523640075
222.0 -0.000164857970113
223.0 -0.000163197485169
224.0 -0.000161542995515
225.0 -0.000159895696891
226.0 -0.000158256737642
227.0 -0.000156626791102
228.0 -0.000155005706254
229.0 -0.00015339229442
230.0 -0.00015178428551
231.0 -0.000150178458563
232.0 -0.000148570923436
233.0 -0.000146957508224
234.0 -0.0001453341938
235.0 -0.000143697534273
236.0 -0.000142045009507
237.0 -0.000140375270835
238.0 -0.000138688259941
239.0 -0.000136985199951
240.0 -0.000135268473524
241.0 -0.00013354141317
242.0 -0.000131808033601
243.0 -0.000130072735226
244.0 -0.000128340004031
245.0 -0.000126614127786
246.0 -0.000124898943913
247.0 -0.000123197631221
248.0 -0.000121512556273
249.0 -0.000119845184544
250.0 -0.000118196065547
251.0 -0.00011656489845
252.0 -0.000114950679649
253.0 -0.000113351926232
254.0 -0.000111766960148
255.0 -0.000110194228633
256.0 -0.000108632628922
257.0 -0.000107081801161
258.0 -0.000105542354058
259.0 -0.0001040159934
260.0 -0.000102505533818
261.0 -0.000101014787561
262.0 -9.95483387293e-05
263.0 -9.81112251656e-05
264.0 -9.6708560986e-05
265.0 -9.53451391063e-05
266.0 -9.40250541892e-05
267.0 -9.27513823899e-05
268.0 -9.15259458957e-05
269.0 -9.03491790376e-05
270.0 -8.92201004413e-05
271.0 -8.81363840875e-05
272.0 -8.70945127317e-05
273.0 -8.60899909142e-05
274.0 -8.51175921636e-05
275.0 -8.41716157845e-05
276.0 -8.32461321799e-05
277.0 -8.23352010416e-05
278.0 -8.14330529149e-05
279.0 -8.05342306665e-05
280.0 -7.96336925147e-05
281.0 -7.87268820826e-05
282.0 -7.78097732238e-05
283.0 -7.68788982056e-05
284.0 -7.59313674288e-05
285.0 -7.49648874852e-05
286.0 -7.39777823199e-05
287.0 -7.29690198499e-05
288.0 -7.1938243858e-05
289.0 -7.08858085734e-05
290.0 -6.98128112837e-05
291.0 -6.87211168096e-05
292.0 -6.76133668817e-05
293.0 -6.64929675133e-05
294.0 -6.53640483984e-05
295.0 -6.42313901283e-05
296.0 -6.31003174505e-05
297.0 -6.19765596486e-05
298.0 -6.08660820926e-05
299.0 -5.97748957801e-05
