10.0 0.503845080576
11.0 0.431636167383
12.0 0.37219855344
13.0 0.322875641262
14.0 0.281634665137
15.0 0.246906814291
16.0 0.2174710879
17.0 0.192368479487
18.0 0.170839007784
19.0 0.152275803089
20.0 0.136191021027
21.0 0.122189842944
22.0 0.109950417871
23.0 0.0992084709654
24.0 0.0897455922381
25.0 0.0813802950885
26.0 0.0739610476046
27.0 0.0673607087638
28.0 0.0614720500641
29.0 0.0562041787923
30.0 0.0514796945925
31.0 0.0472324056897
32.0 0.0434054678086
33.0 0.0399498626905
34.0 0.0368231626292
35.0 0.0339885280382
36.0 0.0314138798442
37.0 0.0290711996563
38.0 0.0269359364916
39.0 0.0249865155531
40.0 0.0232039376093
41.0 0.021571442481
42.0 0.0200742117135
43.0 0.018699104467
44.0 0.0174344347132
45.0 0.0162697923396
46.0 0.015195896259
47.0 0.0142044634867
48.0 0.0132880879004
49.0 0.0124401325244
50.0 0.0116546387945
51.0 0.0109262493182
52.0 0.0102501377312
53.0 0.00962194343029
54.0 0.00903771407131
55.0 0.00849385885927
56.0 0.00798711187255
57.0 0.00751450191432
58.0 0.00707332604674
59.0 0.00666112606142
60.0 0.00627566783241
61.0 0.00591492243853
62.0 0.00557704701233
63.0 0.00526036404597
64.0 0.0049633399912
65.0 0.00468456570868
66.0 0.00442274128393
67.0 0.00417666602685
68.0 0.00394523240616
69.0 0.00372742159558
70.0 0.00352229864336
71.0 0.00332900640362
72.0 0.00314675834396
73.0 0.00297483071539
74.0 0.00281255457003
75.0 0.00265930818057
76.0 0.00251451064594
77.0 0.0023776175223
78.0 0.00224811886974
79.0 0.00212553925449
80.0 0.00200943849352
81.0 0.00189941173848
82.0 0.00179508793321
83.0 0.0016961264309
84.0 0.00160221224318
85.0 0.00151305082408
86.0 0.00142836345436
87.0 0.00134788420587
88.0 0.00127135910812
89.0 0.00119854752813
90.0 0.0011292250724
91.0 0.00106318680552
92.0 0.00100024948849
93.0 0.000940251909385
94.0 0.000883053027776
95.0 0.000828528303298
96.0 0.000776565005447
97.0 0.000727057425113
98.0 0.000679902775007
99.0 0.000634998284654
100.0 0.000592239676077
101.0 0.000551520930287
102.0 0.000512735067805
103.0 0.000475775580979
104.0 0.000440538158209
105.0 0.000406922402986
106.0 0.000374833344581
107.0 0.000344182636194
108.0 0.000314889417097
109.0 0.000286880857393
110.0 0.000260092398013
111.0 0.000234467655958
112.0 0.000209957919669
113.0 0.000186521154701
114.0 0.00016412050239
115.0 0.000142722375933
116.0 0.000122294395727
117.0 0.000102803500453
118.0 8.42145776563e-05
119.0 6.64898674517e-05
120.0 4.95892323904e-05
121.0 3.34712041418e-05
122.0 1.80945621831e-05
123.0 3.42010414348e-06
124.0 -1.05877559685e-05
125.0 -2.39598804482e-05
126.0 -3.67220097064e-05
127.0 -4.88951528172e-05
128.0 -6.04966918676e-05
129.0 -7.15419817155e-05
130.0 -8.20461237944e-05
131.0 -9.20255552706e-05
132.0 -0.000101499135512
133.0 -0.000110488523836
134.0 -0.000119017799961
135.0 -0.000127112442623
136.0 -0.000134797912117
137.0 -0.000142098148848
138.0 -0.000149034291225
139.0 -0.000155623841719
140.0 -0.000161880395203
141.0 -0.000167813921219
142.0 -0.000173431490493
143.0 -0.000178738274463
144.0 -0.000183738629714
145.0 -0.000188437100526
146.0 -0.000192839218856
147.0 -0.000196952036958
148.0 -0.000200784380898
149.0 -0.000204346855136
150.0 -0.000207651654991
151.0 -0.000210712254506
152.0 -0.00021354303339
153.0 -0.000216158891492
154.0 -0.000218574877236
155.0 -0.000220805833447
156.0 -0.000222866046439
157.0 -0.000224768877677
158.0 -0.000226526364783
159.0 -0.000228148798981
160.0 -0.00022964431374
161.0 -0.000231018545382
162.0 -0.000232274441104
163.0 -0.000233412285687
164.0 -0.000234429992764
165.0 -0.000235323663809
166.0 -0.000236088367381
167.0 -0.000236719045127
168.0 -0.000237211421531
169.0 -0.00023756278948
170.0 -0.000237772565168
171.0 -0.000237842548834
172.0 -0.000237776882319
173.0 -0.000237581747635
174.0 -0.000237264890901
175.0 -0.000236835074928
176.0 -0.000236301558827
177.0 -0.000235673677663
178.0 -0.000234960557361
179.0 -0.000234170960272
180.0 -0.000233313224858
181.0 -0.000232395245747
182.0 -0.000231424440449
183.0 -0.00023040766386
184.0 -0.00022935105585
185.0 -0.000228259833272
186.0 -0.000227138059147
187.0 -0.000225988434023
188.0 -0.000224812155826
189.0 -0.000223608885986
190.0 -0.000222376843824
191.0 -0.000221113031767
192.0 -0.000219813574514
193.0 -0.000218474138849
194.0 -0.000217090389783
195.0 -0.000215658434727
196.0 -0.000214175210863
197.0 -0.00021263878133
198.0 -0.000211048521258
199.0 -0.000209405192115
200.0 -0.000207710918628
201.0 -0.000205969093258
202.0 -0.000204184236537
203.0 -0.000202361837159
204.0 -0.00020050818526
205.0 -0.000198630199327
206.0 -0.00019673523609
207.0 -0.00019483086742
208.0 -0.000192924611158
209.0 -0.000191023613751
210.0 -0.00018913429915
211.0 -0.000187262016117
212.0 -0.000185410729733
213.0 -0.000183582808021
214.0 -0.000181778948492
215.0 -0.000179998272234
216.0 -0.000178238587596
217.0 -0.000176496796582
218.0 -0.000174769390718
219.0 -0.000173052964994
220.0 -0.000171344672655
221.0 -0.000169642551572
222.0 -0.000167945673561
223.0 -0.000166254097508
224.0 -0.000164568640125
225.0 -0.000162890508559
226.0 -0.00016122086136
227.0 -0.000159560374828
228.0 -0.000157908888752
229.0 -0.000156265190164
230.0 -0.000154626969094
231.0 -0.000152990951142
232.0 -0.0001513531834
233.0 -0.000149709427669
234.0 -0.000148055601519
235.0 -0.000146388205104
236.0 -0.00014470467909
237.0 -0.000143003654222
238.0 -0.000141285072189
239.0 -0.000139550176741
240.0 -0.000137801390025
241.0 -0.00013604209973
242.0 -0.000134276387213
243.0 -0.000132508726235
244.0 -0.000130743677902
245.0 -0.000128985602142
246.0 -0.000127238401351
247.0 -0.000125505308647
248.0 -0.000123788731717
249.0 -0.0001220901626
250.0 -0.000120410162706
251.0 -0.000118748429663
252.0 -0.000117103947447
253.0 -0.000115475213565
254.0 -0.000113860527839
255.0 -0.000112258317923
256.0 -0.000110667469076
257.0 -0.000109087621555
258.0 -0.000107519399622
259.0 -0.000105964541879
260.0 -0.000104425913009
261.0 -0.000102907390634
262.0 -0.00010141363587
263.0 -9.99497701205e-05
264.0 -9.85209916162e-05
265.0 -9.71321716336e-05
266.0 -9.57874714486e-05
267.0 -9.44900169521e-05
268.0 -9.32416593648e-05
269.0 -9.20428390915e-05
270.0 -9.08925572763e-05
271.0 -8.97884478337e-05
272.0 -8.87269331761e-05
273.0 -8.77034405346e-05
274.0 -8.67126530925e-05
275.0 -8.57487709466e-05
276.0 -8.48057605105e-05
277.0 -8.38775764359e-05
278.0 -8.29583463882e-05
279.0 -8.20425151267e-05
280.0 -8.11249495504e-05
281.0 -8.02010102341e-05
282.0 -7.92665973081e-05
283.0 -7.83181793911e-05
284.0 -7.73528138749e-05
285.0 -7.63681654675e-05
286.0 -7.53625278332e-05
287.0 -7.43348507202e-05
288.0 -7.32847723915e-05
289.0 -7.22126547308e-05
290.0 -7.11196162959e-05
291.0 -7.00075570559e-05
292.0 -6.88791677466e-05
293.0 -6.77379168335e-05
294.0 -6.65880090239e-05
295.0 -6.54343110639e-05
296.0 -6.42822430223e-05
297.0 -6.3137636168e-05
298.0 -6.20065615598e-05
299.0 -6.0895136285e-05
