10.0 0.374452198623
11.0 0.316903132616
12.0 0.27245466728
13.0 0.237070687311
14.0 0.208190932238
15.0 0.184156325643
16.0 0.163847513172
17.0 0.146478388766
18.0 0.131483226638
19.0 0.118442960462
20.0 0.107034172273
21.0 0.0969989206838
22.0 0.0881281974957
23.0 0.0802510907498
24.0 0.0732267437569
25.0 0.0669388128084
26.0 0.0612915166102
27.0 0.0562059504606
28.0 0.0516163174782
29.0 0.047466681316
30.0 0.043708676604
31.0 0.0402999503823
32.0 0.0372029548057
33.0 0.0343840573346
34.0 0.0318131258192
35.0 0.0294635308355
36.0 0.0273122215915
37.0 0.0253395284448
38.0 0.0235286075213
39.0 0.0218647123083
40.0 0.0203345592583
41.0 0.0189259512481
42.0 0.0176276580844
43.0 0.0164294433821
44.0 0.0153221115297
45.0 0.0142974979252
46.0 0.013348388032
47.0 0.0124683901437
48.0 0.0116517959535
49.0 0.0108934539659
50.0 0.0101886680737
51.0 0.00953312475761
52.0 0.00892284751218
53.0 0.00835417370438
54.0 0.00782374590838
55.0 0.00732850776278
56.0 0.00686569509432
57.0 0.00643281681794
58.0 0.00602762561125
59.0 0.00564808326574
60.0 0.00529232796889
61.0 0.00495864989625
62.0 0.0046454781829
63.0 0.00435137829597
64.0 0.00407505576435
65.0 0.00381536114901
66.0 0.0035712920791
67.0 0.00334199035425
68.0 0.003126734424
69.0 0.00292492908404
70.0 0.00273609456999
71.0 0.00255985652572
72.0 0.00239593708797
73.0 0.00224414616056
74.0 0.00210437129004
75.0 0.00197656456172
76.0 0.00186072550159
77.0 0.00175687982473
78.0 0.00166505471093
79.0 0.00158525189254
80.0 0.00151742011691
81.0 0.00146142853331
82.0 0.0014170423623
83.0 0.00138390196151
84.0 0.0013615061972
85.0 0.00134920089943
86.0 0.00134617309787
87.0 0.00135145165016
88.0 0.00136391472754
89.0 0.00138230437585
90.0 0.00140524802099
91.0 0.00143128636625
92.0 0.00145890668874
93.0 0.00148658014408
94.0 0.0015128013863
95.0 0.00153612863832
96.0 0.0015552223193
97.0 0.00156888043974
98.0 0.00157606919125
99.0 0.00157594745696
100.0 0.00156788432188
101.0 0.00155146904294
102.0 0.00152651332562
103.0 0.00149304612564
104.0 0.00145130153632
105.0 0.0014017006162
106.0 0.00134482824626
107.0 0.00128140626748
108.0 0.0012122642331
109.0 0.00113830911224
110.0 0.00106049521015
111.0 0.000979795435496
112.0 0.000897174862755
113.0 0.000813567325725
114.0 0.000729855553662
115.0 0.000646855140251
116.0 0.000565302430957
117.0 0.000485846235964
118.0 0.000409043130108
119.0 0.000335355990662
120.0 0.000265155348089
121.0 0.000198723081249
122.0 0.000136257973183
123.0 7.7882651966e-05
124.0 2.3651468637e-05
125.0 -2.64410937108e-05
126.0 -7.24518335531e-05
127.0 -0.0001144803635
128.0 -0.000152660998769
129.0 -0.000187155180915
130.0 -0.000218144562555
131.0 -0.000245824830868
132.0 -0.000270400306103
133.0 -0.000292079316845
134.0 -0.000311070326402
135.0 -0.000327578764472
136.0 -0.000341804504722
137.0 -0.000353939921379
138.0 -0.00036416845515
139.0 -0.00037266361956
140.0 -0.00037958838169
141.0 -0.00038509485543
142.0 -0.000389324250054
143.0 -0.000392407021938
144.0 -0.00039446318259
145.0 -0.00039560272189
146.0 -0.000395926111484
147.0 -0.000395524859501
148.0 -0.000394482093668
149.0 -0.000392873155265
150.0 -0.000390766190771
151.0 -0.000388222731374
152.0 -0.00038529825291
153.0 -0.000382042710402
154.0 -0.000378501042617
155.0 -0.000374713643131
156.0 -0.000370716795631
157.0 -0.000366543072439
158.0 -0.000362221696589
159.0 -0.000357778868915
160.0 -0.000353238062446
161.0 -0.000348620286816
162.0 -0.000343944325394
163.0 -0.000339226947647
164.0 -0.000334483098862
165.0 -0.000329726069152
166.0 -0.000324967643597
167.0 -0.000320218235476
168.0 -0.00031548700481
169.0 -0.000310781964634
170.0 -0.000306110077507
171.0 -0.000301477344654
172.0 -0.000296888889766
173.0 -0.000292349039028
174.0 -0.000287861398388
175.0 -0.000283428928569
176.0 -0.000279054017964
177.0 -0.000274738553294
178.0 -0.000270483987721
179.0 -0.000266291406064
180.0 -0.000262161586597
181.0 -0.000258095058843
182.0 -0.000254092156613
183.0 -0.000250153065418
184.0 -0.000246277863353
185.0 -0.000242466554603
186.0 -0.000238719094938
187.0 -0.00023503540885
188.0 -0.000231415398437
189.0 -0.000227858944515
190.0 -0.000224365900894
191.0 -0.000220936083049
192.0 -0.000217569252675
193.0 -0.000214265099743
194.0 -0.000211023223702
195.0 -0.000207843115444
196.0 -0.000204724141519
197.0 -0.000201665531957
198.0 -0.000198666372777
199.0 -0.000195725604061
200.0 -0.000192842024093
201.0 -0.000190014299736
202.0 -0.000187240982847
203.0 -0.000184520532151
204.0 -0.000181851339648
205.0 -0.000179231760384
206.0 -0.000176660144166
207.0 -0.000174134867719
208.0 -0.000171654365754
209.0 -0.000169217159445
210.0 -0.000166821880961
211.0 -0.000164467292881
212.0 -0.000162152301512
213.0 -0.000159875963458
214.0 -0.000157637484985
215.0 -0.000155436214121
216.0 -0.000153271625679
217.0 -0.000151143299721
218.0 -0.000149050894307
219.0 -0.000146994113592
220.0 -0.000144972672631
221.0 -0.000142986260382
222.0 -0.000141034502562
223.0 -0.000139116926046
224.0 -0.000137232926483
225.0 -0.000135381740722
226.0 -0.00013356242548
227.0 -0.00013177384344
228.0 -0.000130014657717
229.0 -0.000128283335247
230.0 -0.000126578159334
231.0 -0.000124897251155
232.0 -0.000123238599663
233.0 -0.00012160009893
234.0 -0.000119979591641
235.0 -0.000118374917149
236.0 -0.000116783962305
237.0 -0.000115204713122
238.0 -0.000113635305302
239.0 -0.000112074071696
240.0 -0.000110519584914
241.0 -0.000108970693527
242.0 -0.000107426550571
243.0 -0.000105886633428
244.0 -0.000104350754516
245.0 -0.000102819062594
246.0 -0.000101292034877
247.0 -9.97704604671e-05
248.0 -9.82554159502e-05
249.0 -9.67482341917e-05
250.0 -9.52504675982e-05
251.0 -9.37638471878e-05
252.0 -9.22902388716e-05
253.0 -9.08315983321e-05
254.0 -8.93899258128e-05
255.0 -8.79672220222e-05
256.0 -8.65654462097e-05
257.0 -8.51864773087e-05
258.0 -8.38320788648e-05
259.0 -8.25038683005e-05
260.0 -8.12032908993e-05
261.0 -7.99315987479e-05
262.0 -7.86898347416e-05
263.0 -7.74788216465e-05
264.0 -7.6299156115e-05
265.0 -7.51512074715e-05
266.0 -7.40351210124e-05
267.0 -7.29508255079e-05
268.0 -7.18980445333e-05
269.0 -7.08763112087e-05
270.0 -6.98849858799e-05
271.0 -6.89232762259e-05
272.0 -6.79902592428e-05
273.0 -6.708490452e-05
274.0 -6.6206098203e-05
275.0 -6.53526670271e-05
276.0 -6.45234018099e-05
277.0 -6.37170798128e-05
278.0 -6.29324854234e-05
279.0 -6.21684286675e-05
280.0 -6.14237611391e-05
281.0 -6.06973890279e-05
282.0 -5.99882830329e-05
283.0 -5.92954850623e-05
284.0 -5.86181117384e-05
285.0 -5.79553548423e-05
286.0 -5.73064789407e-05
287.0 -5.66708165312e-05
288.0 -5.6047761122e-05
289.0 -5.5436758719e-05
290.0 -5.48372982309e-05
291.0 -5.42489013114e-05
292.0 -5.36711121518e-05
293.0 -5.31034877008e-05
294.0 -5.25455887411e-05
295.0 -5.19969721816e-05
296.0 -5.14571848483e-05
297.0 -5.09257589696e-05
298.0 -5.04022094642e-05
299.0 -4.98860330496e-05
