10.0 0.105005443225
11.0 0.0892517835682
12.0 0.0766556277091
13.0 0.0664084976376
14.0 0.0579515544123
15.0 0.0508880759016
16.0 0.0449285490866
17.0 0.0398566012299
18.0 0.0355076051197
19.0 0.0317541815751
20.0 0.0284960465244
21.0 0.0256530833612
22.0 0.0231605884701
23.0 0.0209658262264
24.0 0.0190254522548
25.0 0.0173035972129
26.0 0.0157704242905
27.0 0.0144009864253
28.0 0.0131742895655
29.0 0.0120725408847
30.0 0.0110805662653
31.0 0.0101853553261
32.0 0.00937569197059
33.0 0.00864185418211
34.0 0.0079753823982
35.0 0.00736890711755
36.0 0.00681601206547
37.0 0.00631110926254
38.0 0.00584931644849
39.0 0.00542634195891
40.0 0.00503838712249
41.0 0.00468207167052
42.0 0.00435437997119
43.0 0.00405262102792
44.0 0.00377439498333
45.0 0.00351756173334
46.0 0.00328021050674
47.0 0.00306063117068
48.0 0.00285728836331
49.0 0.00266879904245
50.0 0.00249391345206
51.0 0.00233149919779
52.0 0.00218052803987
53.0 0.00204006497589
54.0 0.00190925911331
55.0 0.00178733576817
56.0 0.00167358926533
57.0 0.00156737609207
58.0 0.0014681083172
59.0 0.00137524742628
60.0 0.00128829884515
61.0 0.00120680739586
62.0 0.00113035378878
63.0 0.00105855208169
64.0 0.000991047911784
65.0 0.000927517275289
66.0 0.000867665689331
67.0 0.000811227682347
68.0 0.000757966667424
69.0 0.000707675312887
70.0 0.000660176514757
71.0 0.000615325001459
72.0 0.000573009484386
73.0 0.000533155135873
74.0 0.000495726050886
75.0 0.000460727243868
76.0 0.000428205654236
77.0 0.000398249587869
78.0 0.000370986015315
79.0 0.00034657519337
80.0 0.000325202190942
81.0 0.000307065096428
82.0 0.000292359966315
83.0 0.000281262932094
84.0 0.000273910284856
85.0 0.00027037775673
86.0 0.000270660556457
87.0 0.000274655931602
88.0 0.000282150070025
89.0 0.000292810985901
90.0 0.000306188656731
91.0 0.000321723114454
92.0 0.000338760502847
93.0 0.000356576373562
94.0 0.000374404793938
95.0 0.000391471267528
96.0 0.00040702709355
97.0 0.00042038265811
98.0 0.000430937269735
99.0 0.000438203503413
100.0 0.00044182455153
101.0 0.000441583727921
102.0 0.000437405954784
103.0 0.000429351706249
104.0 0.000417604423586
105.0 0.000402452811191
106.0 0.000384269647505
107.0 0.000363488800891
108.0 0.000340582045754
109.0 0.000316037060977
110.0 0.000290337700568
111.0 0.000263947295966
112.0 0.000237295417903
113.0 0.000210768222989
114.0 0.000184702256997
115.0 0.00015938139473
116.0 0.000135036468136
117.0 0.00011184706633
118.0 8.99449747305e-05
119.0 6.94187445063e-05
120.0 5.03189360056e-05
121.0 3.26636494516e-05
122.0 1.64440332055e-05
123.0 1.62953666009e-06
124.0 -1.18272541084e-05
125.0 -2.39862978374e-05
126.0 -3.49163454325e-05
127.0 -4.46917618226e-05
128.0 -5.33899014239e-05
129.0 -6.1088996162e-05
130.0 -6.78665027181e-05
131.0 -7.37978497063e-05
132.0 -7.89555243199e-05
133.0 -8.34084402825e-05
134.0 -8.72215335298e-05
135.0 -9.04555380293e-05
136.0 -9.31669007558e-05
137.0 -9.54078015463e-05
138.0 -9.72262499207e-05
139.0 -9.86662367038e-05
140.0 -9.97679232328e-05
141.0 -0.000100567855017
142.0 -0.000101099189937
143.0 -0.000101391933535
144.0 -0.000101473175746
145.0 -0.000101367324752
146.0 -0.000101096334602
147.0 -0.00010067992401
148.0 -0.000100135784321
149.0 -9.94797752134e-05
150.0 -9.87261071536e-05
151.0 -9.78875100816e-05
152.0 -9.69753881624e-05
153.0 -9.5999960762e-05
154.0 -9.49703900429e-05
155.0 -9.38948957495e-05
156.0 -9.27808578695e-05
157.0 -9.16349079347e-05
158.0 -9.04630097664e-05
159.0 -8.92705305042e-05
160.0 -8.8062302768e-05
161.0 -8.68426788073e-05
162.0 -8.5615577476e-05
163.0 -8.43845248353e-05
164.0 -8.31526891247e-05
165.0 -8.19229107687e-05
166.0 -8.06977279915e-05
167.0 -7.94793985404e-05
168.0 -7.82699179517e-05
169.0 -7.70710347848e-05
170.0 -7.58842632735e-05
171.0 -7.47108939311e-05
172.0 -7.35520027606e-05
173.0 -7.24084598555e-05
174.0 -7.12809382888e-05
175.0 -7.01699242478e-05
176.0 -6.90757293384e-05
177.0 -6.79985058448e-05
178.0 -6.69382654687e-05
179.0 -6.5894901706e-05
180.0 -6.48682155814e-05
181.0 -6.38579439938e-05
182.0 -6.28637894878e-05
183.0 -6.18854499166e-05
184.0 -6.0922646249e-05
185.0 -5.99751467264e-05
186.0 -5.9042785722e-05
187.0 -5.81254759701e-05
188.0 -5.72232133007e-05
189.0 -5.63360735823e-05
190.0 -5.54642021829e-05
191.0 -5.46077968473e-05
192.0 -5.37670854003e-05
193.0 -5.29423000623e-05
194.0 -5.21336503931e-05
195.0 -5.13412969192e-05
196.0 -5.05653273835e-05
197.0 -4.98057372814e-05
198.0 -4.90624159594e-05
199.0 -4.83351390922e-05
200.0 -4.76235678612e-05
201.0 -4.69272546821e-05
202.0 -4.62456549026e-05
203.0 -4.55781435395e-05
204.0 -4.49240358764e-05
205.0 -4.42826105945e-05
206.0 -4.3653134061e-05
207.0 -4.30348844544e-05
208.0 -4.24271745234e-05
209.0 -4.18293719663e-05
210.0 -4.12409166314e-05
211.0 -4.06613339718e-05
212.0 -4.00902444125e-05
213.0 -3.95273684912e-05
214.0 -3.89725278015e-05
215.0 -3.84256418964e-05
216.0 -3.78867214044e-05
217.0 -3.73558576671e-05
218.0 -3.68332092515e-05
219.0 -3.63189857183e-05
220.0 -3.58134290685e-05
221.0 -3.53167933428e-05
222.0 -3.48293229235e-05
223.0 -3.43512301875e-05
224.0 -3.38826732703e-05
225.0 -3.3423734813e-05
226.0 -3.29744026664e-05
227.0 -3.25345535776e-05
228.0 -3.21039408932e-05
229.0 -3.16821872334e-05
230.0 -3.12687829353e-05
231.0 -3.08630908157e-05
232.0 -3.04643574843e-05
233.0 -3.00717310557e-05
234.0 -2.96842847035e-05
235.0 -2.93010450958e-05
236.0 -2.8921024395e-05
237.0 -2.85432542231e-05
238.0 -2.81668198199e-05
239.0 -2.77908925755e-05
240.0 -2.74147592055e-05
241.0 -2.7037846051e-05
242.0 -2.66597373097e-05
243.0 -2.62801864114e-05
244.0 -2.58991202004e-05
245.0 -2.55166360433e-05
246.0 -2.51329924075e-05
247.0 -2.47485938115e-05
248.0 -2.43639713163e-05
249.0 -2.39797598861e-05
250.0 -2.35966739976e-05
251.0 -2.32154828148e-05
252.0 -2.28369861028e-05
253.0 -2.24619918355e-05
254.0 -2.20912961957e-05
255.0 -2.17256663924e-05
256.0 -2.13658264624e-05
257.0 -2.10124459951e-05
258.0 -2.06661315464e-05
259.0 -2.03274203879e-05
260.0 -1.99967761857e-05
261.0 -1.96745862056e-05
262.0 -1.93611596899e-05
263.0 -1.9056727139e-05
264.0 -1.87614403317e-05
265.0 -1.84753730232e-05
266.0 -1.81985223573e-05
267.0 -1.79308110952e-05
268.0 -1.76720908061e-05
269.0 -1.74221461671e-05
270.0 -1.71807004928e-05
271.0 -1.69474225518e-05
272.0 -1.67219346503e-05
273.0 -1.6503821866e-05
274.0 -1.62926422174e-05
275.0 -1.60879374702e-05
276.0 -1.58892442033e-05
277.0 -1.56961047175e-05
278.0 -1.55080773442e-05
279.0 -1.53247457293e-05
280.0 -1.51457267079e-05
281.0 -1.49706764531e-05
282.0 -1.47992946761e-05
283.0 -1.46313267557e-05
284.0 -1.44665637869e-05
285.0 -1.43048406496e-05
286.0 -1.41460322933e-05
287.0 -1.39900485218e-05
288.0 -1.38368276251e-05
289.0 -1.36863292432e-05
290.0 -1.35385268671e-05
291.0 -1.33934003723e-05
292.0 -1.32509289504e-05
293.0 -1.31110847595e-05
294.0 -1.29738275532e-05
295.0 -1.28391004766e-05
296.0 -1.27068271477e-05
297.0 -1.25769100657e-05
298.0 -1.24492303232e-05
299.0 -1.23236485341e-05
