10.0 -0.17517508965253273
11.0 -0.1586512378196328
12.0 -0.14436091921608682
13.0 -0.13189972143692988
14.0 -0.12095667300054894
15.0 -0.11128643974346011
16.0 -0.10269204118062283
17.0 -0.09501480329400767
18.0 -0.08812651907514714
19.0 -0.08192208300679285
20.0 -0.07631374117199642
21.0 -0.07122743665633341
22.0 -0.06660049205137536
23.0 -0.06237979186098846
24.0 -0.058520079853884306
25.0 -0.05498239796120198
26.0 -0.05173285472406489
27.0 -0.0487417920459695
28.0 -0.045983215583266734
29.0 -0.04343430773743526
30.0 -0.041074963169586164
31.0 -0.03888738883830976
32.0 -0.03685579634573162
33.0 -0.034966158487707434
34.0 -0.03320598766693711
35.0 -0.03156412307497907
36.0 -0.03003054645870515
37.0 -0.028596246666654355
38.0 -0.027253121189655144
39.0 -0.025993880749427035
40.0 -0.02481194191813155
41.0 -0.023701327815355826
42.0 -0.02265660163194443
43.0 -0.021672828176175996
44.0 -0.020745535481055094
45.0 -0.019870660102522086
46.0 -0.019044487744399822
47.0 -0.018263609588598746
48.0 -0.017524897780162828
49.0 -0.016825486265741034
50.0 -0.01616274578450889
51.0 -0.015534256261971066
52.0 -0.014937786117397532
53.0 -0.014371280673698033
54.0 -0.013832852837995417
55.0 -0.013320769337371467
56.0 -0.012833432711822872
57.0 -0.012369363788337645
58.0 -0.011927187575663191
59.0 -0.01150562146437686
60.0 -0.011103463510400273
61.0 -0.010719580901449853
62.0 -0.010352901030465574
63.0 -0.01000240714883866
64.0 -0.0096671378312422
65.0 -0.009346187072928237
66.0 -0.009038701796511412
67.0 -0.008743875737691937
68.0 -0.00846094128134693
69.0 -0.008189161987383606
70.0 -0.007927827814184723
71.0 -0.007676253426654921
72.0 -0.007433778858659243
73.0 -0.00719977174299179
74.0 -0.006973630779373389
75.0 -0.006754790226378771
76.0 -0.006542724762335486
77.0 -0.006336953636015084
78.0 -0.006137043268887737
79.0 -0.005942608363568205
80.0 -0.005753312449210852
81.0 -0.00556886899713535
82.0 -0.005389043703992844
83.0 -0.005213657735998464
84.0 -0.005042591148581983
85.0 -0.004875785476978199
86.0 -0.004713244490964175
87.0 -0.00455503221193142
88.0 -0.004401267572427999
89.0 -0.004252115653432804
90.0 -0.004107776165985373
91.0 -0.00396847044730487
92.0 -0.0038344284195752977
93.0 -0.0037058766480936585
94.0 -0.0035830280396012743
95.0 -0.003466073153841036
96.0 -0.003355172781170913
97.0 -0.0032504514053717007
98.0 -0.00315199132951866
99.0 -0.0030598274660435932
100.0 -0.002973942984562148
101.0 -0.0028942661232875715
102.0 -0.0028206684872412882
103.0 -0.002752965089158625
104.0 -0.0026909162647787074
105.0 -0.002634231446678709
106.0 -0.0025825746364102568
107.0 -0.002535571289436395
108.0 -0.0024928162347389003
109.0 -0.002453882208462633
110.0 -0.0024183286032845156
111.0 -0.002385710117449254
112.0 -0.0023555850956603554
113.0 -0.002327523436915524
114.0 -0.0023011139619444963
115.0 -0.002275971082624487
116.0 -0.002251740536586688
117.0 -0.002228103901056267
118.0 -0.002204781626385995
119.0 -0.002181534440406657
120.0 -0.002158163139993865
121.0 -0.0021345069569339977
122.0 -0.0021104408171859867
123.0 -0.0020858718830210144
124.0 -0.0020607357754515877
125.0 -0.0020349928314796983
126.0 -0.002008624670579828
127.0 -0.0019816312387497203
128.0 -0.0019540283779904445
129.0 -0.0019258458506404186
130.0 -0.0018971256535191263
131.0 -0.0018679204085780344
132.0 -0.0018382916285659277
133.0 -0.0018083077262931967
134.0 -0.0017780417452706676
135.0 -0.0017475689063685105
136.0 -0.0017169641560107849
137.0 -0.0016862999413237846
138.0 -0.0016556444180537287
139.0 -0.0016250602275359393
140.0 -0.0015946038825544262
141.0 -0.0015643257063018203
142.0 -0.001534270197079975
143.0 -0.0015044766563961063
144.0 -0.001474979920041787
145.0 -0.0014458110615086066
146.0 -0.001416997981307564
147.0 -0.0013885658417119636
148.0 -0.0013605373452428558
149.0 -0.0013329328825607053
150.0 -0.0013057705905887577
151.0 -0.001279066365836315
152.0 -0.001252833872777349
153.0 -0.001227084574742743
154.0 -0.0012018277976367966
155.0 -0.001177070818488859
156.0 -0.0011528189560287081
157.0 -0.001129075633868249
158.0 -0.0011058423917111207
159.0 -0.0010831188364046798
160.0 -0.0010609025487754785
161.0 -0.0010391889869165582
162.0 -0.001017971443493974
163.0 -0.0009972411167692907
164.0 -0.0009769873394965616
165.0 -0.0009571979790998324
166.0 -0.0009378599839258402
167.0 -0.0009189600140467464
168.0 -0.0009004850709756252
169.0 -0.0008824230355066038
170.0 -0.0008647630383627234
171.0 -0.0008474956206418253
172.0 -0.0008306126821325889
173.0 -0.0008141072553842885
174.0 -0.0007979731726091205
175.0 -0.0007822047047931933
176.0 -0.0007667962460191249
177.0 -0.0007517420939255508
178.0 -0.0007370363461319399
179.0 -0.0007226729008053413
180.0 -0.0007086455252316985
181.0 -0.0006949479445472432
182.0 -0.0006815739051280662
183.0 -0.0006685171811365049
184.0 -0.0006557715132612719
185.0 -0.000643330489688449
186.0 -0.0006311873955816163
187.0 -0.000619335065708014
188.0 -0.0006077657746844374
189.0 -0.0005964711920371347
190.0 -0.0005854424174328596
191.0 -0.0005746700978206275
192.0 -0.0005641446152130066
193.0 -0.0005538563232205009
194.0 -0.0005437958034927834
195.0 -0.0005339541107741965
196.0 -0.0005243229777759868
197.0 -0.0005148949583105753
198.0 -0.0005056634980593781
199.0 -0.0004966229349542069
200.0 -0.00048776844275874126
201.0 -0.00047909593929265003
202.0 -0.00047060198283048086
203.0 -0.0004622836759569697
204.0 -0.0004541385867721109
205.0 -0.0004461646855802111
206.0 -0.0004383602846674932
207.0 -0.00043072396287084446
208.0 -0.00042325445752474885
209.0 -0.00041595051427548044
210.0 -0.00040881069832420614
211.0 -0.0004018331854409556
212.0 -0.0003950155634209738
213.0 -0.0003883546808103882
214.0 -0.00038184657743181263
215.0 -0.00037548652029070225
216.0 -0.00036926915079673966
217.0 -0.0003631887285433149
218.0 -0.00035723943762377096
219.0 -0.0003514157078656628
220.0 -0.0003457124984827409
221.0 -0.0003401254966740644
222.0 -0.0003346511977757852
223.0 -0.0003292868539948283
224.0 -0.00032403030160744827
225.0 -0.00031887969747390626
226.0 -0.00031383321094830273
227.0 -0.0003088887240831485
228.0 -0.00030404359042716657
229.0 -0.000299294491466488
230.0 -0.00029463741221348176
231.0 -0.0002900677370362578
232.0 -0.0002855804473550396
233.0 -0.00028117038775273906
234.0 -0.00027683255876672383
235.0 -0.00027256239409355126
236.0 -0.0002683559865184639
237.0 -0.00026421023859810717
238.0 -0.0002601229281717844
239.0 -0.00025609269219166415
240.0 -0.0002521189427043128
241.0 -0.00024820173466034886
242.0 -0.0002443416063829508
243.0 -0.00024053941091522896
244.0 -0.000236796151746003
245.0 -0.0002331128314333451
246.0 -0.0002294903179110723
247.0 -0.00022592923156203703
248.0 -0.00022242985639862338
249.0 -0.0002189920800955935
250.0 -0.00021561536895353808
251.0 -0.00021229878392384972
252.0 -0.00020904104178914802
253.0 -0.00020584062130804345
254.0 -0.00020269590815028639
255.0 -0.00019960536588793721
256.0 -0.00019656771457858337
257.0 -0.00019358209492794165
258.0 -0.00019064819562308806
259.0 -0.00018776632455411675
260.0 -0.00018493741097792187
261.0 -0.00018216293429146077
262.0 -0.00017944478461457886
263.0 -0.00017678506931160726
264.0 -0.0001741858865060959
265.0 -0.00017164909053350716
266.0 -0.0001691760746361689
267.0 -0.00016676759313381386
268.0 -0.00016442363944726106
269.0 -0.00016214338875716828
270.0 -0.00015992520598576143
271.0 -0.0001577667124056775
272.0 -0.00015566489848580303
273.0 -0.00015361626718437735
274.0 -0.00015161699096896897
275.0 -0.00014966306714872085
276.0 -0.00014775045910363856
277.0 -0.00014587521497606989
278.0 -0.00014403355961945997
279.0 -0.00014222195945468445
280.0 -0.00014043716293341582
281.0 -0.00013867622133958084
282.0 -0.00013693649566190347
283.0 -0.0001352156553736517
284.0 -0.00013351167436651142
285.0 -0.00013182282822335651
286.0 -0.0001301476956727249
287.0 -0.00012848516559787925
288.0 -0.0001268344494921398
289.0 -0.0001251950978601119
290.0 -0.00012356701786091112
291.0 -0.00012195048857920263
292.0 -0.0001203461697975149
293.0 -0.00011875510011149129
294.0 -0.00011717868072044115
295.0 -0.00011561864221765765
296.0 -0.0001140769931111272
297.0 -0.00011255595047533807
298.0 -0.00011105785488004756
299.0 -0.00010958507336050731
