10.0 -0.269761410313352
11.0 -0.2422106582893545
12.0 -0.21809567086749973
13.0 -0.19680204499938736
14.0 -0.17786808442009078
15.0 -0.16093602304324087
16.0 -0.1457217970585086
17.0 -0.13199784716712618
18.0 -0.11958046491067308
19.0 -0.10831846293018088
20.0 -0.09808464066702721
21.0 -0.08877060063731604
22.0 -0.08028361047673505
23.0 -0.0725441485315963
24.0 -0.06548352574206567
25.0 -0.059041645877056084
26.0 -0.053165226200613695
27.0 -0.04780660924813426
28.0 -0.04292296915508865
29.0 -0.03847563761627961
30.0 -0.03442946213013361
31.0 -0.030752267476428
32.0 -0.0274144659373446
33.0 -0.02438877112965094
34.0 -0.02164994667149577
35.0 -0.019174566976850903
36.0 -0.016940819782121724
37.0 -0.014928380873511714
38.0 -0.0131183410118879
39.0 -0.01149313014127053
40.0 -0.01003641426291747
41.0 -0.008732996277976322
42.0 -0.0075687598554052896
43.0 -0.0065306487584288
44.0 -0.005606637552452042
45.0 -0.004785668196609581
46.0 -0.004057571595452158
47.0 -0.003413007148014707
48.0 -0.0028434265266103235
49.0 -0.002341040587761821
50.0 -0.0018987724738027058
51.0 -0.0015102028948124236
52.0 -0.0011695234704556087
53.0 -0.0008715023104603022
54.0 -0.0006114516001684699
55.0 -0.0003851870507174689
56.0 -0.0001889799766900487
57.0 -1.950987934007173e-05
58.0 0.0001261774765240386
59.0 0.00025070800669231254
60.0 0.0003564166255168621
61.0 0.00044538369846867465
62.0 0.0005194667902097276
63.0 0.0005803246571418317
64.0 0.0006294348283293994
65.0 0.0006681099605144095
66.0 0.0006975182116600756
67.0 0.0007187093631291863
68.0 0.0007326442302877784
69.0 0.0007402229545633201
70.0 0.0007423087997234691
71.0 0.000739746479175121
72.0 0.000733375622265304
73.0 0.0007240398892185314
74.0 0.0007125913721095403
75.0 0.000699889674268767
76.0 0.000686795821052002
77.0 0.0006741620362326663
78.0 0.0006628183938803605
79.0 0.0006535564224668689
80.0 0.0006471089055877583
81.0 0.0006441253599692978
82.0 0.0006451439920648217
83.0 0.0006505625078544829
84.0 0.0006606111304791119
85.0 0.0006753313234973106
86.0 0.0006945632704373417
87.0 0.0007179443624378257
88.0 0.0007449197857596692
89.0 0.0007747647438140937
90.0 0.000806616154806224
91.0 0.0008395103920804659
92.0 0.0008724232765095916
93.0 0.0009043091629424724
94.0 0.0009341371909240599
95.0 0.000960924006540256
96.0 0.000983763070193341
97.0 0.0010018509176555428
98.0 0.0010145105608267545
99.0 0.001021211816126374
100.0 0.0010215879291195478
101.0 0.0010154475649748512
102.0 0.0010027811409996244
103.0 0.0009837606190312173
104.0 0.0009587322260862262
105.0 0.0009282020666291065
106.0 0.0008928151503147837
107.0 0.0008533289071380865
108.0 0.0008105827199654123
109.0 0.0007654652961593955
110.0 0.000718881769773449
111.0 0.0006717222694644209
112.0 0.0006248333671967309
113.0 0.0005789934456507411
114.0 0.0005348926873753907
115.0 0.0004931181400078445
116.0 0.000454144124975707
117.0 0.0004183280688889992
118.0 0.00038591159517774017
119.0 0.0003570264139963972
120.0 0.0003317042372623764
121.0 0.0003098896923184658
122.0 0.00029145506813896754
123.0 0.0002762157223115265
124.0 0.0002639450901564628
125.0 0.0002543884362085377
126.0 0.000247274739649
127.0 0.00024232638298337213
128.0 0.0002392665940350722
129.0 0.00023782484720430913
130.0 0.00023774062658236698
131.0 0.00023876605774302419
132.0 0.0002406679079499087
133.0 0.0002432293424189655
134.0 0.00024625164092386
135.0 0.0002495558773200311
136.0 0.0002529844004752985
137.0 0.0002564018702946163
138.0 0.0002596956121431167
139.0 0.000262775142983857
140.0 0.00026557085721790735
141.0 0.00026803199600897436
142.0 0.0002701241240821452
143.0 0.0002718263826693112
144.0 0.00027312877570387166
145.0 0.00027402969268389436
146.0 0.0002745337967926855
147.0 0.0002746503308032491
148.0 0.00027439182988396994
149.0 0.00027377318627078146
150.0 0.0002728109867920518
151.0 0.00027152303831059127
152.0 0.0002699280052058479
153.0 0.0002680451036812135
154.0 0.00026589382574683155
155.0 0.0002634936954075323
156.0 0.00026086408356108115
157.0 0.0002580241189718977
158.0 0.00025499272544304716
159.0 0.0002517887899126208
160.0 0.0002484314287614572
161.0 0.0002449402814232665
162.0 0.0002413357347031226
163.0 0.00023763897889684689
164.0 0.00023387182231410897
165.0 0.00023005624014771846
166.0 0.00022621369510783957
167.0 0.00022236432480851368
168.0 0.00021852612894637303
169.0 0.0002147142972939106
170.0 0.000210940794950247
171.0 0.0002072142702549524
172.0 0.0002035402860897696
173.0 0.00019992181285683838
174.0 0.000196359875954045
175.0 0.0001928542319101019
176.0 0.0001894039581908412
177.0 0.0001860078772638138
178.0 0.00018266478517556172
179.0 0.00017937350524930453
180.0 0.00017613282607270526
181.0 0.00017294140141430758
182.0 0.0001697976858399324
183.0 0.00016669995741700014
184.0 0.0001636464461278835
185.0 0.00016063555309736653
186.0 0.000157666119755152
187.0 0.00015473769255664794
188.0 0.0001518507288999767
189.0 0.00014900670118448336
190.0 0.00014620807451219315
191.0 0.0001434581549367983
192.0 0.0001407608256264575
193.0 0.00013812020498839408
194.0 0.00013554027170259043
195.0 0.00013302450537709142
196.0 0.00013057558750377156
197.0 0.00012819519589294805
198.0 0.00012588390850430556
199.0 0.00012364121275853463
200.0 0.00012146559825925282
201.0 0.00011935469871713163
202.0 0.00011730544590784773
203.0 0.00011531420558111316
204.0 0.00011337688042484905
205.0 0.00011148898406492978
206.0 0.00010964570692698877
207.0 0.00010784200422383797
208.0 0.00010607273495160485
209.0 0.00010433286823636016
210.0 0.00010261775261184013
211.0 0.00010092342032630666
212.0 9.924687915860814e-05
213.0 9.758633436293215e-05
214.0 9.59412868526593e-05
215.0 9.431247088622598e-05
216.0 9.270162222594151e-05
217.0 9.111110022334471e-05
218.0 8.954341747157e-05
219.0 8.800075185929616e-05
220.0 8.648452326040264e-05
221.0 8.499510882823364e-05
222.0 8.353174833185835e-05
223.0 8.209265846637549e-05
224.0 8.067533880977002e-05
225.0 7.927701892709407e-05
226.0 7.78951721426379e-05
227.0 7.652801092666459e-05
228.0 7.517488326462073e-05
229.0 7.383650754592348e-05
230.0 7.251501167604806e-05
231.0 7.121377481963418e-05
232.0 6.993710136089296e-05
233.0 6.868978084701178e-05
234.0 6.747660102628868e-05
235.0 6.630188209812423e-05
236.0 6.516908995263489e-05
237.0 6.408056763128182e-05
238.0 6.303740194072518e-05
239.0 6.203942080032314e-05
240.0 6.108530037863301e-05
241.0 6.0172751641242376e-05
242.0 5.929875390705839e-05
243.0 5.845980693547337e-05
244.0 5.765218032854282e-05
245.0 5.6872146711321904e-05
246.0 5.611619087061397e-05
247.0 5.538118955272633e-05
248.0 5.46645560690206e-05
249.0 5.3964341524665096e-05
250.0 5.3279282307398564e-05
251.0 5.260878336590724e-05
252.0 5.1952830053615204e-05
253.0 5.13118281604881e-05
254.0 5.0686381326614384e-05
255.0 5.007702554501468e-05
256.0 4.9483949677823116e-05
257.0 4.890673668167287e-05
258.0 4.834416101534512e-05
259.0 4.7794072889488414e-05
260.0 4.7253390101936204e-05
261.0 4.671820465035886e-05
262.0 4.6183996274925664e-05
263.0 4.564593096683587e-05
264.0 4.509921150302107e-05
265.0 4.453944087145909e-05
266.0 4.3962958826884206e-05
267.0 4.336711661304215e-05
268.0 4.275046409147136e-05
269.0 4.211283547970929e-05
270.0 4.145533266551349e-05
271.0 4.0780216716116284e-05
272.0 4.0090727194371896e-05
273.0 3.939085426648415e-05
274.0 3.8685090059685756e-05
275.0 3.797818366705538e-05
276.0 3.7274919454362395e-05
277.0 3.6579932024513655e-05
278.0 3.589756449369621e-05
279.0 3.5231770615534325e-05
280.0 3.458605643807815e-05
281.0 3.3963453929662996e-05
282.0 3.336651738509039e-05
283.0 3.2797333219367705e-05
284.0 3.225753464956722e-05
285.0 3.174831441204261e-05
286.0 3.127043075993561e-05
287.0 3.082420429619837e-05
288.0 3.0409505536587686e-05
289.0 3.002573530742973e-05
290.0 2.9671802006857526e-05
291.0 2.9346101229233844e-05
292.0 2.9046504105146016e-05
293.0 2.877036081083109e-05
294.0 2.8514524984324457e-05
295.0 2.8275403281295903e-05
296.0 2.804903214832928e-05
297.0 2.7831181317753043e-05
298.0 2.761748083275019e-05
299.0 2.7403565908040377e-05
