10.0 -0.27101561880528435
11.0 -0.24368949682103044
12.0 -0.21980695741368714
13.0 -0.19875074900422074
14.0 -0.1800563707504979
15.0 -0.16336333949102708
16.0 -0.1483850014398276
17.0 -0.13489136938680213
18.0 -0.12269649884072935
19.0 -0.11164718260195503
20.0 -0.10161443509335667
21.0 -0.09248832155895981
22.0 -0.08417482745405638
23.0 -0.0765934060631508
24.0 -0.06967459746755772
25.0 -0.06335778139237623
26.0 -0.05758938655536446
27.0 -0.05232168778886436
28.0 -0.0475119949985928
29.0 -0.04312195966621737
30.0 -0.039116912168194864
31.0 -0.03546530144994295
32.0 -0.032138283114907414
33.0 -0.02910941129411147
34.0 -0.02635436595761007
35.0 -0.023850693333807446
36.0 -0.02157758934659517
37.0 -0.01951575677676019
38.0 -0.01764731631673256
39.0 -0.01595571671535942
40.0 -0.014425619448656392
41.0 -0.013042789223097477
42.0 -0.011794029328200955
43.0 -0.010667154195398945
44.0 -0.009650954980742664
45.0 -0.008735132546191468
46.0 -0.00791021677313654
47.0 -0.0071675050931875334
48.0 -0.0064990263123793045
49.0 -0.005897508475692847
50.0 -0.005356333679443119
51.0 -0.004869485677853256
52.0 -0.004431506030025889
53.0 -0.00403746284433405
54.0 -0.0036829217776346923
55.0 -0.0033639090530010645
56.0 -0.0030768671761381306
57.0 -0.002818611158739616
58.0 -0.0025862901791821272
59.0 -0.0023773531194469033
60.0 -0.0021895145893088
61.0 -0.002020721649916189
62.0 -0.0018691250566640397
63.0 -0.001733058059973558
64.0 -0.0016110214132804774
65.0 -0.0015016694002827752
66.0 -0.0014037916383855644
67.0 -0.0013162889323577415
68.0 -0.0012381456445282918
69.0 -0.0011684029959778714
70.0 -0.001106136684291083
71.0 -0.001050439799837191
72.0 -0.0010004104414914124
73.0 -0.0009551435309634997
74.0 -0.0009137271969058549
75.0 -0.0008752443446756433
76.0 -0.0008387792667793765
77.0 -0.0008034282674218156
78.0 -0.000768313298760652
79.0 -0.0007325985394618796
80.0 -0.0006955106784716823
81.0 -0.0006563634307050921
82.0 -0.0006145854908745552
83.0 -0.0005697495586061594
84.0 -0.0005215990882663417
85.0 -0.0004700692740886186
86.0 -0.0004152992286392225
87.0 -0.0003576331118480279
88.0 -0.000297609128103077
89.0 -0.00023593686622796806
90.0 -0.00017346515078970807
91.0 -0.00011114384715896107
92.0 -4.99834203125646e-05
93.0 8.984585629670216e-06
94.0 6.474420881961204e-05
95.0 0.000116328171003823
96.0 0.0001628475264444899
97.0 0.00020351821958420195
98.0 0.00023768473271190945
99.0 0.0002648406075204284
100.0 0.00028464520631695845
101.0 0.0002969357808884743
102.0 0.00030173382493037005
103.0 0.00029924482871892085
104.0 0.00028985090652494406
105.0 0.00027409626334271015
106.0 0.00025266602901658245
107.0 0.00022635953681608307
108.0 0.00019605958229883093
109.0 0.00016269949062314493
110.0 0.00012722989065702862
111.0 9.058693814691306e-05
112.0 5.366341020723195e-05
113.0 1.728371613581433e-05
114.0 -1.7816465566026432e-05
115.0 -5.1005463205345916e-05
116.0 -8.176552761061241e-05
117.0 -0.00010969730305708537
118.0 -0.00013451901128623276
119.0 -0.00015606080681820114
120.0 -0.00017425507373277323
121.0 -0.00018912368831071048
122.0 -0.00020076341233189407
123.0 -0.000209330588322747
124.0 -0.0002150261956806522
125.0 -0.00021808212844507473
126.0 -0.00021874930475484865
127.0 -0.0002172879408737327
128.0 -0.000213960042352145
129.0 -0.00020902390938091207
130.0 -0.00020273025702458549
131.0 -0.00019531944696964414
132.0 -0.00018701933459607098
133.0 -0.00017804334728706934
134.0 -0.00016858859317421464
135.0 -0.00015883400109138632
136.0 -0.00014893865640544637
137.0 -0.00013904058195190634
138.0 -0.00012925620341026117
139.0 -0.00011968064813843839
140.0 -0.0001103888914949584
141.0 -0.0001014376285556793
142.0 -9.286764859879496e-05
143.0 -8.470644473085003e-05
144.0 -7.697080229340211e-05
145.0 -6.966916308981813e-05
146.0 -6.280363704208402e-05
147.0 -5.637160871671638e-05
148.0 -5.036694936332672e-05
149.0 -4.4780889086016535e-05
150.0 -3.960262760099392e-05
151.0 -3.481976783862525e-05
152.0 -3.0418647499959238e-05
153.0 -2.6384622952222606e-05
154.0 -2.2702331742388768e-05
155.0 -1.9355930309856037e-05
156.0 -1.6329279503665972e-05
157.0 -1.3606039665900674e-05
158.0 -1.1169644314559476e-05
159.0 -9.003146896545268e-06
160.0 -7.0889725695090915e-06
161.0 -5.408645222498745e-06
162.0 -3.942585690205937e-06
163.0 -2.670079491139362e-06
164.0 -1.5694869729136476e-06
165.0 -6.187194708960091e-07
166.0 2.0405632868448995e-07
167.0 9.195811398400481e-07
168.0 1.5466662579308359e-06
169.0 2.1014984170647453e-06
170.0 2.5972029429372574e-06
171.0 3.0437307394981163e-06
172.0 3.4480699282005607e-06
173.0 3.814720487881143e-06
174.0 4.146324745454016e-06
175.0 4.444327883891339e-06
176.0 4.709553461378906e-06
177.0 4.942614493450354e-06
178.0 5.144130303352527e-06
179.0 5.314769688506199e-06
180.0 5.45517950527564e-06
181.0 5.565876238290046e-06
182.0 5.647174250659505e-06
183.0 5.6992020276004865e-06
184.0 5.722024960210272e-06
185.0 5.715859702728836e-06
186.0 5.681339155966493e-06
187.0 5.619773636342661e-06
188.0 5.533353809402903e-06
189.0 5.4252522793138915e-06
190.0 5.299599287044917e-06
191.0 5.1613293781090696e-06
192.0 5.015916367229261e-06
193.0 4.8690306132003016e-06
194.0 4.726163520384673e-06
195.0 4.592267951616863e-06
196.0 4.471459206324151e-06
197.0 4.366809719103863e-06
198.0 4.2802533745662305e-06
199.0 4.2125955019954e-06
200.0 4.16360645901826e-06
201.0 4.132164575795008e-06
202.0 4.116411270669978e-06
203.0 4.11388823332261e-06
204.0 4.121641757730105e-06
205.0 4.136298182880369e-06
206.0 4.154131244778756e-06
207.0 4.171151579848818e-06
208.0 4.1832472392951384e-06
209.0 4.186391532663394e-06
210.0 4.176913758192546e-06
211.0 4.151804895689564e-06
212.0 4.109010720936067e-06
213.0 4.04765494155913e-06
214.0 3.968138447174594e-06
215.0 3.87207792138106e-06
216.0 3.7620747738221236e-06
217.0 3.6413378360717007e-06
218.0 3.513213455034067e-06
219.0 3.3806978150105133e-06
220.0 3.2460137223777576e-06
221.0 3.1103258251653456e-06
222.0 2.9736457115818368e-06
223.0 2.8349458295259425e-06
224.0 2.6924649127067425e-06
225.0 2.544154430173572e-06
226.0 2.3881915985626345e-06
227.0 2.2234739245598124e-06
228.0 2.050014668366012e-06
229.0 1.8691767895494572e-06
230.0 1.683711104466554e-06
231.0 1.4975970888941452e-06
232.0 1.3157159382391116e-06
233.0 1.1434096767166706e-06
234.0 9.85993452076206e-07
235.0 8.482891565340742e-07
236.0 7.342381734583044e-07
237.0 6.466325008593072e-07
238.0 5.869812009884443e-07
239.0 5.555077707818356e-07
240.0 5.512574996589886e-07
241.0 5.722844448392929e-07
242.0 6.158856256452023e-07
243.0 6.788539598514847e-07
244.0 7.577287232992224e-07
245.0 8.49029989183659e-07
246.0 9.494692170011403e-07
247.0 1.056130677889982e-06
248.0 1.1666178479882404e-06
249.0 1.2791565648974665e-06
250.0 1.3926445608739005e-06
251.0 1.5066368766463046e-06
252.0 1.621259903768643e-06
253.0 1.7370536484878078e-06
254.0 1.8547513799794334e-06
255.0 1.975016338691595e-06
256.0 2.0981643969739525e-06
257.0 2.223907336149532e-06
258.0 2.3511521822804327e-06
259.0 2.4778872310770224e-06
260.0 2.6011754781264395e-06
261.0 2.7172626214381283e-06
262.0 2.821791767375382e-06
263.0 2.910102857812931e-06
264.0 2.9775838649618686e-06
265.0 3.0200346088348328e-06
266.0 3.034003432467236e-06
267.0 3.0170617713742685e-06
268.0 2.9679908625990724e-06
269.0 2.8868668067938523e-06
270.0 2.7750429653989894e-06
271.0 2.6350403322246483e-06
272.0 2.470365515968496e-06
273.0 2.2852813470095907e-06
274.0 2.084556598932556e-06
275.0 1.8732192567642707e-06
276.0 1.6563330236398753e-06
277.0 1.4388104595335103e-06
278.0 1.225269444553909e-06
279.0 1.0199335410379833e-06
280.0 8.265719758288369e-07
281.0 6.484717131242034e-07
282.0 4.884324606784305e-07
283.0 3.487752441989415e-07
284.0 2.3135607369436018e-07
285.0 1.3757786731073156e-07
286.0 6.839589053028405e-08
287.0 2.431427327252642e-08
288.0 5.373500935429479e-09
289.0 1.1130979993071862e-08
290.0 4.063869707450104e-08
291.0 9.24234562039272e-08
292.0 1.644760266803899e-07
293.0 2.5425563128732145e-07
294.0 3.587154843172689e-07
295.0 4.743535817586527e-07
296.0 5.972907886939888e-07
297.0 7.233756942184162e-07
298.0 8.48313008500022e-07
299.0 9.678097738005965e-07
