10.0 -0.2713618041362149
11.0 -0.2438965590133837
12.0 -0.21987131025508083
13.0 -0.19869042367914522
14.0 -0.17990007186152432
15.0 -0.1631419807996914
16.0 -0.14812648973780773
17.0 -0.13461817968055959
18.0 -0.12242516183375954
19.0 -0.11138884543925551
20.0 -0.10137587726215579
21.0 -0.09227304558734013
22.0 -0.0839840302998176
23.0 -0.07642675900054453
24.0 -0.06953083052431794
25.0 -0.06323509943803567
26.0 -0.05748575298093414
27.0 -0.052235009599382674
28.0 -0.047440237218124855
29.0 -0.043063210797695706
30.0 -0.039069417168423125
31.0 -0.03542747425331262
32.0 -0.0321087069948256
33.0 -0.02908683231829386
34.0 -0.02633768259904296
35.0 -0.023838943958756405
36.0 -0.02156993864486432
37.0 -0.01951148194709897
38.0 -0.01764579370140835
39.0 -0.01595640941977421
40.0 -0.014428066241521847
41.0 -0.013046594752866987
42.0 -0.011798855510512848
43.0 -0.010672712577766271
44.0 -0.009656999946020987
45.0 -0.008741455294826178
46.0 -0.007916640058765882
47.0 -0.007173878665811521
48.0 -0.006505222983384934
49.0 -0.0059034207009781145
50.0 -0.005361870577127096
51.0 -0.004874570444150015
52.0 -0.0044360737665900705
53.0 -0.004041458841094793
54.0 -0.0036863002961172197
55.0 -0.00336663263002662
56.0 -0.0030789064335341944
57.0 -0.0028199450837246907
58.0 -0.002586906847233544
59.0 -0.0023772508638148344
60.0 -0.0021887036597521225
61.0 -0.002019226425173906
62.0 -0.0018669868691333995
63.0 -0.001730338661380545
64.0 -0.001607807069217709
65.0 -0.0014980755564827871
66.0 -0.001399968045887721
67.0 -0.0013124250342099525
68.0 -0.0012344758943957047
69.0 -0.0011652115912205595
70.0 -0.001103760963388685
71.0 -0.0010492713066346943
72.0 -0.0010008924430313787
73.0 -0.0009577636492421189
74.0 -0.0009190038400858796
75.0 -0.0008837058584605151
76.0 -0.0008509352143619728
77.0 -0.0008197329996332872
78.0 -0.0007891229651193362
79.0 -0.0007581238349839482
80.0 -0.0007257687879808977
81.0 -0.0006911336483390009
82.0 -0.000653373664813554
83.0 -0.0006117666601344056
84.0 -0.0005657587004853147
85.0 -0.0005150075928036851
86.0 -0.00045941932488927686
87.0 -0.00039917288890536543
88.0 -0.00033472987268861975
89.0 -0.00026682685687743176
90.0 -0.00019645076807604334
91.0 -0.0001247993140056109
92.0 -5.322988669943383e-05
93.0 1.6799323294251968e-05
94.0 8.379253770619007e-05
95.0 0.00014628091303336475
96.0 0.00020288564718667142
97.0 0.00025237700068876813
98.0 0.0002937265334511029
99.0 0.0003261499292668658
100.0 0.0003491380790934055
101.0 0.00036247466305628165
102.0 0.00036623928205610615
103.0 0.0003607961618098533
104.0 0.00034676946726004394
105.0 0.00032500719644031436
106.0 0.0002965363645787804
107.0 0.00026251267230962356
108.0 0.00022416803756982267
109.0 0.00018275924234459565
110.0 0.00013952051628922886
111.0 9.5622212950227e-05
112.0 5.21369505980901e-05
113.0 1.0013836603081313e-05
114.0 -2.9939205770937896e-05
115.0 -6.706538699258402e-05
116.0 -0.00010086188490665691
117.0 -0.0001309763120964584
118.0 -0.0001571976988849582
119.0 -0.00017944302646163876
120.0 -0.00019774049482579873
121.0 -0.00021221080773760944
122.0 -0.0002230477590925763
123.0 -0.00023049929979638266
124.0 -0.00023485006920675547
125.0 -0.00023640612263285438
126.0 -0.00023548230599929398
127.0 -0.0002323924419687268
128.0 -0.00022744221671357664
129.0 -0.0002209244162401751
130.0 -0.00021311598583808827
131.0 -0.0002042763056505077
132.0 -0.00019464610593734988
133.0 -0.000184446579344623
134.0 -0.00017387844966000577
135.0 -0.00016312097381753794
136.0 -0.00015233103030800615
137.0 -0.00014164254120692927
138.0 -0.00013116647194432138
139.0 -0.00012099156709142435
140.0 -0.0001111858479328394
141.0 -0.00010179876234044777
142.0 -9.28637765745516e-05
143.0 -8.44011524530873e-05
144.0 -7.64206629765532e-05
145.0 -6.892405117719062e-05
146.0 -6.190710996072483e-05
147.0 -5.5361335253192246e-05
148.0 -4.9275167003040484e-05
149.0 -4.3634875873424105e-05
150.0 -3.8425176795392005e-05
151.0 -3.3629655973451975e-05
152.0 -2.923108845783597e-05
153.0 -2.52117023702226e-05
154.0 -2.155341748592009e-05
155.0 -1.823805593320874e-05
156.0 -1.524749859711313e-05
157.0 -1.2563749826073348e-05
158.0 -1.0168880216209275e-05
159.0 -8.044842625802136e-06
160.0 -6.173194015845605e-06
161.0 -4.534793907145059e-06
162.0 -3.109575896054895e-06
163.0 -1.8764908992413801e-06
164.0 -8.136951468241856e-07
165.0 1.0099357820588855e-07
166.0 8.894096218763193e-07
167.0 1.5722189485500152e-06
168.0 2.1680984384376544e-06
169.0 2.6930569117751217e-06
170.0 3.160015010424106e-06
171.0 3.578709689010931e-06
172.0 3.955923951455303e-06
173.0 4.295979563147552e-06
174.0 4.601384570113188e-06
175.0 4.873508477667057e-06
176.0 5.113168639632324e-06
177.0 5.321047044022607e-06
178.0 5.497906629180464e-06
179.0 5.644627100111701e-06
180.0 5.762119410780437e-06
181.0 5.8511972559658715e-06
182.0 5.912480738867991e-06
183.0 5.946385571067907e-06
184.0 5.953218766541654e-06
185.0 5.933368387521753e-06
186.0 5.887548746629756e-06
187.0 5.817048541632601e-06
188.0 5.723928778176389e-06
189.0 5.6111278843230595e-06
190.0 5.482449186604436e-06
191.0 5.3424265873164065e-06
192.0 5.196084141044656e-06
193.0 5.048621486152964e-06
194.0 4.905067768032001e-06
195.0 4.7699504468351475e-06
196.0 4.647021533899641e-06
197.0 4.5390726506913584e-06
198.0 4.447853519099574e-06
199.0 4.374089213421119e-06
200.0 4.317573932192587e-06
201.0 4.277307469371547e-06
202.0 4.251638091554031e-06
203.0 4.238382989393231e-06
204.0 4.234912894373889e-06
205.0 4.238206411643201e-06
206.0 4.24489639929429e-06
207.0 4.251339963992292e-06
208.0 4.253741965695531e-06
209.0 4.248349027333961e-06
210.0 4.231709914725809e-06
211.0 4.2009743292254535e-06
212.0 4.154182264138097e-06
213.0 4.090486035313044e-06
214.0 4.010250514395665e-06
215.0 3.914994278749032e-06
216.0 3.80716222298345e-06
217.0 3.689752843705512e-06
218.0 3.5658538032569007e-06
219.0 3.4381607615918865e-06
220.0 3.3085619967796665e-06
221.0 3.177863113786976e-06
222.0 3.0457035494525667e-06
223.0 2.9106839120930296e-06
224.0 2.7706866844925086e-06
225.0 2.623339344462565e-06
226.0 2.4665446655685685e-06
227.0 2.2989921144171293e-06
228.0 2.1205684945291816e-06
229.0 1.9326040877769457e-06
230.0 1.737918783031522e-06
231.0 1.5406656003844033e-06
232.0 1.3460005406369573e-06
233.0 1.1596323087828829e-06
234.0 9.873192998380875e-07
235.0 8.343827385996538e-07
236.0 7.052949767264216e-07
237.0 6.033837623258441e-07
238.0 5.306712260338455e-07
239.0 4.87845049796151e-07
240.0 4.74342670853594e-07
241.0 4.885196969342904e-07
242.0 5.278713079983383e-07
243.0 5.892788734825695e-07
244.0 6.69260752822497e-07
245.0 7.642134008927686e-07
246.0 8.706341386697908e-07
247.0 9.853190806157956e-07
248.0 1.1055288917499057e-06
249.0 1.2291125891934526e-06
250.0 1.3545774463024973e-06
251.0 1.4810931087431152e-06
252.0 1.6084215494113495e-06
253.0 1.736771686364748e-06
254.0 1.8665874485765807e-06
255.0 1.998288974929437e-06
256.0 2.131996194327379e-06
257.0 2.2672700797052962e-06
258.0 2.4029078252208878e-06
259.0 2.536823458609059e-06
260.0 2.666035459582769e-06
261.0 2.786769291341955e-06
262.0 2.894667535814801e-06
263.0 2.9850859908387954e-06
264.0 3.053442886922563e-06
265.0 3.0955819775416337e-06
266.0 3.1081094637846334e-06
267.0 3.0886693964402777e-06
268.0 3.036131349992554e-06
269.0 2.950676134899082e-06
270.0 2.8337781413405387e-06
271.0 2.6880946654215795e-06
272.0 2.5172816939460854e-06
273.0 2.325761139889705e-06
274.0 2.1184661330085004e-06
275.0 1.9005890295864985e-06
276.0 1.677352155905041e-06
277.0 1.4538150590599514e-06
278.0 1.2347253582131703e-06
279.0 1.0244141557238243e-06
280.0 8.267320670095896e-07
281.0 6.450186028429013e-07
282.0 4.820959173148634e-07
283.0 3.402776238890383e-07
284.0 2.2138416687490376e-07
285.0 1.2675778072037124e-07
286.0 5.727207968969332e-08
287.0 1.3333563038144774e-08
288.0 -5.125384295346014e-09
289.0 1.3397752395059273e-09
290.0 3.166896384744942e-08
291.0 8.428288085048147e-08
292.0 1.5707664579289895e-07
293.0 2.47427937921009e-07
294.0 3.522252215096411e-07
295.0 4.6792020368873304e-07
296.0 5.906065743614232e-07
297.0 7.161245557834922e-07
298.0 8.401881367098354e-07
299.0 9.585293955012955e-07
