10.0 -0.0812666484866
11.0 -0.0736556800584
12.0 -0.0670825299138
13.0 -0.0613570506079
14.0 -0.0563325058921
15.0 -0.0518929210396
16.0 -0.0479452332541
17.0 -0.0444147162742
18.0 -0.0412413562013
19.0 -0.0383763898551
20.0 -0.035779552828
21.0 -0.0334172776717
22.0 -0.0312615066536
23.0 -0.0292887431705
24.0 -0.0274791713302
25.0 -0.0258158600963
26.0 -0.0242841400847
27.0 -0.0228711836256
28.0 -0.0215657230825
29.0 -0.0203578202988
30.0 -0.0192386559895
31.0 -0.0182003554635
32.0 -0.0172358609358
33.0 -0.0163388353357
34.0 -0.0155035764557
35.0 -0.014724934318
36.0 -0.0139982402828
37.0 -0.013319256912
38.0 -0.0126841430099
39.0 -0.012089418154
40.0 -0.0115319198992
41.0 -0.0110087631422
42.0 -0.0105173133329
43.0 -0.0100551715285
44.0 -0.00962015854006
45.0 -0.00921029076947
46.0 -0.00882375328904
47.0 -0.00845887973718
48.0 -0.0081141407373
49.0 -0.00778813453099
50.0 -0.00747957470353
51.0 -0.00718727656203
52.0 -0.00691014661661
53.0 -0.00664717621586
54.0 -0.0063974362047
55.0 -0.00616006952654
56.0 -0.00593428189995
57.0 -0.00571933280047
58.0 -0.00551452815933
59.0 -0.00531921432013
60.0 -0.00513277229196
61.0 -0.00495461242145
62.0 -0.0047841706906
63.0 -0.00462090764041
64.0 -0.00446430964701
65.0 -0.00431389114744
66.0 -0.00416919636828
67.0 -0.00402980008977
68.0 -0.00389530813222
69.0 -0.00376535872781
70.0 -0.00363962552385
71.0 -0.00351782212701
72.0 -0.0033997074933
73.0 -0.00328509136291
74.0 -0.00317383908996
75.0 -0.00306587524087
76.0 -0.00296118514215
77.0 -0.00285981342595
78.0 -0.00276185885387
79.0 -0.00266746529244
80.0 -0.00257680934903
81.0 -0.00249008553781
82.0 -0.00240748987985
83.0 -0.00232920274108
84.0 -0.00225537167456
85.0 -0.00218609509355
86.0 -0.00212140766474
87.0 -0.00206126830999
88.0 -0.00200555166351
89.0 -0.00195404379987
90.0 -0.00190644300096
91.0 -0.00186236615602
92.0 -0.0018213609911
93.0 -0.00178292371735
94.0 -0.00174652101167
95.0 -0.00171161468247
96.0 -0.00167768705861
97.0 -0.00164426510538
98.0 -0.00161094147523
99.0 -0.00157739106821
100.0 -0.00154338213858
101.0 -0.00150878147794
102.0 -0.00147355368435
103.0 -0.00143775495268
104.0 -0.00140152216868
105.0 -0.00136505834261
106.0 -0.00132861557044
107.0 -0.00129247675855
108.0 -0.00125693730187
109.0 -0.00122228778363
110.0 -0.0011887985949
111.0 -0.00115670717416
112.0 -0.00112620835227
113.0 -0.0010974480561
114.0 -0.00107052037798
115.0 -0.00104546777395
116.0 -0.00102228394016
117.0 -0.00100091876721
118.0 -0.00098128470901
119.0 -0.000963263925316
120.0 -0.000946715646382
121.0 -0.000931483332124
122.0 -0.000917401327436
123.0 -0.000904300829895
124.0 -0.000892015077395
125.0 -0.000880383729732
126.0 -0.000869256460667
127.0 -0.000858495797156
128.0 -0.000847979243409
129.0 -0.000837600716112
130.0 -0.000827271304018
131.0 -0.000816919361546
132.0 -0.000806489960167
133.0 -0.000795943754237
134.0 -0.000785255362681
135.0 -0.000774411411825
136.0 -0.000763408413875
137.0 -0.000752250659835
138.0 -0.000740948282247
139.0 -0.000729515597309
140.0 -0.000717969778912
141.0 -0.000706329862125
142.0 -0.000694616031547
143.0 -0.000682849126544
144.0 -0.00067105029077
145.0 -0.000659240703082
146.0 -0.00064744134462
147.0 -0.000635672776358
148.0 -0.000623954918393
149.0 -0.000612306834557
150.0 -0.000600746533036
151.0 -0.00058929079595
152.0 -0.000577955049063
153.0 -0.00056675327769
154.0 -0.000555697987662
155.0 -0.000544800202419
156.0 -0.000534069481125
157.0 -0.00052351394029
158.0 -0.000513140264187
159.0 -0.000502953697497
160.0 -0.000492958025238
161.0 -0.000483155556903
162.0 -0.000473547139921
163.0 -0.00046413222881
164.0 -0.00045490902945
165.0 -0.000445874723824
166.0 -0.000437025762805
167.0 -0.00042835819784
168.0 -0.000419868011199
169.0 -0.000411551402104
170.0 -0.000403404993156
171.0 -0.000395425936433
172.0 -0.000387611917638
173.0 -0.000379961075127
174.0 -0.00037247186425
175.0 -0.000365142903257
176.0 -0.000357972834285
177.0 -0.000350960222948
178.0 -0.000344103505985
179.0 -0.000337400982108
180.0 -0.000330850830231
181.0 -0.000324451134194
182.0 -0.000318199894388
183.0 -0.00031209501331
184.0 -0.000306134251669
185.0 -0.000300315161209
186.0 -0.000294635007788
187.0 -0.000289090701735
188.0 -0.000283678752022
189.0 -0.00027839525694
190.0 -0.000273235937999
191.0 -0.000268196216984
192.0 -0.000263271329715
193.0 -0.000258456464812
194.0 -0.000253746912389
195.0 -0.000249138206415
196.0 -0.00024462624573
197.0 -0.000240207382248
198.0 -0.000235878470266
199.0 -0.000231636876994
200.0 -0.000227480460211
201.0 -0.000223407523006
202.0 -0.000219416756931
203.0 -0.000215507183232
204.0 -0.000211678097777
205.0 -0.00020792901999
206.0 -0.000204259641365
207.0 -0.000200669766353
208.0 -0.00019715923882
209.0 -0.000193727850769
210.0 -0.000190375235937
211.0 -0.000187100757524
212.0 -0.000183903404847
213.0 -0.000180781716342
214.0 -0.000177733745132
215.0 -0.000174757078111
216.0 -0.000171848911204
217.0 -0.00016900617371
218.0 -0.000166225685628
219.0 -0.000163504325408
220.0 -0.000160839183222
221.0 -0.000158227677023
222.0 -0.000155667615094
223.0 -0.000153157198109
224.0 -0.000150694964258
225.0 -0.000148279690604
226.0 -0.000145910270905
227.0 -0.00014358559332
228.0 -0.000141304440337
229.0 -0.000139065428188
230.0 -0.000136866995178
231.0 -0.000134707439157
232.0 -0.000132584995695
233.0 -0.000130497941913
234.0 -0.000128444707404
235.0 -0.000126423973788
236.0 -0.000124434747723
237.0 -0.000122476397834
238.0 -0.000120548652588
239.0 -0.000118651562362
240.0 -0.000116785433608
241.0 -0.00011495074551
242.0 -0.000113148059748
243.0 -0.000111377932455
244.0 -0.000109640834833
245.0 -0.000107937086246
246.0 -0.000106266801483
247.0 -0.000104629852825
248.0 -0.000103025847414
249.0 -0.000101454120937
250.0 -9.9913749205e-05
251.0 -9.84035792588e-05
252.0 -9.69222807855e-05
253.0 -9.54684168394e-05
254.0 -9.40405302778e-05
255.0 -9.26372395229e-05
256.0 -9.12573348347e-05
257.0 -8.98998648444e-05
258.0 -8.85642030915e-05
259.0 -8.72500858848e-05
260.0 -8.59576158285e-05
261.0 -8.46872293787e-05
262.0 -8.34396312026e-05
263.0 -8.22157022127e-05
264.0 -8.10163912898e-05
265.0 -7.98426024413e-05
266.0 -7.86950892345e-05
267.0 -7.75743668631e-05
268.0 -7.64806494513e-05
269.0 -7.54138166616e-05
270.0 -7.4373409927e-05
271.0 -7.33586552369e-05
272.0 -7.23685068067e-05
273.0 -7.14017044459e-05
274.0 -7.04568370578e-05
275.0 -6.95324053694e-05
276.0 -6.86268784145e-05
277.0 -6.77387401659e-05
278.0 -6.68665246755e-05
279.0 -6.60088398488e-05
280.0 -6.51643813574e-05
281.0 -6.43319390729e-05
282.0 -6.35103988001e-05
283.0 -6.26987420515e-05
284.0 -6.18960462458e-05
285.0 -6.1101487139e-05
286.0 -6.03143445954e-05
287.0 -5.95340120645e-05
288.0 -5.87600093951e-05
289.0 -5.79919979449e-05
290.0 -5.72297963773e-05
291.0 -5.64733951286e-05
292.0 -5.57229673168e-05
293.0 -5.4978873895e-05
294.0 -5.42416611339e-05
295.0 -5.35120490403e-05
296.0 -5.27909100375e-05
297.0 -5.20792380727e-05
298.0 -5.13781091884e-05
299.0 -5.06886354013e-05
