10.0 -0.069214783279
11.0 -0.0834207720636
12.0 -0.0919181433945
13.0 -0.0961822410867
14.0 -0.0973636764173
15.0 -0.0963448048578
16.0 -0.093793566667
17.0 -0.0902091117464
18.0 -0.0859602417184
19.0 -0.0813174532804
20.0 -0.0764780977037
21.0 -0.0715850395715
22.0 -0.0667403219469
23.0 -0.0620154147363
24.0 -0.0574591081477
25.0 -0.0531035848136
26.0 -0.0489689281621
27.0 -0.0450663343557
28.0 -0.0414003988969
29.0 -0.0379708272957
30.0 -0.0347737642593
31.0 -0.0318028073234
32.0 -0.0290497517413
33.0 -0.0265051412149
34.0 -0.0241586984711
35.0 -0.0219996737665
36.0 -0.020017113089
37.0 -0.0182000438953
38.0 -0.0165376015571
39.0 -0.0150191348704
40.0 -0.013634308088
41.0 -0.0123731841288
42.0 -0.0112262695715
43.0 -0.01018452835
44.0 -0.00923939086064
45.0 -0.00838277396214
46.0 -0.00760710215779
47.0 -0.00690531261217
48.0 -0.00627084170299
49.0 -0.00569760588604
50.0 -0.00517998712574
51.0 -0.00471282025306
52.0 -0.00429137401591
53.0 -0.00391132397264
54.0 -0.00356872328087
55.0 -0.0032599773384
56.0 -0.00298182221531
57.0 -0.00273130298683
58.0 -0.00250574985288
59.0 -0.0023027536408
60.0 -0.00212014318595
61.0 -0.00195596471919
62.0 -0.00180846093847
63.0 -0.00167604758554
64.0 -0.00155728777364
65.0 -0.00145086663758
66.0 -0.00135556915409
67.0 -0.00127026223327
68.0 -0.00119388003314
69.0 -0.00112541057463
70.0 -0.00106388254936
71.0 -0.00100835277658
72.0 -0.000957895798791
73.0 -0.00091159710649
74.0 -0.000868550958457
75.0 -0.000827863480816
76.0 -0.000788661843959
77.0 -0.000750110268615
78.0 -0.000711432799548
79.0 -0.000671941255276
80.0 -0.000631065208854
81.0 -0.000588380003322
82.0 -0.000543628868803
83.0 -0.000496735912527
84.0 -0.000447807764541
85.0 -0.000397122886871
86.0 -0.000345109036152
87.0 -0.000292310999364
88.0 -0.000239352136095
89.0 -0.00018689404329
90.0 -0.000135598622654
91.0 -8.60961032602e-05
92.0 -3.8961442556e-05
93.0 5.29975477577e-06
94.0 4.62559699188e-05
95.0 8.35465754998e-05
96.0 0.000116873189344
97.0 0.000145988714871
98.0 0.000170687307406
99.0 0.000190797999597
100.0 0.000206183717781
101.0 0.000216746150783
102.0 0.000222435660578
103.0 0.000223264391249
104.0 0.000219320107342
105.0 0.000210778145301
106.0 0.000197909161264
107.0 0.000181080996067
108.0 0.000160753808834
109.0 0.000137468512272
110.0 0.000111829358167
111.0 8.44821768372e-05
112.0 5.6090195645e-05
113.0 2.7309501615e-05
114.0 -1.23393289613e-06
115.0 -2.896412439e-05
116.0 -5.53708351666e-05
117.0 -8.0020738426e-05
118.0 -0.000102563985408
119.0 -0.000122736511055
120.0 -0.000140358627139
121.0 -0.000155330560104
122.0 -0.000167625627761
123.0 -0.000177281737861
124.0 -0.000184391844252
125.0 -0.000189093920456
126.0 -0.000191560916908
127.0 -0.000191991072382
128.0 -0.000190598867224
129.0 -0.000187606842678
130.0 -0.000183238462585
131.0 -0.000177712148565
132.0 -0.000171236564526
133.0 -0.000164007155356
134.0 -0.000156203863221
135.0 -0.000147989867793
136.0 -0.000139511141631
137.0 -0.000130896592046
138.0 -0.000122258579303
139.0 -0.000113693649366
140.0 -0.000105283381353
141.0 -9.70953069978e-05
142.0 -8.91838981986e-05
143.0 -8.15916339288e-05
144.0 -7.43501526446e-05
145.0 -6.74814796433e-05
146.0 -6.09993003476e-05
147.0 -5.4910237438e-05
148.0 -4.92150850575e-05
149.0 -4.39099561454e-05
150.0 -3.89873066188e-05
151.0 -3.44368100281e-05
152.0 -3.02460672469e-05
153.0 -2.64011477971e-05
154.0 -2.28869729546e-05
155.0 -1.96875652954e-05
156.0 -1.67862026674e-05
157.0 -1.41655232759e-05
158.0 -1.18076292094e-05
159.0 -9.69422652995e-06
160.0 -7.80682212615e-06
161.0 -6.1269750064e-06
162.0 -4.63657867899e-06
163.0 -3.31813773895e-06
164.0 -2.15499965423e-06
165.0 -1.13151241011e-06
166.0 -2.33096885295e-07
167.0 5.53756177807e-07
168.0 1.24153738518e-06
169.0 1.84178214893e-06
170.0 2.36511260747e-06
171.0 2.82123617151e-06
172.0 3.21889677221e-06
173.0 3.56579343334e-06
174.0 3.86849470678e-06
175.0 4.1323830455e-06
176.0 4.36165905159e-06
177.0 4.55942315067e-06
178.0 4.72783524395e-06
179.0 4.8683360069e-06
180.0 4.98190116481e-06
181.0 5.06929512669e-06
182.0 5.131293328e-06
183.0 5.16885178049e-06
184.0 5.18321442209e-06
185.0 5.1759603777e-06
186.0 5.14900151273e-06
187.0 5.10454454923e-06
188.0 5.04503192667e-06
189.0 4.97307293486e-06
190.0 4.89137303838e-06
191.0 4.80266593037e-06
192.0 4.70965017981e-06
193.0 4.61493031902e-06
194.0 4.52096067038e-06
195.0 4.42998917072e-06
196.0 4.34399828688e-06
197.0 4.26464132007e-06
198.0 4.19317520563e-06
199.0 4.13039495769e-06
200.0 4.07657911951e-06
201.0 4.03145844787e-06
202.0 3.99422014151e-06
203.0 3.9635564264e-06
204.0 3.93775949202e-06
205.0 3.91485600238e-06
206.0 3.89276582861e-06
207.0 3.86946357936e-06
208.0 3.84311972735e-06
209.0 3.81220136159e-06
210.0 3.77552025167e-06
211.0 3.73222626177e-06
212.0 3.68175478732e-06
213.0 3.62374536228e-06
214.0 3.55795304658e-06
215.0 3.48417382585e-06
216.0 3.40220038855e-06
217.0 3.31181664663e-06
218.0 3.21283020546e-06
219.0 3.10513373556e-06
220.0 2.98878054057e-06
221.0 2.86405751811e-06
222.0 2.73154028298e-06
223.0 2.5921197879e-06
224.0 2.44699610108e-06
225.0 2.29764160213e-06
226.0 2.14574133799e-06
227.0 1.9931215894e-06
228.0 1.84167832005e-06
229.0 1.69331520082e-06
230.0 1.54989696303e-06
231.0 1.41321898338e-06
232.0 1.28498945694e-06
233.0 1.16681738836e-06
234.0 1.06019867707e-06
235.0 9.66493994307e-07
236.0 8.86895542184e-07
237.0 8.22384226077e-07
238.0 7.73683046635e-07
239.0 7.41215437872e-07
240.0 7.25077992889e-07
241.0 7.25035249318e-07
242.0 7.40540324903e-07
243.0 7.70780124306e-07
244.0 8.14738814866e-07
245.0 8.71269505185e-07
246.0 9.39162440322e-07
247.0 1.01719889104e-06
248.0 1.10418299758e-06
249.0 1.1989483626e-06
250.0 1.30034112116e-06
251.0 1.40718548752e-06
252.0 1.51824056825e-06
253.0 1.63215812509e-06
254.0 1.74745000579e-06
255.0 1.86247156284e-06
256.0 1.97542421367e-06
257.0 2.08437708633e-06
258.0 2.18730506185e-06
259.0 2.28213886361e-06
260.0 2.36682228039e-06
261.0 2.43937201281e-06
262.0 2.49793668788e-06
263.0 2.54085289101e-06
264.0 2.56669722966e-06
265.0 2.57433418019e-06
266.0 2.56295964055e-06
267.0 2.53213974833e-06
268.0 2.4818437996e-06
269.0 2.41246928699e-06
270.0 2.32485645267e-06
271.0 2.22028956482e-06
272.0 2.10048250691e-06
273.0 1.9675472171e-06
274.0 1.82394489219e-06
275.0 1.67242143988e-06
276.0 1.51593014295e-06
277.0 1.35754562727e-06
278.0 1.20037382024e-06
279.0 1.04746258039e-06
280.0 9.01717128966e-07
281.0 7.65823480232e-07
282.0 6.42181963836e-07
283.0 5.32851880244e-07
284.0 4.39507501556e-07
285.0 3.63405117769e-07
286.0 3.05360637959e-07
287.0 2.65737315523e-07
288.0 2.4444336184e-07
289.0 2.40939419445e-07
290.0 2.54255984432e-07
291.0 2.83020842533e-07
292.0 3.25496405386e-07
293.0 3.79626533999e-07
294.0 4.43092066757e-07
295.0 5.13373884611e-07
296.0 5.87821990095e-07
297.0 6.63728776636e-07
298.0 7.38404431926e-07
299.0 8.09252256345e-07
