10.0 -0.09972154287742388
11.0 -0.10265085051153561
12.0 -0.10208223850449033
13.0 -0.09976819924728594
14.0 -0.09621426283011489
15.0 -0.09207929125540494
16.0 -0.08772342103677952
17.0 -0.08319441584149954
18.0 -0.07876082954747217
19.0 -0.07444468678921973
20.0 -0.07030678432315748
21.0 -0.06637563074554459
22.0 -0.06265402293200768
23.0 -0.05915616586648444
24.0 -0.05587213959059559
25.0 -0.05279486589925122
26.0 -0.04991505174483187
27.0 -0.04722206962121618
28.0 -0.044703345643866514
29.0 -0.04235807501188327
30.0 -0.04016423286021675
31.0 -0.03810811827841374
32.0 -0.03619268192286069
33.0 -0.03439635600877568
34.0 -0.03271633418205151
35.0 -0.03114019001145614
36.0 -0.029666194073252546
37.0 -0.028276003891571894
38.0 -0.026978379667846022
39.0 -0.025756103917731227
40.0 -0.024602793408464104
41.0 -0.023517964388270623
42.0 -0.02249937127702965
43.0 -0.021536981937968252
44.0 -0.020627460188108345
45.0 -0.019767492518570427
46.0 -0.01895397493446338
47.0 -0.018184219795703043
48.0 -0.017455540252855548
49.0 -0.016765210565519016
50.0 -0.016110943450678303
51.0 -0.015490001218254695
52.0 -0.014900828077262371
53.0 -0.014341197188852305
54.0 -0.013809192840051639
55.0 -0.013302910089133863
56.0 -0.012820764539846145
57.0 -0.01236126837757488
58.0 -0.011922880384170364
59.0 -0.0115041746352467
60.0 -0.01110387557637631
61.0 -0.01072206588629321
62.0 -0.010359414579761262
63.0 -0.010011629342288176
64.0 -0.00967763789397127
65.0 -0.009356451728906496
66.0 -0.009049585413349898
67.0 -0.00875609687040255
68.0 -0.008472429288102636
69.0 -0.008197810138807453
70.0 -0.007934498078049584
71.0 -0.0076802316629469725
72.0 -0.007432484402108174
73.0 -0.007191819397068036
74.0 -0.0069595454785256975
75.0 -0.006731836170676642
76.0 -0.006509141623175025
77.0 -0.006293455667805426
78.0 -0.006081351221713823
79.0 -0.005874133013488931
80.0 -0.005673275539836015
81.0 -0.0054759030222408835
82.0 -0.00528610371178017
83.0 -0.005102750280951633
84.0 -0.004924295516105892
85.0 -0.004758280101663196
86.0 -0.004596974606487051
87.0 -0.004448823730628782
88.0 -0.0043091784320728015
89.0 -0.0041790902267181285
90.0 -0.0040619773028045284
91.0 -0.003950354335071875
92.0 -0.00385348768967743
93.0 -0.0037590152839019667
94.0 -0.0036763472629835962
95.0 -0.0035949632094465517
96.0 -0.00351939487964742
97.0 -0.0034443266911065415
98.0 -0.003370643026729273
99.0 -0.003296403497743345
100.0 -0.003220933662211972
101.0 -0.0031445520179833758
102.0 -0.003066210870734781
103.0 -0.0029875803854808847
104.0 -0.0029082191406851134
105.0 -0.0028294040863278166
106.0 -0.002752660840181255
107.0 -0.00267654254250961
108.0 -0.0026066142557324744
109.0 -0.0025366859689553386
110.0 -0.002476081151443712
111.0 -0.0024161564674822326
112.0 -0.0023644547026972274
113.0 -0.002315814523890566
114.0 -0.0022722714666603117
115.0 -0.002234231273896851
116.0 -0.0021977572260819594
117.0 -0.002168064376431481
118.0 -0.002138371526781002
119.0 -0.002113312115441441
120.0 -0.0020890828635576363
121.0 -0.002066045430902974
122.0 -0.002044400191143834
123.0 -0.0020227638117672492
124.0 -0.002001456974435528
125.0 -0.0019801501371038066
126.0 -0.001958224570111431
127.0 -0.0019357760526099435
128.0 -0.0019133140776020664
129.0 -0.0018890772501143395
130.0 -0.0018648404226266123
131.0 -0.0018398250666440692
132.0 -0.0018137429705273385
133.0 -0.001787660874410608
134.0 -0.0017604290646849746
135.0 -0.0017328805947718394
136.0 -0.0017052450454589157
137.0 -0.0016767593409767276
138.0 -0.0016482736364945394
139.0 -0.0016196619026445933
140.0 -0.0015908134246750466
141.0 -0.0015619649467055
142.0 -0.0015332057127917745
143.0 -0.0015045205549563108
144.0 -0.0014758353971208468
145.0 -0.0014475790960255645
146.0 -0.0014195164763894865
147.0 -0.0013914538567534086
148.0 -0.0013641450750756228
149.0 -0.0013370569026995213
150.0 -0.00130996873032342
151.0 -0.0012838632673945688
152.0 -0.0012580043505336683
153.0 -0.0012321454336727676
154.0 -0.0012073478782508762
155.0 -0.001182876033174221
156.0 -0.0011584041880975655
157.0 -0.0011349192831205332
158.0 -0.0011119212924269014
159.0 -0.0010889233017332696
160.0 -0.0010666982876917658
161.0 -0.001045211349626288
162.0 -0.0010237244115608105
163.0 -0.0010026705114267193
164.0 -0.0009826785223212725
165.0 -0.0009626865332158255
166.0 -0.0009426984413329078
167.0 -0.0009241498981645826
168.0 -0.0009056013549962576
169.0 -0.0008870528118279324
170.0 -0.0008694097901306826
171.0 -0.0008522557914570855
172.0 -0.0008351017927834883
173.0 -0.0008182509140877529
174.0 -0.0008024251061298993
175.0 -0.0007865992981720455
176.0 -0.0007707734902141917
177.0 -0.0007558613294382208
178.0 -0.0007412735290815566
179.0 -0.0007266857287248925
180.0 -0.0007123051086968073
181.0 -0.0006988860445816964
182.0 -0.0006854669804665853
183.0 -0.0006720479163514745
184.0 -0.0006592437326104938
185.0 -0.0006469537018591503
186.0 -0.0006346636711078066
187.0 -0.000622373640356463
188.0 -0.0006109696604039276
189.0 -0.000599736260524596
190.0 -0.0005885028606452641
191.0 -0.0005773245773570764
192.0 -0.000567047238273039
193.0 -0.0005567698991890016
194.0 -0.0005464925601049642
195.0 -0.0005363835075598147
196.0 -0.0005269460996189044
197.0 -0.0005175086916779943
198.0 -0.000508071283737084
199.0 -0.0004988377857651858
200.0 -0.0004901694346215164
201.0 -0.00048150108347784704
202.0 -0.0004728327323341777
203.0 -0.0004643459686684685
204.0 -0.00045640271538255616
205.0 -0.0004484594620966438
206.0 -0.0004405162088107314
207.0 -0.00043267965718956687
208.0 -0.00042542650303437594
209.0 -0.000418173348879185
210.0 -0.0004109201947239941
211.0 -0.0004036670405688031
212.0 -0.00039705626599800575
213.0 -0.00039046124507569036
214.0 -0.0003838662241533751
215.0 -0.0003772712032310597
216.0 -0.0003710908969456792
217.0 -0.00036507744520864003
218.0 -0.0003590639934716008
219.0 -0.00035305054173456155
220.0 -0.0003472263097921799
221.0 -0.00034173267677150817
222.0 -0.0003362390437508365
223.0 -0.0003307454107301648
224.0 -0.0003252517777094931
225.0 -0.0003201870399693925
226.0 -0.0003151560427557866
227.0 -0.00031012504554218083
228.0 -0.00030509404832857503
229.0 -0.00030021325427020376
230.0 -0.00029555730126638223
231.0 -0.00029090134826256076
232.0 -0.0002862453952587392
233.0 -0.00028158944225491775
234.0 -0.0002771950189996775
235.0 -0.0002728732990335642
236.0 -0.00026855157906745096
237.0 -0.00026422985910133764
238.0 -0.00025993555517886294
239.0 -0.0002559990553235001
240.0 -0.0002520625554681372
241.0 -0.00024812605561277436
242.0 -0.0002441895557574115
243.0 -0.00024035332882793543
244.0 -0.0002367956639198868
245.0 -0.00023323799901183817
246.0 -0.00022968033410378954
247.0 -0.0002261226691957409
248.0 -0.0002226777766945277
249.0 -0.00021943240724979157
250.0 -0.00021618703780505543
251.0 -0.00021294166836031928
252.0 -0.00020969629891558314
253.0 -0.00020654093815166213
254.0 -0.00020354666025644075
255.0 -0.0002005523823612194
256.0 -0.00019755810446599802
257.0 -0.00019456382657077664
258.0 -0.0001916344118172437
259.0 -0.00018889472774561396
260.0 -0.0001861550436739842
261.0 -0.00018341535960235446
262.0 -0.00018067567553072474
263.0 -0.00017794884249983082
264.0 -0.00017547705028003583
265.0 -0.00017300525806024088
266.0 -0.0001705334658404459
267.0 -0.00016806167362065096
268.0 -0.00016558988140085598
269.0 -0.0001632854212149048
270.0 -0.00016104098645002625
271.0 -0.0001587965516851477
272.0 -0.00015655211692026914
273.0 -0.00015430768215539062
274.0 -0.00015213241514504518
275.0 -0.0001501063867641521
276.0 -0.000148080358383259
277.0 -0.0001460543300023659
278.0 -0.00014402830162147284
279.0 -0.00014200227324057975
280.0 -0.00014015163656278266
281.0 -0.0001383482084506605
282.0 -0.00013654478033853836
283.0 -0.00013474135222641624
284.0 -0.00013293792411429408
285.0 -0.0001311626675300334
286.0 -0.00012955028078610382
287.0 -0.0001279378940421742
288.0 -0.00012632550729824456
289.0 -0.00012471312055431494
290.0 -0.00012310073381038532
291.0 -0.00012154326270483548
292.0 -0.00012007058949132989
293.0 -0.00011859791627782432
294.0 -0.00011712524306431873
295.0 -0.00011565256985081314
296.0 -0.00011417989663730757
297.0 -0.00011276896721585053
298.0 -0.00011141448474701714
299.0 -0.00011006000227818377
