10.0 -0.011330592614108861
11.0 -0.027010158895449367
12.0 -0.037660533512273595
13.0 -0.04451461348558982
14.0 -0.048539293393776155
15.0 -0.05048251576117997
16.0 -0.05091679421966649
17.0 -0.0502754553461163
18.0 -0.04888331691511291
19.0 -0.04698266015001422
20.0 -0.04475381311981506
21.0 -0.042330446640479795
22.0 -0.03981081457771199
23.0 -0.0372662801611944
24.0 -0.034748001081866375
25.0 -0.03229216102183956
26.0 -0.029923897134538198
27.0 -0.027660113058377733
28.0 -0.025511492845121872
29.0 -0.02348402487406784
30.0 -0.021580201418255604
31.0 -0.019799940335847307
32.0 -0.018141263607194775
33.0 -0.01660080016620711
34.0 -0.015174182458367673
35.0 -0.013856371238133025
36.0 -0.012641907331463413
37.0 -0.011525085842295696
38.0 -0.010500074398545896
39.0 -0.009561012855495673
40.0 -0.008702111435999072
41.0 -0.007917731818164917
42.0 -0.007202431838444313
43.0 -0.00655098078190238
44.0 -0.005958371838507699
45.0 -0.005419846902194556
46.0 -0.004930923681977402
47.0 -0.004487407594787878
48.0 -0.004085386077867966
49.0 -0.003721218034311147
50.0 -0.003391528504952583
51.0 -0.003093205701329447
52.0 -0.002823391973086243
53.0 -0.0025794667809061014
54.0 -0.0023590277515441096
55.0 -0.002159875825387881
56.0 -0.001980004434104493
57.0 -0.00181758871277207
58.0 -0.0016709724242549818
59.0 -0.0015386539275121132
60.0 -0.00141927344028604
61.0 -0.0013116015858321188
62.0 -0.0012145269244364155
63.0 -0.0011270404767200121
64.0 -0.001048217768118626
65.0 -0.0009772012462305822
66.0 -0.0009131861099224999
67.0 -0.0008554107167696809
68.0 -0.0008031504812595433
69.0 -0.0007557132387360586
70.0 -0.0007124348296417604
71.0 -0.0006726751788691448
72.0 -0.0006358160967334011
73.0 -0.0006012619074566286
74.0 -0.000568443346850351
75.0 -0.0005368247653859237
76.0 -0.0005059147209940252
77.0 -0.0004752800210835435
78.0 -0.0004445626037398974
79.0 -0.00041349740095636195
80.0 -0.00038192819245103186
81.0 -0.0003498181244503882
82.0 -0.000317252172443648
83.0 -0.0002844299957088724
84.0 -0.0002516489260190022
85.0 -0.00021927807806308323
86.0 -0.00018772577450607638
87.0 -0.00015740356336429475
88.0 -0.00012869079739545415
89.0 -0.00010190376451135654
90.0 -7.727266338841897e-05
91.0 -5.4928553590969256e-05
92.0 -3.4901122069506315e-05
93.0 -1.7126929568923597e-05
94.0 -1.4667817880822802e-06
95.0 1.2270017724874307e-05
96.0 2.4297507074290314e-05
97.0 3.482442773881736e-05
98.0 4.402857696869215e-05
99.0 5.2037173055542244e-05
100.0 5.8915376196847966e-05
101.0 6.466394663334017e-05
102.0 6.922577961698587e-05
103.0 7.249993363984238e-05
104.0 7.436092633980303e-05
105.0 7.468060886660901e-05
106.0 7.334986449674107e-05
107.0 7.029766375985907e-05
108.0 6.550555896938111e-05
109.0 5.901641649587615e-05
110.0 5.09369673362861e-05
111.0 4.143450790509819e-05
112.0 3.0728706184738075e-05
113.0 1.907988012543507e-05
114.0 6.775271172181864e-06
115.0 -5.8852500307839404e-06
116.0 -1.8602867077962807e-05
117.0 -3.109204538366999e-05
118.0 -4.309078014148168e-05
119.0 -5.4368598801929426e-05
120.0 -6.473223765846886e-05
121.0 -7.402904256106457e-05
122.0 -8.214824118134046e-05
123.0 -8.902031057636432e-05
124.0 -9.46147196711016e-05
125.0 -9.893635898167955e-05
126.0 -0.0001020209815056727
127.0 -0.00010392997758499336
128.0 -0.00010474480204106758
129.0 -0.0001045613671866581
130.0 -0.00010348470436168713
131.0 -0.0001016241673818072
132.0 -9.908939335497873e-05
133.0 -9.598714845541654e-05
134.0 -9.241907948868595e-05
135.0 -8.84802870890898e-05
136.0 -8.425855622578413e-05
137.0 -7.983404133745761e-05
138.0 -7.527921163020793e-05
139.0 -7.065890808685736e-05
140.0 -6.603042903227352e-05
141.0 -6.144362448039665e-05
142.0 -5.694102430005905e-05
143.0 -5.2558043900282356e-05
144.0 -4.832330568019956e-05
145.0 -4.425909356571741e-05
146.0 -4.038193226243202e-05
147.0 -3.670326107516226e-05
148.0 -3.323015883425502e-05
149.0 -2.9966072167068864e-05
150.0 -2.6911502194782257e-05
151.0 -2.406461239050209e-05
152.0 -2.1421731264029484e-05
153.0 -1.8977737109270534e-05
154.0 -1.6726327738367873e-05
155.0 -1.4660194494071539e-05
156.0 -1.2771134035652383e-05
157.0 -1.1050139675553539e-05
158.0 -9.48751308956593e-06
159.0 -8.073025803719308e-06
160.0 -6.796139922521134e-06
161.0 -5.646274157370593e-06
162.0 -4.613081130023019e-06
163.0 -3.686691473923056e-06
164.0 -2.85788305356294e-06
165.0 -2.118149239828133e-06
166.0 -1.4596641807978411e-06
167.0 -8.751683499708581e-07
168.0 -3.578169250520382e-07
169.0 9.895875552748784e-08
170.0 5.015323298678267e-07
171.0 8.560794708502881e-07
172.0 1.1684885275559574e-06
173.0 1.4442067445462448e-06
174.0 1.6880619740587484e-06
175.0 1.9041068632311387e-06
176.0 2.095527327301526e-06
177.0 2.264641610777354e-06
178.0 2.4129949216326503e-06
179.0 2.541533300895058e-06
180.0 2.650824470535601e-06
181.0 2.7412864078035224e-06
182.0 2.8133871044726446e-06
183.0 2.8677894593022996e-06
184.0 2.9054297655288997e-06
185.0 2.9275325644393372e-06
186.0 2.935575368387551e-06
187.0 2.9312222241974494e-06
188.0 2.916245398198551e-06
189.0 2.892451000538211e-06
190.0 2.8616189693291464e-06
191.0 2.825462084489987e-06
192.0 2.7856035452046488e-06
193.0 2.7435685488448282e-06
194.0 2.7007824478768e-06
195.0 2.6585666937553023e-06
196.0 2.6181242938304844e-06
197.0 2.580509224599728e-06
198.0 2.5465790515483825e-06
199.0 2.5169360925625485e-06
200.0 2.491868327395601e-06
201.0 2.471305060200199e-06
202.0 2.4548025053059647e-06
203.0 2.4415702858061616e-06
204.0 2.430541866616207e-06
205.0 2.420481984774599e-06
206.0 2.4101147770910177e-06
207.0 2.3982501782621223e-06
208.0 2.3838851730263945e-06
209.0 2.3662612070955674e-06
210.0 2.3448685356750807e-06
211.0 2.3194002645426825e-06
212.0 2.2896703771142413e-06
213.0 2.2555182966394782e-06
214.0 2.216725494792229e-06
215.0 2.172966644800849e-06
216.0 2.1238096058105406e-06
217.0 2.0687671056123133e-06
218.0 2.0073910316221696e-06
219.0 1.939390433614139e-06
220.0 1.8647487733939151e-06
221.0 1.7838156842324552e-06
222.0 1.6973533907777983e-06
223.0 1.6065267745708637e-06
224.0 1.5128368882564705e-06
225.0 1.4180082639590582e-06
226.0 1.323848545360646e-06
227.0 1.2321032904320587e-06
228.0 1.1443285724023928e-06
229.0 1.0617995078577546e-06
230.0 9.854651621701585e-07
231.0 9.159511170493289e-07
232.0 8.536022629369512e-07
233.0 7.985518589533756e-07
234.0 7.507998008634713e-07
235.0 7.102837703086087e-07
236.0 6.769310471521391e-07
237.0 6.506850458892538e-07
238.0 6.315074415428144e-07
239.0 6.193624122805731e-07
240.0 6.141927680358031e-07
241.0 6.1589797664737e-07
242.0 6.243215738866071e-07
243.0 6.392510909502394e-07
244.0 6.604288120488454e-07
245.0 6.875677752486938e-07
246.0 7.203654977084341e-07
247.0 7.585083836053378e-07
248.0 8.01662417462717e-07
249.0 8.49449742901148e-07
250.0 9.014149448824262e-07
251.0 9.569881625427223e-07
252.0 1.015453724073885e-06
253.0 1.0759324639414761e-06
254.0 1.1373834398074143e-06
255.0 1.1986270432057036e-06
256.0 1.258387385735322e-06
257.0 1.3153482640335278e-06
258.0 1.3682147036915344e-06
259.0 1.4157714671944404e-06
260.0 1.4569310075608158e-06
261.0 1.4907658220561546e-06
262.0 1.5165234162353856e-06
263.0 1.5336254212427722e-06
264.0 1.5416551491647437e-06
265.0 1.540339523739895e-06
266.0 1.5295316426527612e-06
267.0 1.5091992511449248e-06
268.0 1.4794224257994825e-06
269.0 1.4404012493892205e-06
270.0 1.392471739372957e-06
271.0 1.3361262682663605e-06
272.0 1.272033539386985e-06
273.0 1.201053013974267e-06
274.0 1.1242394697844303e-06
275.0 1.0428348707901448e-06
276.0 9.582465925575044e-07
277.0 8.720129004561845e-07
278.0 7.857580945769721e-07
279.0 7.011407086104127e-07
280.0 6.197985146377594e-07
281.0 5.432939098870361e-07
282.0 4.730627060661932e-07
283.0 4.10368606025376e-07
284.0 3.562649173963833e-07
285.0 3.115644416357351e-07
286.0 2.7681803772935925e-07
287.0 2.52302072804756e-07
288.0 2.3801477505115593e-07
289.0 2.336813257028408e-07
290.0 2.38767313730148e-07
291.0 2.5249991293385564e-07
292.0 2.738958468162168e-07
293.0 3.0179492851075117e-07
294.0 3.3489775356460603e-07
295.0 3.7180602268962486e-07
296.0 4.1106399441087865e-07
297.0 4.5119970064336783e-07
298.0 4.907647663210862e-07
299.0 5.283719116320667e-07
