10.0 -0.0767638812006
11.0 -0.0917906774744
12.0 -0.101268850259
13.0 -0.106632397616
14.0 -0.108989418645
15.0 -0.109183803893
16.0 -0.107851270278
17.0 -0.105465384086
18.0 -0.102375459857
19.0 -0.0988376585352
20.0 -0.0950391158083
21.0 -0.0911156531408
22.0 -0.0871646533656
23.0 -0.0832546936086
24.0 -0.0794329823846
25.0 -0.0757311076949
26.0 -0.0721693255814
27.0 -0.0687596300611
28.0 -0.0655079511604
29.0 -0.0624158087962
30.0 -0.0594815998233
31.0 -0.0567015729478
32.0 -0.0540705328667
33.0 -0.0515823468591
34.0 -0.0492303284292
35.0 -0.0470075371076
36.0 -0.0449069969768
37.0 -0.0429218323586
38.0 -0.0410453444867
39.0 -0.0392710684388
40.0 -0.0375928289786
41.0 -0.0360047811998
42.0 -0.034501417545
43.0 -0.0330775485984
44.0 -0.0317282844152
45.0 -0.0304490317293
46.0 -0.0292354972024
47.0 -0.0280836792865
48.0 -0.0269898462495
49.0 -0.0259505128076
50.0 -0.0249624250943
51.0 -0.0240225506979
52.0 -0.0231280649123
53.0 -0.0222763308236
54.0 -0.0214648788846
55.0 -0.0206913916503
56.0 -0.0199536933894
57.0 -0.0192497404609
58.0 -0.0185776100768
59.0 -0.0179354887784
60.0 -0.0173216629109
61.0 -0.0167345111596
62.0 -0.0161724969226
63.0 -0.0156341585618
64.0 -0.0151180980284
65.0 -0.014622970646
66.0 -0.0141474790172
67.0 -0.0136903721778
68.0 -0.0132504488742
69.0 -0.0128265628331
70.0 -0.0124176285191
71.0 -0.0120226271781
72.0 -0.0116406136913
73.0 -0.0112707244517
74.0 -0.010912185728
75.0 -0.010564321621
76.0 -0.010226560985
77.0 -0.00989844305443
78.0 -0.00957962138144
79.0 -0.00926986504561
80.0 -0.00896905554078
81.0 -0.00867717784474
82.0 -0.00839430499132
83.0 -0.00812057655649
84.0 -0.00785617239062
85.0 -0.00760128354292
86.0 -0.00735608272877
87.0 -0.00712069693132
88.0 -0.00689518467656
89.0 -0.00667952002577
90.0 -0.00647358444064
91.0 -0.0062771666678
92.0 -0.00608996997583
93.0 -0.00591162559706
94.0 -0.00574171099968
95.0 -0.00557977146866
96.0 -0.00542534330226
97.0 -0.00527797676005
98.0 -0.00513725683427
99.0 -0.00500282005023
100.0 -0.0048743658595
101.0 -0.00475166173333
102.0 -0.00463454171311
103.0 -0.00452289883751
104.0 -0.00441667245182
105.0 -0.00431583184437
106.0 -0.00422035791099
107.0 -0.00413022461628
108.0 -0.004045381913
109.0 -0.00396574151893
110.0 -0.00389116655973
111.0 -0.00382146561235
112.0 -0.00375639119497
113.0 -0.00369564232751
114.0 -0.00363887049454
115.0 -0.00358568820252
116.0 -0.00353567931072
117.0 -0.00348841037469
118.0 -0.00344344232231
119.0 -0.00340034185719
120.0 -0.00335869205335
121.0 -0.00331810168636
122.0 -0.00327821294968
123.0 -0.00323870732987
124.0 -0.00319930954459
125.0 -0.00315978956601
126.0 -0.00311996285017
127.0 -0.00307968897008
128.0 -0.0030388689131
129.0 -0.00299744135272
130.0 -0.00295537823807
131.0 -0.00291268005042
132.0 -0.00286937104694
133.0 -0.00282549474718
134.0 -0.00278110982764
135.0 -0.00273628649364
136.0 -0.00269110331664
137.0 -0.00264564447549
138.0 -0.00259999732768
139.0 -0.00255425025488
140.0 -0.00250849076096
141.0 -0.00246280383357
142.0 -0.0024172705985
143.0 -0.00237196729497
144.0 -0.00232696458184
145.0 -0.00228232715846
146.0 -0.00223811365857
147.0 -0.0021943767578
148.0 -0.00215116342836
149.0 -0.00210851527627
150.0 -0.00206646890537
151.0 -0.0020250562636
152.0 -0.00198430494059
153.0 -0.00194423839938
154.0 -0.00190487614057
155.0 -0.00186623381248
156.0 -0.00182832329452
157.0 -0.00179115278979
158.0 -0.00175472696383
159.0 -0.00171904715769
160.0 -0.00168411168677
161.0 -0.00164991621612
162.0 -0.00161645418355
163.0 -0.00158371723039
164.0 -0.00155169559844
165.0 -0.00152037846215
166.0 -0.00148975418299
167.0 -0.00145981049272
168.0 -0.00143053462933
169.0 -0.00140191345636
170.0 -0.00137393359457
171.0 -0.00134658158282
172.0 -0.0013198440682
173.0 -0.00129370800891
174.0 -0.00126816086076
175.0 -0.00124319071467
176.0 -0.00121878635792
177.0 -0.00119493724507
178.0 -0.00117163338134
179.0 -0.00114886513816
180.0 -0.00112662303206
181.0 -0.00110489750239
182.0 -0.00108367871993
183.0 -0.00106295644852
184.0 -0.00104271996982
185.0 -0.00102295806927
186.0 -0.001003659073
187.0 -0.000984810921352
188.0 -0.000966401264748
189.0 -0.00094841757003
190.0 -0.000930847229072
191.0 -0.00091367766477
192.0 -0.000896896432228
193.0 -0.000880491314857
194.0 -0.000864450416613
195.0 -0.000848762252374
196.0 -0.00083341583844
197.0 -0.000818400783711
198.0 -0.000803707379178
199.0 -0.000789326679391
200.0 -0.000775250565564
201.0 -0.000761471777467
202.0 -0.000747983901662
203.0 -0.000734781307541
204.0 -0.000721859029867
205.0 -0.000709212605557
206.0 -0.000696837881242
207.0 -0.000684730814323
208.0 -0.000672887292143
209.0 -0.000661302990828
210.0 -0.00064997328784
211.0 -0.000638893232112
212.0 -0.000628057565135
213.0 -0.000617460777874
214.0 -0.000607097183729
215.0 -0.000596960987768
216.0 -0.000587046336693
217.0 -0.000577347341241
218.0 -0.000567858071102
219.0 -0.000558572529846
220.0 -0.000549484622408
221.0 -0.000540588129258
222.0 -0.000531876699643
223.0 -0.000523343871722
224.0 -0.000514983121335
225.0 -0.00050678793499
226.0 -0.000498751897708
227.0 -0.00049086878363
228.0 -0.000483132637285
229.0 -0.0004755378359
230.0 -0.000468079127551
231.0 -0.000460751645123
232.0 -0.000453550900844
233.0 -0.000446472769454
234.0 -0.000439513469037
235.0 -0.000432669547199
236.0 -0.000425937876789
237.0 -0.000419315660904
238.0 -0.000412800442524
239.0 -0.000406390111156
240.0 -0.000400082897977
241.0 -0.000393877352638
242.0 -0.000387772298619
243.0 -0.000381766768894
244.0 -0.00037585992856
245.0 -0.000370050994621
246.0 -0.000364339164628
247.0 -0.000358723564805
248.0 -0.000353203225105
249.0 -0.000347777083931
250.0 -0.000342444020219
251.0 -0.000337202906163
252.0 -0.000332052670917
253.0 -0.000326992364635
254.0 -0.000322021213064
255.0 -0.000317138655249
256.0 -0.000312344360138
257.0 -0.000307638221143
258.0 -0.000303020330538
259.0 -0.000298490937506
260.0 -0.00029405039445
261.0 -0.000289699096169
262.0 -0.000285437415663
263.0 -0.000281265639347
264.0 -0.000277183903441
265.0 -0.00027319213267
266.0 -0.000269289982242
267.0 -0.000265476784392
268.0 -0.000261751501338
269.0 -0.000258112687168
270.0 -0.00025455846162
271.0 -0.000251086498723
272.0 -0.000247694032773
273.0 -0.000244377883056
274.0 -0.000241134497306
275.0 -0.000237960012327
276.0 -0.000234850328719
277.0 -0.000231801195562
278.0 -0.000228808300366
279.0 -0.000225867359607
280.0 -0.00022297420574
281.0 -0.000220124867504
282.0 -0.000217315641403
283.0 -0.000214543153256
284.0 -0.000211804409504
285.0 -0.000209096838393
286.0 -0.000206418321308
287.0 -0.000203767214425
288.0 -0.000201142360608
289.0 -0.000198543091226
290.0 -0.000195969217469
291.0 -0.000193421010703
292.0 -0.000190899171648
293.0 -0.000188404788454
294.0 -0.000185939284193
295.0 -0.000183504354754
296.0 -0.000181101898547
297.0 -0.000178733939863
298.0 -0.000176402548077
299.0 -0.000174109755134
