10.0 0.0503674134573
11.0 0.0285108192153
12.0 0.0115229178711
13.0 -0.0014399356326
14.0 -0.0111286891583
15.0 -0.0181891988409
16.0 -0.0231638182307
17.0 -0.026499163466
18.0 -0.0285577394591
19.0 -0.0296313628667
20.0 -0.0299538328621
21.0 -0.029711552108
22.0 -0.0290522040202
23.0 -0.0280920210566
24.0 -0.0269219984343
25.0 -0.0256131279314
26.0 -0.0242206133445
27.0 -0.0227871292005
28.0 -0.0213453381964
29.0 -0.0199199078671
30.0 -0.0185291627944
31.0 -0.017186415751
32.0 -0.0159010139803
33.0 -0.0146791654633
34.0 -0.0135246119021
35.0 -0.0124391851796
36.0 -0.0114232536271
37.0 -0.0104760620612
38.0 -0.00959599138898
39.0 -0.00878077543447
40.0 -0.00802769351143
41.0 -0.00733372889854
42.0 -0.00669568023986
43.0 -0.00611023529952
44.0 -0.0055740325247
45.0 -0.00508372514659
46.0 -0.00463604034592
47.0 -0.0042278193652
48.0 -0.00385603734848
49.0 -0.00351781449678
50.0 -0.0032104278194
51.0 -0.00293132168576
52.0 -0.00267811066239
53.0 -0.00244857366251
54.0 -0.00224064518146
55.0 -0.00205240916394
56.0 -0.00188209566028
57.0 -0.00172807689856
58.0 -0.00158886072342
59.0 -0.00146308242071
60.0 -0.00134949670557
61.0 -0.00124696973272
62.0 -0.00115446913666
63.0 -0.00107105058098
64.0 -0.00099584168475
65.0 -0.000928026295406
66.0 -0.000866832146878
67.0 -0.000811523083041
68.0 -0.000761394815059
69.0 -0.00071577220995
70.0 -0.000674006772284
71.0 -0.000635474405183
72.0 -0.000599574519482
73.0 -0.000565731604611
74.0 -0.000533399898438
75.0 -0.0005020714602
76.0 -0.000471287905464
77.0 -0.000440655845067
78.0 -0.000409865218405
79.0 -0.000378708350959
80.0 -0.000347096375927
81.0 -0.000315069302206
82.0 -0.000282796638683
83.0 -0.000250566767626
84.0 -0.000218764778931
85.0 -0.000187840017023
86.0 -0.000158266084458
87.0 -0.00013049734216
88.0 -0.000104926744882
89.0 -8.18498714083e-05
90.0 -6.14392126876e-05
91.0 -4.37314082294e-05
92.0 -2.86285249806e-05
93.0 -1.59129183212e-05
94.0 -5.27381204383e-06
95.0 3.65747827244e-06
96.0 1.12676976975e-05
97.0 1.79217286914e-05
98.0 2.39271116295e-05
99.0 2.95068896266e-05
100.0 3.47834917478e-05
101.0 3.97748690696e-05
102.0 4.44025148015e-05
103.0 4.85095795007e-05
104.0 5.18862327718e-05
105.0 5.42988401148e-05
106.0 5.55194406857e-05
107.0 5.53523701026e-05
108.0 5.36555624536e-05
109.0 5.03549584517e-05
110.0 4.54514124781e-05
111.0 3.90204046854e-05
112.0 3.12056095523e-05
113.0 2.22078590927e-05
114.0 1.22712264977e-05
115.0 1.66786853414e-06
116.0 -9.31701538759e-06
117.0 -2.03991134921e-05
118.0 -3.13071773095e-05
119.0 -4.17930778484e-05
120.0 -5.16395740817e-05
121.0 -6.06657589188e-05
122.0 -6.87302445182e-05
123.0 -7.57322269022e-05
124.0 -8.16106354596e-05
125.0 -8.63416262246e-05
126.0 -8.99347200501e-05
127.0 -9.24279220861e-05
128.0 -9.3882190259e-05
129.0 -9.43756441757e-05
130.0 -9.39979106189e-05
131.0 -9.28449727609e-05
132.0 -9.10148174836e-05
133.0 -8.86040609858e-05
134.0 -8.57055939644e-05
135.0 -8.24071514022e-05
136.0 -7.87906075181e-05
137.0 -7.49317448282e-05
138.0 -7.09002536791e-05
139.0 -6.67597748255e-05
140.0 -6.25678804929e-05
141.0 -5.83759729835e-05
142.0 -5.42291429508e-05
143.0 -5.01660609178e-05
144.0 -4.62189756655e-05
145.0 -4.2413870443e-05
146.0 -3.87707947699e-05
147.0 -3.53043570035e-05
148.0 -3.20243380369e-05
149.0 -2.89363723262e-05
150.0 -2.60426386321e-05
151.0 -2.3342507762e-05
152.0 -2.08331064577e-05
153.0 -1.85097738044e-05
154.0 -1.63664071573e-05
155.0 -1.43957155625e-05
156.0 -1.25894157439e-05
157.0 -1.09384143367e-05
158.0 -9.4330167955e-06
159.0 -8.06318778888e-06
160.0 -6.81886324008e-06
161.0 -5.69028719887e-06
162.0 -4.66832567452e-06
163.0 -3.74470159172e-06
164.0 -2.91210369821e-06
165.0 -2.16414610866e-06
166.0 -1.49518802297e-06
167.0 -9.00055903126e-07
168.0 -3.73733786879e-07
169.0 8.89051698379e-08
170.0 4.93263519172e-07
171.0 8.45044252172e-07
172.0 1.15013328119e-06
173.0 1.41437133034e-06
174.0 1.64327176812e-06
175.0 1.8417510704e-06
176.0 2.01393226918e-06
177.0 2.16306145287e-06
178.0 2.29154908191e-06
179.0 2.40111916282e-06
180.0 2.49302729322e-06
181.0 2.56829798639e-06
182.0 2.62793378498e-06
183.0 2.67306130771e-06
184.0 2.70499794671e-06
185.0 2.72524205763e-06
186.0 2.73540460389e-06
187.0 2.73710869529e-06
188.0 2.73188486281e-06
189.0 2.72108553566e-06
190.0 2.7058342096e-06
191.0 2.68701543723e-06
192.0 2.66530278849e-06
193.0 2.6412145302e-06
194.0 2.61518177458e-06
195.0 2.58761187126e-06
196.0 2.55893129517e-06
197.0 2.5295972475e-06
198.0 2.50007498327e-06
199.0 2.47078700568e-06
200.0 2.44204853756e-06
201.0 2.41400873462e-06
202.0 2.3866171399e-06
203.0 2.35962932882e-06
204.0 2.33265559146e-06
205.0 2.30524433916e-06
206.0 2.27698103583e-06
207.0 2.24757706167e-06
208.0 2.21692316946e-06
209.0 2.18508948734e-06
210.0 2.15226681824e-06
211.0 2.1186591767e-06
212.0 2.08435122561e-06
213.0 2.04918293316e-06
214.0 2.01266497855e-06
215.0 1.97396162962e-06
216.0 1.9319543835e-06
217.0 1.88538257459e-06
218.0 1.83304022817e-06
219.0 1.77399541944e-06
220.0 1.70779211295e-06
221.0 1.63459621884e-06
222.0 1.55525698866e-06
223.0 1.47126989663e-06
224.0 1.38464474362e-06
225.0 1.2976994079e-06
226.0 1.21281227733e-06
227.0 1.13217267435e-06
228.0 1.05756757689e-06
229.0 9.90235131194e-07
230.0 9.30802620162e-07
231.0 8.79311356989e-07
232.0 8.35316417737e-07
233.0 7.98037924889e-07
234.0 7.66534637707e-07
235.0 7.39870597163e-07
236.0 7.17250933247e-07
237.0 6.98112002114e-07
238.0 6.82161460857e-07
239.0 6.69373316488e-07
240.0 6.59949504431e-07
241.0 6.5426217376e-07
242.0 6.52789669651e-07
243.0 6.56055246946e-07
244.0 6.64572448537e-07
245.0 6.78796558934e-07
246.0 6.99078930567e-07
247.0 7.25620890193e-07
248.0 7.58426142948e-07
249.0 7.97254176369e-07
250.0 8.41580809902e-07
251.0 8.90574429075e-07
252.0 9.43096655736e-07
253.0 9.97733921423e-07
254.0 1.05286199438e-06
255.0 1.1067398894e-06
256.0 1.15762400503e-06
257.0 1.20388903179e-06
258.0 1.24414012226e-06
259.0 1.27730148493e-06
260.0 1.30266986524e-06
261.0 1.31992668833e-06
262.0 1.32910896373e-06
263.0 1.33054523667e-06
264.0 1.32476783132e-06
265.0 1.31241555837e-06
266.0 1.29414155303e-06
267.0 1.27053902766e-06
268.0 1.24209393781e-06
269.0 1.20916864698e-06
270.0 1.17201554024e-06
271.0 1.13081504911e-06
272.0 1.08572938028e-06
273.0 1.03696176025e-06
274.0 9.84811254027e-07
275.0 9.29714921315e-07
276.0 8.72271759248e-07
277.0 8.13245972703e-07
278.0 7.53550067144e-07
279.0 6.94210656887e-07
280.0 6.36321487598e-07
281.0 5.80988937957e-07
282.0 5.29275296504e-07
283.0 4.82144600554e-07
284.0 4.40414992705e-07
285.0 4.04720581907e-07
286.0 3.75484813945e-07
287.0 3.52906418094e-07
288.0 3.36958115613e-07
289.0 3.27397447146e-07
290.0 3.23788306741e-07
291.0 3.25531092353e-07
292.0 3.31898853056e-07
293.0 3.42076498875e-07
294.0 3.55200094845e-07
295.0 3.70393509234e-07
296.0 3.86800204699e-07
297.0 4.03608684044e-07
298.0 4.20070930455e-07
299.0 4.35514002859e-07
