10.0 0.07815616922743836
11.0 0.059647618375926394
12.0 0.04276360797784154
13.0 0.02807968457787609
14.0 0.01575966337445261
15.0 0.005714950997271865
16.0 -0.0022626408767669323
17.0 -0.008416892449829766
18.0 -0.01303787183967983
19.0 -0.016373900701826594
20.0 -0.018688770566962377
21.0 -0.02015581927257863
22.0 -0.020974533175544742
23.0 -0.021259360280330236
24.0 -0.021147306865866775
25.0 -0.02073570742470703
26.0 -0.020101987902516227
27.0 -0.01930938641649625
28.0 -0.018408371099848584
29.0 -0.017435660347190456
30.0 -0.016427798096908697
31.0 -0.015407592418017528
32.0 -0.014393839479475716
33.0 -0.013400387021275188
34.0 -0.012438243408018388
35.0 -0.011514042998271207
36.0 -0.010635411080946282
37.0 -0.009800227298396767
38.0 -0.009018627267492479
39.0 -0.008285163533845423
40.0 -0.007598677387043767
41.0 -0.0069613680283228925
42.0 -0.006373906363691541
43.0 -0.005830126195161203
44.0 -0.0053283475302816465
45.0 -0.004866653915789872
46.0 -0.004442960058658632
47.0 -0.004055066245193995
48.0 -0.003700701487036402
49.0 -0.003377565457025988
50.0 -0.0030834420759661973
51.0 -0.0028158967704798882
52.0 -0.002572982315524431
53.0 -0.0023525651759930782
54.0 -0.002152681616963158
55.0 -0.0019714915469621523
56.0 -0.0018072947401304314
57.0 -0.0016585310631727038
58.0 -0.0015237717244518745
59.0 -0.001401711417286926
60.0 -0.001291162334463835
61.0 -0.0011918469135669672
62.0 -0.0011036484043936976
63.0 -0.0010237989932160548
64.0 -0.000951484952915376
65.0 -0.0008859778617910405
66.0 -0.0008278118305843612
67.0 -0.0007761740670397262
68.0 -0.0007291446146451263
69.0 -0.0006862407541354039
70.0 -0.0006481978666128287
71.0 -0.0006136548404965442
72.0 -0.0005814116665687116
73.0 -0.0005514714475724714
74.0 -0.0005235203411554893
75.0 -0.0004961960674872771
76.0 -0.0004694125282592371
77.0 -0.0004422370314287172
78.0 -0.00041439870559223504
79.0 -0.000385494975214591
80.0 -0.0003545253093945273
81.0 -0.0003224783622276582
82.0 -0.0002881895207187882
83.0 -0.00025272130550643994
84.0 -0.00021635680333685582
85.0 -0.00017980745914823406
86.0 -0.0001437826532305861
87.0 -0.00010988097148030271
88.0 -7.873879607298056e-05
89.0 -5.069727549154385e-05
90.0 -2.8475045642038164e-05
91.0 -8.71500909967447e-06
92.0 3.1384678681716085e-06
93.0 1.3701675024330924e-05
94.0 1.782040441593726e-05
95.0 2.139106856436183e-05
96.0 2.2479273975083376e-05
97.0 2.381822164640537e-05
98.0 2.5851290654271485e-05
99.0 2.8888835391556592e-05
100.0 3.4149606873979395e-05
101.0 4.030489640491763e-05
102.0 4.838253085628657e-05
103.0 5.6489693058705404e-05
104.0 6.46714313120907e-05
105.0 7.215102119271335e-05
106.0 7.69672236147306e-05
107.0 8.124154357130051e-05
108.0 8.01486076671174e-05
109.0 7.905567176293427e-05
110.0 7.189855020053914e-05
111.0 6.429905509638453e-05
112.0 5.295165439554203e-05
113.0 4.020882039702046e-05
114.0 2.6213153012723827e-05
115.0 1.0864923752464656e-05
116.0 -4.456437890717878e-06
117.0 -1.9661466345348006e-05
118.0 -3.486649479997814e-05
119.0 -4.8077019868230536e-05
120.0 -6.0930195656178855e-05
121.0 -7.210389624995935e-05
122.0 -8.131576120931385e-05
123.0 -9.042283712126925e-05
124.0 -9.563251958070185e-05
125.0 -0.00010084220204013443
126.0 -0.00010406377733648036
127.0 -0.00010560500381617615
128.0 -0.00010712434027322277
129.0 -0.00010575669604757484
130.0 -0.00010438905182192688
131.0 -0.00010217779459984314
132.0 -9.88106184267994e-05
133.0 -9.54434422537557e-05
134.0 -9.118605680267288e-05
135.0 -8.668348521591538e-05
136.0 -8.214111881296031e-05
137.0 -7.721023608143144e-05
138.0 -7.227935334990258e-05
139.0 -6.738518139986153e-05
140.0 -6.255997005636657e-05
141.0 -5.773475871287161e-05
142.0 -5.314808721355961e-05
143.0 -4.875941317193202e-05
144.0 -4.437073913030444e-05
145.0 -4.0397789151950106e-05
146.0 -3.661258961717545e-05
147.0 -3.28273900824008e-05
148.0 -2.9570422414963688e-05
149.0 -2.64680408387401e-05
150.0 -2.3365659262516503e-05
151.0 -2.0798869544153e-05
152.0 -1.836645124854427e-05
153.0 -1.5934032952935543e-05
154.0 -1.3948849558184441e-05
155.0 -1.2100913503129204e-05
156.0 -1.0252977448073965e-05
157.0 -8.73840128006823e-06
158.0 -7.388290706863152e-06
159.0 -6.038180133658073e-06
160.0 -4.891758181911455e-06
161.0 -3.939828104757023e-06
162.0 -2.9878980276025915e-06
163.0 -2.123037520204432e-06
164.0 -1.4716921108657894e-06
165.0 -8.20346701527147e-07
166.0 -1.6960496034008876e-07
167.0 2.5815497646149237e-07
168.0 6.859149132630734e-07
169.0 1.1136748500646545e-06
170.0 1.4328580073441365e-06
171.0 1.6934047360944162e-06
172.0 1.953951464844696e-06
173.0 2.1873772878197016e-06
174.0 2.3290874571740115e-06
175.0 2.4707976265283213e-06
176.0 2.6125077958826316e-06
177.0 2.7123590356848865e-06
178.0 2.7973496375839338e-06
179.0 2.8823402394829806e-06
180.0 2.959367509967925e-06
181.0 2.99943572907606e-06
182.0 3.0395039481841947e-06
183.0 3.0795721672923293e-06
184.0 3.099457504863518e-06
185.0 3.1024662444519026e-06
186.0 3.105474984040287e-06
187.0 3.1084837236286716e-06
188.0 3.0698512264566206e-06
189.0 3.023202072424223e-06
190.0 2.976552918391825e-06
191.0 2.9284777301395016e-06
192.0 2.8570923690573224e-06
193.0 2.785707007975143e-06
194.0 2.714321646892964e-06
195.0 2.6472984601891695e-06
196.0 2.5976850491177753e-06
197.0 2.548071638046381e-06
198.0 2.498458226974987e-06
199.0 2.4536731027509967e-06
200.0 2.422269820576273e-06
201.0 2.3908665384015485e-06
202.0 2.359463256226824e-06
203.0 2.3283935331008187e-06
204.0 2.298322187215855e-06
205.0 2.268250841330892e-06
206.0 2.2381794954459284e-06
207.0 2.205752507660634e-06
208.0 2.160445912807889e-06
209.0 2.1151393179551437e-06
210.0 2.069832723102399e-06
211.0 2.024526128249654e-06
212.0 1.9748960480516173e-06
213.0 1.9251599391596414e-06
214.0 1.8754238302676653e-06
215.0 1.8256877213756892e-06
216.0 1.7775746099982313e-06
217.0 1.7301144886363792e-06
218.0 1.682654367274527e-06
219.0 1.6351942459126746e-06
220.0 1.5833464449970207e-06
221.0 1.5238326272572748e-06
222.0 1.4643188095175287e-06
223.0 1.4048049917777828e-06
224.0 1.3452911740380369e-06
225.0 1.2804136140440498e-06
226.0 1.215114096766225e-06
227.0 1.1498145794884e-06
228.0 1.0845150622105753e-06
229.0 1.0258692821561816e-06
230.0 9.771835677986624e-07
231.0 9.284978534411432e-07
232.0 8.798121390836238e-07
233.0 8.311264247261046e-07
234.0 8.166289727761645e-07
235.0 8.116355988137281e-07
236.0 8.066422248512917e-07
237.0 8.016488508888555e-07
238.0 7.971459414525657e-07
239.0 7.990440359154125e-07
240.0 8.009421303782592e-07
241.0 8.028402248411059e-07
242.0 8.047383193039527e-07
243.0 8.006274705740421e-07
244.0 7.798235479399475e-07
245.0 7.590196253058527e-07
246.0 7.382157026717581e-07
247.0 7.174117800376634e-07
248.0 7.08279594388769e-07
249.0 7.197976786333049e-07
250.0 7.313157628778407e-07
251.0 7.428338471223765e-07
252.0 7.543519313669124e-07
253.0 7.783957984514141e-07
254.0 8.248562704044442e-07
255.0 8.71316742357474e-07
256.0 9.177772143105041e-07
257.0 9.642376862635341e-07
258.0 1.0054562363649545e-06
259.0 1.0313416807687434e-06
260.0 1.0572271251725322e-06
261.0 1.0831125695763208e-06
262.0 1.1089980139801096e-06
263.0 1.1332449813247753e-06
264.0 1.1249748532281699e-06
265.0 1.1167047251315643e-06
266.0 1.1084345970349588e-06
267.0 1.1001644689383532e-06
268.0 1.0918943408417478e-06
269.0 1.0738383935748478e-06
270.0 1.0522720729338578e-06
271.0 1.0307057522928683e-06
272.0 1.0091394316518785e-06
273.0 9.875731110108885e-07
274.0 9.65763159306167e-07
275.0 9.43427541179444e-07
276.0 9.210919230527209e-07
277.0 8.987563049259978e-07
278.0 8.764206867992748e-07
279.0 8.540850686725516e-07
280.0 8.244597472076149e-07
281.0 7.928723235866579e-07
282.0 7.612848999657009e-07
283.0 7.296974763447437e-07
284.0 6.981100527237868e-07
285.0 6.662159816590948e-07
286.0 6.325490702839818e-07
287.0 5.988821589088686e-07
288.0 5.652152475337554e-07
289.0 5.315483361586423e-07
290.0 4.978814247835292e-07
291.0 4.6947713728993814e-07
292.0 4.4919912174622476e-07
293.0 4.2892110620251144e-07
294.0 4.0864309065879806e-07
295.0 3.883650751150847e-07
296.0 3.680870595713713e-07
297.0 3.498548579097484e-07
298.0 3.334929650750978e-07
299.0 3.1713107224044725e-07
