10.0 -0.2709759996944142
11.0 -0.24365381577646553
12.0 -0.21982342922257148
13.0 -0.1988488850469785
14.0 -0.180246911423871
15.0 -0.16364183546847727
16.0 -0.14873683786091133
17.0 -0.1352966758301634
18.0 -0.12313410567547559
19.0 -0.11209734787966703
20.0 -0.10206041649601076
21.0 -0.09291703396816549
22.0 -0.08457686714411689
23.0 -0.07696269353056179
24.0 -0.07000783369044813
25.0 -0.06365385178676143
26.0 -0.05784879517702663
27.0 -0.05254606528350598
28.0 -0.04770369694351737
29.0 -0.04328375508790805
30.0 -0.03925175268929663
31.0 -0.03557615749839856
32.0 -0.032228033059574716
33.0 -0.029180770750993183
34.0 -0.026409846701755484
35.0 -0.023892583506624827
36.0 -0.021607948588568963
37.0 -0.019536421447227052
38.0 -0.01765991114961305
39.0 -0.01596167020611103
40.0 -0.014426181042772358
41.0 -0.01303904700037549
42.0 -0.01178692734610575
43.0 -0.010657508975717737
44.0 -0.009639470828028877
45.0 -0.008722415520030918
46.0 -0.007896787236422075
47.0 -0.007153808839716934
48.0 -0.006485444333551879
49.0 -0.0058843654473667755
50.0 -0.005343905235296562
51.0 -0.004858004498316438
52.0 -0.0044211667376172934
53.0 -0.004028425675562492
54.0 -0.0036753150048718353
55.0 -0.003357830149028361
56.0 -0.00307238273326255
57.0 -0.0028157555795334213
58.0 -0.002585063144644156
59.0 -0.002377715824539707
60.0 -0.0021913847360940045
61.0 -0.0020239672246117365
62.0 -0.0018735569995081524
63.0 -0.0017384220654783913
64.0 -0.0016169892663232563
65.0 -0.0015078304529806367
66.0 -0.0014096452583640178
67.0 -0.0013212389981159729
68.0 -0.0012414984125451846
69.0 -0.0011693698852260714
70.0 -0.0011038436664154315
71.0 -0.001043945082637455
72.0 -0.0009887319215906968
73.0 -0.0009372970127669922
74.0 -0.0008887756014634577
75.0 -0.0008423570781563653
76.0 -0.0007972996489091308
77.0 -0.0007529455522407905
78.0 -0.0007087345141937566
79.0 -0.0006642143158483017
80.0 -0.0006190486177996562
81.0 -0.0005730225467412595
82.0 -0.000526045924437512
83.0 -0.00047815315616937055
84.0 -0.00042949844346796363
85.0 -0.0003803452956892905
86.0 -0.00033104996886810774
87.0 -0.0002820391831951322
88.0 -0.00023378327619456098
89.0 -0.00018676691645187993
90.0 -0.00014146044397040527
91.0 -9.829534864258715e-05
92.0 -5.764693756876148e-05
93.0 -1.9825875388922006e-05
94.0 1.4921539569713357e-05
95.0 4.6406153110748116e-05
96.0 7.448460422162093e-05
97.0 9.904693275481189e-05
98.0 0.0001200058730642718
99.0 0.00013728980150406474
100.0 0.00015084036896680385
101.0 0.00016061491357729414
102.0 0.00016659294706873544
103.0 0.00016878542851179917
104.0 0.0001672452178869665
105.0 0.00016207703514377044
106.0 0.000153445409261042
107.0 0.00014157944136767412
108.0 0.0001267736595870262
109.0 0.0001093847225726351
110.0 8.982414532019377e-05
111.0 6.854752275726587e-05
112.0 4.60409204629994e-05
113.0 2.280523854976387e-05
114.0 -6.605152968379876e-07
115.0 -2.3875977520375508e-05
116.0 -4.6395055531350764e-05
117.0 -6.781931368450168e-05
118.0 -8.780819937454697e-05
119.0 -0.00010608553889558652
120.0 -0.0001224421642889305
121.0 -0.00013673495244254005
122.0 -0.00014888288592132656
123.0 -0.0001588609403664339
124.0 -0.00016669266468810279
125.0 -0.00017244226990602762
126.0 -0.0001762069078169887
127.0 -0.00017810962641394402
128.0 -0.0001782932603228055
129.0 -0.00017691528357616077
130.0 -0.00017414345852887422
131.0 -0.00017015199755151609
132.0 -0.00016511793766368042
133.0 -0.0001592175108993772
134.0 -0.00015262244491487997
135.0 -0.00014549629901416014
136.0 -0.0001379910762395459
137.0 -0.00013024441189739646
138.0 -0.00012237760827280863
139.0 -0.00011449467848667413
140.0 -0.00010668241503297773
141.0 -9.901135365622894e-05
142.0 -9.1537397066072e-05
143.0 -8.4303814858016e-05
144.0 -7.734334601801069e-05
145.0 -7.068018382515598e-05
146.0 -6.43316984041253e-05
147.0 -5.830982936990582e-05
148.0 -5.2622145848528166e-05
149.0 -4.727261690469118e-05
150.0 -4.226216104019204e-05
151.0 -3.758905096241398e-05
152.0 -3.324924223347454e-05
153.0 -2.923667498248085e-05
154.0 -2.55435707352082e-05
155.0 -2.216071737190775e-05
156.0 -1.9077711637978733e-05
157.0 -1.628311801946313e-05
158.0 -1.3764510264526659e-05
159.0 -1.1508387542263465e-05
160.0 -9.499995129296193e-06
161.0 -7.723118316042524e-06
162.0 -6.159944601770188e-06
163.0 -4.791092241858371e-06
164.0 -3.5958782638013713e-06
165.0 -2.552850089438949e-06
166.0 -1.6405435409467342e-06
167.0 -8.383723233226891e-07
168.0 -1.275157333705577e-07
169.0 5.083370118246656e-07
170.0 1.0825032185164883e-06
171.0 1.6051505597707282e-06
172.0 2.08347040048232e-06
173.0 2.522120231411306e-06
174.0 2.92382921631724e-06
175.0 3.290041935212547e-06
176.0 3.621485915907601e-06
177.0 3.918583726540412e-06
178.0 4.181679629650272e-06
179.0 4.4111006733842025e-06
180.0 4.607110152268113e-06
181.0 4.769829334132773e-06
182.0 4.899199024341431e-06
183.0 4.995029804482596e-06
184.0 5.0571568350754264e-06
185.0 5.0856816340877886e-06
186.0 5.081257536964724e-06
187.0 5.045362550699468e-06
188.0 4.980504012915268e-06
189.0 4.890311567265418e-06
190.0 4.77949434367294e-06
191.0 4.653660407487849e-06
192.0 4.5190176628143995e-06
193.0 4.381992576443944e-06
194.0 4.248814297881907e-06
195.0 4.125115620709288e-06
196.0 4.015598093441448e-06
197.0 3.92379678546869e-06
198.0 3.851962475319694e-06
199.0 3.801058581188717e-06
200.0 3.770851301962638e-06
201.0 3.7600585851204106e-06
202.0 3.7665199156370295e-06
203.0 3.787355459271043e-06
204.0 3.8190978967817474e-06
205.0 3.857798964211748e-06
206.0 3.899129545631484e-06
207.0 3.9385017424759066e-06
208.0 3.971240215742767e-06
209.0 3.992817869116114e-06
210.0 3.99915050561775e-06
211.0 3.98692190760756e-06
212.0 3.95389142236791e-06
213.0 3.899126466613296e-06
214.0 3.823105990854944e-06
215.0 3.72765819063461e-06
216.0 3.615723526863909e-06
217.0 3.4909666585957527e-06
218.0 3.357291144510171e-06
219.0 3.218332050726184e-06
220.0 3.0770091194197778e-06
221.0 2.9352150392219687e-06
222.0 2.7936910098941232e-06
223.0 2.6521094932799677e-06
224.0 2.5093479922260874e-06
225.0 2.3639047174532016e-06
226.0 2.2143831654700615e-06
227.0 2.0599621248538084e-06
228.0 1.9007720186100738e-06
229.0 1.7381165124390867e-06
230.0 1.574506216813897e-06
231.0 1.4135036315898376e-06
232.0 1.2594091835374002e-06
233.0 1.1168418481676405e-06
234.0 9.902806347116713e-07
235.0 8.836336863692254e-07
236.0 7.998909498113622e-07
237.0 7.408974789376581e-07
238.0 7.072619460545163e-07
239.0 6.983935606139685e-07
240.0 7.126442265559303e-07
241.0 7.475236591136661e-07
242.0 7.999536199849512e-07
243.0 8.665319188742734e-07
244.0 9.437847064772542e-07
245.0 1.028393876016506e-06
246.0 1.1173926666914018e-06
247.0 1.2083255425291422e-06
248.0 1.2993681952085962e-06
249.0 1.3894013604211417e-06
250.0 1.478029976461901e-06
251.0 1.5655389783106131e-06
252.0 1.6527800153917687e-06
253.0 1.740989886050475e-06
254.0 1.8315506577123488e-06
255.0 1.9257115456622297e-06
256.0 2.0243014523133188e-06
257.0 2.127466505704623e-06
258.0 2.2344674546662073e-06
259.0 2.343566796877957e-06
260.0 2.4520255270442845e-06
261.0 2.55621585865474e-06
262.0 2.651841329790817e-06
263.0 2.7342417417098764e-06
264.0 2.798749594546016e-06
265.0 2.8410586911264726e-06
266.0 2.8575651458030356e-06
267.0 2.8456459899962634e-06
268.0 2.803849881344548e-06
269.0 2.7319864421982222e-06
270.0 2.631113515475048e-06
271.0 2.503433224474901e-06
272.0 2.352116619890089e-06
273.0 2.181081945829229e-06
274.0 1.9947528944196586e-06
275.0 1.7978210263498369e-06
276.0 1.5950316815883531e-06
277.0 1.391006326599945e-06
278.0 1.1901075444764271e-06
279.0 9.963467617017609e-07
280.0 8.133300009059196e-07
281.0 6.442337836620298e-07
282.0 4.91801793772638e-07
283.0 3.5835283483706367e-07
284.0 2.457916416739904e-07
285.0 1.5561587820095284e-07
286.0 8.891486270327896e-08
287.0 4.635795933954186e-08
288.0 2.8172973881902384e-08
289.0 3.4117131943438445e-08
290.0 6.344514190073517e-08
291.0 1.1488028801684015e-07
292.0 1.8659529986521473e-07
293.0 2.7620977395508823e-07
294.0 3.808101208705023e-07
295.0 4.96996412391548e-07
296.0 6.209582505979958e-07
297.0 7.485791131634319e-07
298.0 8.755658476537366e-07
299.0 9.97597410856786e-07
