10.0 -0.15057509932750895
11.0 -0.13642845978020163
12.0 -0.12420330330496605
13.0 -0.11354943132929537
14.0 -0.10419702411793764
15.0 -0.09593299574476104
16.0 -0.08858631011897442
17.0 -0.0820194329579719
18.0 -0.0761216072739454
19.0 -0.07080247784991738
20.0 -0.06598706373741668
21.0 -0.06161250920212295
22.0 -0.0576259778407005
23.0 -0.05398298296028578
24.0 -0.05064583161457814
25.0 -0.04758220934763987
26.0 -0.044764068199259696
27.0 -0.042166875833681755
28.0 -0.03976910752339565
29.0 -0.037551822226014
30.0 -0.035498267779348065
31.0 -0.03359354817873048
32.0 -0.0318243741484803
33.0 -0.03017887075334583
34.0 -0.028646404104743138
35.0 -0.02721741482322782
36.0 -0.02588327459124759
37.0 -0.024636182773612906
38.0 -0.0234690928466657
39.0 -0.02237563950458109
40.0 -0.02135005367562804
41.0 -0.02038708285933472
42.0 -0.01948193826115014
43.0 -0.01863026481770559
44.0 -0.01782811030237855
45.0 -0.017071879636437623
46.0 -0.016358284562720798
47.0 -0.015684306322846817
48.0 -0.015047174412924752
49.0 -0.014444349652764798
50.0 -0.01387350201910351
51.0 -0.013332486092408412
52.0 -0.01281932233373031
53.0 -0.012332186111787071
54.0 -0.011869398648628
55.0 -0.011429414151942607
56.0 -0.011010803346955146
57.0 -0.010612237510414905
58.0 -0.010232475583902908
59.0 -0.009870353469363791
60.0 -0.00952477366865894
61.0 -0.009194695431537926
62.0 -0.008879127579481595
63.0 -0.008577125787327017
64.0 -0.00828779374560087
65.0 -0.008010285542007823
66.0 -0.007743806537888701
67.0 -0.007487611860314519
68.0 -0.00724100381255455
69.0 -0.007003330441619119
70.0 -0.006773986793677919
71.0 -0.006552418908594755
72.0 -0.00633812955692312
73.0 -0.006130684594154913
74.0 -0.005929719139486189
75.0 -0.00573494285669421
76.0 -0.005546143250528005
77.0 -0.005363185595000289
78.0 -0.005186008442883368
79.0 -0.005014614617175376
80.0 -0.0048490585740420655
81.0 -0.004689431474033991
82.0 -0.0045358451268537
83.0 -0.004388415561575863
84.0 -0.0042472467114741085
85.0 -0.004112414676774651
86.0 -0.00398395308993955
87.0 -0.0038618401442778775
88.0 -0.0037459879102922137
89.0 -0.0036362347435848433
90.0 -0.003532341819406227
91.0 -0.003433994882421279
92.0 -0.0033408119612607554
93.0 -0.0032523570567684953
94.0 -0.003168158892434878
95.0 -0.003087733023937123
96.0 -0.003010605160495049
97.0 -0.002936333503681301
98.0 -0.002864528179456496
99.0 -0.002794866302255873
100.0 -0.002727101756309582
101.0 -0.002661069329047795
102.0 -0.002596683328943873
103.0 -0.0025339312308464467
104.0 -0.002472863200389506
105.0 -0.0024135785529500573
106.0 -0.002356210303683756
107.0 -0.002300908967905342
108.0 -0.002247826689186398
109.0 -0.0021971026330670457
110.0 -0.00214885041943056
111.0 -0.0021031481964601285
112.0 -0.002060031780566273
113.0 -0.0020194910807102336
114.0 -0.0019814697796968683
115.0 -0.0019458679742944567
116.0 -0.0019125472256148561
117.0 -0.001881337297680915
118.0 -0.0018520438055746533
119.0 -0.0018244560590226786
120.0 -0.0017983545406842826
121.0 -0.0017735176498970098
122.0 -0.001749727524881294
123.0 -0.001726774900325224
124.0 -0.0017044630536415639
125.0 -0.001682610944858708
126.0 -0.0016610556682113114
127.0 -0.0016396543138725026
128.0 -0.0016182852936277674
129.0 -0.0015968491278907971
130.0 -0.0015752686424210097
131.0 -0.0015534885016312543
132.0 -0.0015314740250233303
133.0 -0.0015092092944484126
134.0 -0.0014866946481199815
135.0 -0.0014639437475368934
136.0 -0.0014409804685078743
137.0 -0.001417835887329123
138.0 -0.001394545601694153
139.0 -0.0013711475522123543
140.0 -0.0013476804148568559
141.0 -0.0013241825414292375
142.0 -0.0013006913543468464
143.0 -0.0012772430644945284
144.0 -0.0012538725767182637
145.0 -0.0012306134687947688
146.0 -0.0012074979646731839
147.0 -0.0011845568603087704
148.0 -0.0011618193926337286
149.0 -0.0011393130652401378
150.0 -0.0011170634573841843
151.0 -0.001095094046814362
152.0 -0.0010734260730782042
153.0 -0.0010520784579776375
154.0 -0.0010310677858324754
155.0 -0.0010104083312200039
156.0 -0.0009901121098309647
157.0 -0.0009701889230688976
158.0 -0.0009506463717830655
159.0 -0.0009314898291529162
160.0 -0.0009127223839515192
161.0 -0.0008943447870797498
162.0 -0.0008763554491439344
163.0 -0.0008587505389854967
164.0 -0.000841524219973394
165.0 -0.0008246690346469576
166.0 -0.0008081764152667233
167.0 -0.0007920372667159558
168.0 -0.0007762425475190876
169.0 -0.0007607837703159333
170.0 -0.0007456533563929517
171.0 -0.0007308448065908184
172.0 -0.000716352686177231
173.0 -0.0007021724554875675
174.0 -0.0006883002032842893
175.0 -0.0006747323504858842
176.0 -0.0006614653866500884
177.0 -0.0006484956829070202
178.0 -0.0006358193986534373
179.0 -0.0006234324724861375
180.0 -0.0006113306673194236
181.0 -0.0005995096298901891
182.0 -0.0005879649271099229
183.0 -0.0005766920338922659
184.0 -0.0005656862647484647
185.0 -0.0005549426593723545
186.0 -0.0005444558461494291
187.0 -0.0005342199143534787
188.0 -0.0005242283252166214
189.0 -0.0005144738853169759
190.0 -0.0005049487950606529
191.0 -0.0004956447728680643
192.0 -0.00048655324409786554
193.0 -0.0004776655743228761
194.0 -0.00046897332041599514
195.0 -0.00046046847075820565
196.0 -0.0004521436481122628
197.0 -0.0004439922551364522
198.0 -0.0004360085522073108
199.0 -0.00042818766843105986
200.0 -0.0004205255571126742
201.0 -0.00041301891412463945
202.0 -0.0004056650798114006
203.0 -0.00039846194176086
204.0 -0.0003914078479835957
205.0 -0.00038450153012791215
206.0 -0.000377742027413099
207.0 -0.0003711285969064671
208.0 -0.0003646605964664795
209.0 -0.0003583373333378733
210.0 -0.00035215788244606205
211.0 -0.00034612089094095675
212.0 -0.00034022439592894645
213.0 -0.00033446568742120675
214.0 -0.00032884124636914857
215.0 -0.0003233467780847034
216.0 -0.00031797734603487235
217.0 -0.00031272759309019865
218.0 -0.0003075920206311976
219.0 -0.0003025652841120348
220.0 -0.00029764245936219545
221.0 -0.00029281923810047926
222.0 -0.0002880920231018896
223.0 -0.00028345791088565107
224.0 -0.000278914569327779
225.0 -0.00027446003555034687
226.0 -0.0002700924725043114
227.0 -0.0002658099285650931
228.0 -0.0002616101423374104
229.0 -0.00025749042538677954
230.0 -0.0002534476407949363
231.0 -0.0002494782782132847
232.0 -0.0002455786097180744
233.0 -0.00024174489818892954
234.0 -0.0002379736231831625
235.0 -0.00023426168914771376
236.0 -0.00023060658673127742
237.0 -0.00022700648820932686
238.0 -0.00022346027018732347
239.0 -0.00021996746824963967
240.0 -0.00021652817697678214
241.0 -0.00021314291354682482
242.0 -0.00020981246381995123
243.0 -0.00020653772719648545
244.0 -0.0002033195720883017
245.0 -0.00020015870916994806
246.0 -0.00019705558600152266
247.0 -0.00019401030484169168
248.0 -0.00019102256545183496
249.0 -0.00018809163574851713
250.0 -0.00018521635424839994
251.0 -0.00018239516832601287
252.0 -0.0001796262106650778
253.0 -0.00017690741277616518
254.0 -0.00017423664952989683
255.0 -0.00017161190325605126
256.0 -0.00016903143127296993
257.0 -0.00016649391787916168
258.0 -0.0001639985916793907
259.0 -0.0001615452919386001
260.0 -0.00015913447318499454
261.0 -0.00015676714471921774
262.0 -0.0001544447498682303
263.0 -0.0001521689974516604
264.0 -0.00014994166381362866
265.0 -0.00014776438704141792
266.0 -0.00014563847522929745
267.0 -0.00014356474794774215
268.0 -0.00014154342500703656
269.0 -0.00013957407006165765
270.0 -0.00013765558965505472
271.0 -0.00013578628198945202
272.0 -0.00013396392485858324
273.0 -0.0001321858893159425
274.0 -0.00013044926490954144
275.0 -0.00012875098348891307
276.0 -0.0001270879312080932
277.0 -0.00012545704179188832
278.0 -0.00012385536776994473
279.0 -0.00012228012967615314
280.0 -0.00012072874578971824
281.0 -0.00011919884667965699
282.0 -0.00011768827960024528
283.0 -0.00011619510778875478
284.0 -0.0001147176091220925
285.0 -0.00011325427759021837
286.0 -0.00011180382981324248
287.0 -0.00011036521750121111
288.0 -0.00010893764543495807
289.0 -0.00010752059332162743
290.0 -0.00010611383883606436
291.0 -0.00010471747838863049
292.0 -0.00010333194174939124
293.0 -0.00010195799667631335
294.0 -0.00010059674017345005
295.0 -9.924957392214086e-05
296.0 -9.79181627047634e-05
297.0 -9.660437614359008e-05
298.0 -9.531021564106325e-05
299.0 -9.403772985598086e-05
