10.0 -0.1609930250891449
11.0 -0.1294256262055392
12.0 -0.10386835737501379
13.0 -0.08334824233268727
14.0 -0.06698832410556217
15.0 -0.054011948137086874
16.0 -0.0437481307344968
17.0 -0.035634207818500234
18.0 -0.029210737316028898
19.0 -0.02410930483650688
20.0 -0.02003816268447084
21.0 -0.016768928767801238
22.0 -0.014124860782746294
23.0 -0.011970424496772181
24.0 -0.010202073452934403
25.0 -0.008740455785309327
26.0 -0.00752430686434667
27.0 -0.006505989672494733
28.0 -0.005648284149485489
29.0 -0.0049219559800091975
30.0 -0.004303850041705532
31.0 -0.00377544536415291
32.0 -0.0033218150461292255
33.0 -0.0029308711769965388
34.0 -0.002592772592383834
35.0 -0.0022994353380203954
36.0 -0.002044149515289249
37.0 -0.0018213151371088022
38.0 -0.0016262647885633343
39.0 -0.0014551098683732223
40.0 -0.0013045801225379048
41.0 -0.00117188383471478
42.0 -0.001054624881368358
43.0 -0.0009507669010706622
44.0 -0.0008585987293375422
45.0 -0.0007766741071150271
46.0 -0.0007037434503390764
47.0 -0.000638709584807332
48.0 -0.000580612661668636
49.0 -0.0005286222257774076
50.0 -0.0004820186396097749
51.0 -0.0004401690736993837
52.0 -0.0004025132507244637
53.0 -0.0003685625199027169
54.0 -0.00033790150843632195
55.0 -0.00031018175354075874
56.0 -0.0002851076651466887
57.0 -0.0002624223178810614
58.0 -0.00024189772257113694
59.0 -0.00022332779199414553
60.0 -0.0002065204766077326
61.0 -0.00019128925986517753
62.0 -0.00017744792659719625
63.0 -0.00016481183312831393
64.0 -0.0001532045793570991
65.0 -0.00014246516589617222
66.0 -0.000132450646470755
67.0 -0.0001230327513014073
68.0 -0.00011409106390842071
69.0 -0.00010550715629199377
70.0 -9.716288526298922e-05
71.0 -8.894342561248055e-05
72.0 -8.074377056956857e-05
73.0 -7.247724899238195e-05
74.0 -6.408522823959254e-05
75.0 -5.5547244266427074e-05
76.0 -4.689000512334338e-05
77.0 -3.819298502961971e-05
78.0 -2.9588719823913585e-05
79.0 -2.1257432930041368e-05
80.0 -1.341721604881153e-05
81.0 -6.311616324778282e-06
82.0 -1.960191803241342e-07
83.0 4.676626902732009e-06
84.0 8.070690665912038e-06
85.0 9.783277990061669e-06
86.0 9.65989466141469e-06
87.0 7.6098267904992086e-06
88.0 3.620407890295769e-06
89.0 -2.2311882348149133e-06
90.0 -9.77061037578769e-06
91.0 -1.8725705289339295e-05
92.0 -2.8734385996088726e-05
93.0 -3.936152311200884e-05
94.0 -5.0123771992375924e-05
95.0 -6.0519833724915455e-05
96.0 -7.006284053024089e-05
97.0 -7.831144977234197e-05
98.0 -8.489668019951348e-05
99.0 -8.954230222692344e-05
100.0 -9.207750142460067e-05
101.0 -9.24414266829888e-05
102.0 -9.068001391231326e-05
103.0 -8.693608473527278e-05
104.0 -8.14341369089082e-05
105.0 -7.446147397617964e-05
106.0 -6.634737971127433e-05
107.0 -5.744194705691566e-05
108.0 -4.809595595310847e-05
109.0 -3.864291631338405e-05
110.0 -2.938411374375485e-05
111.0 -2.05772518439077e-05
112.0 -1.2429063964587686e-05
113.0 -5.092023528066807e-06
114.0 1.3350208315007299e-06
115.0 6.802807693911477e-06
116.0 1.1305069995233047e-05
117.0 1.4870441700460197e-05
118.0 1.755394307025873e-05
119.0 1.9428960363393493e-05
120.0 2.058034338353213e-05
121.0 2.1098912036002436e-05
122.0 2.107737135507621e-05
123.0 2.0607428796856937e-05
124.0 1.9777796976181922e-05
125.0 1.867273738639327e-05
126.0 1.7370839742391205e-05
127.0 1.5943823802276937e-05
128.0 1.4455280582410453e-05
129.0 1.2959413561131481e-05
130.0 1.1499963327495508e-05
131.0 1.0109564735816068e-05
132.0 8.809769425814157e-06
133.0 7.611867746987326e-06
134.0 6.518488816564358e-06
135.0 5.525791233851738e-06
136.0 4.625929627050463e-06
137.0 3.809430714856656e-06
138.0 3.0671491833700565e-06
139.0 2.3915832994464115e-06
140.0 1.7774774943254826e-06
141.0 1.2217821375413932e-06
142.0 7.231447600978616e-07
143.0 2.811542658991497e-07
144.0 -1.0444878914082995e-07
145.0 -4.3443175584149427e-07
146.0 -7.105034143391355e-07
147.0 -9.354934645996399e-07
148.0 -1.1133044124434521e-06
149.0 -1.2486975641961034e-06
150.0 -1.3469908767323302e-06
151.0 -1.4137458093228895e-06
152.0 -1.4545063056836345e-06
153.0 -1.4746288041966337e-06
154.0 -1.4792115872193165e-06
155.0 -1.4731002761077765e-06
156.0 -1.460920963459628e-06
157.0 -1.4470807636760505e-06
158.0 -1.4356826635387026e-06
159.0 -1.430327860214587e-06
160.0 -1.4338185093836221e-06
161.0 -1.4478158659952105e-06
162.0 -1.472539824617132e-06
163.0 -1.5066045842049636e-06
164.0 -1.5470664209582487e-06
165.0 -1.5897164708730083e-06
166.0 -1.6295948043938538e-06
167.0 -1.6616472449785316e-06
168.0 -1.6814085555113725e-06
169.0 -1.6855853613238903e-06
170.0 -1.672432426179768e-06
171.0 -1.6418613112001637e-06
172.0 -1.595279166010714e-06
173.0 -1.535212489173561e-06
174.0 -1.4648122038305178e-06
175.0 -1.3873529497484313e-06
176.0 -1.305828497014702e-06
177.0 -1.2227111652599014e-06
178.0 -1.1398961975453149e-06
179.0 -1.0588049294229567e-06
180.0 -9.805851264162134e-07
181.0 -9.063308047559586e-07
182.0 -8.372491300917104e-07
183.0 -7.747247288890846e-07
184.0 -7.202639961628055e-07
185.0 -6.753344613078939e-07
186.0 -6.411391346408081e-07
187.0 -6.183784563872802e-07
188.0 -6.070522776490585e-07
189.0 -6.063435614151632e-07
190.0 -6.146081755304217e-07
191.0 -6.29475428702948e-07
192.0 -6.480453282604098e-07
193.0 -6.671533995030314e-07
194.0 -6.836640127744773e-07
195.0 -6.947497030199676e-07
196.0 -6.981175929159462e-07
197.0 -6.921545482073459e-07
198.0 -6.759786316100196e-07
199.0 -6.494028587111212e-07
200.0 -6.128341742218573e-07
201.0 -5.671417549901233e-07
202.0 -5.135310590489152e-07
203.0 -4.5345251089657567e-07
204.0 -3.8855811664272625e-07
205.0 -3.2069987571570216e-07
206.0 -2.519462040784301e-07
207.0 -1.8458208502714735e-07
208.0 -1.2105886121324266e-07
209.0 -6.387107375515097e-08
210.0 -1.5357922778959218e-08
211.0 2.2549416156146424e-08
212.0 4.859260114839254e-08
213.0 6.240897287202815e-08
214.0 6.465876045225806e-08
215.0 5.701650955465828e-08
216.0 4.20107122366657e-08
217.0 2.272511752060044e-08
218.0 2.4035799990708724e-09
219.0 -1.5978719264692224e-08
220.0 -3.0105891215105605e-08
221.0 -3.860705495085012e-08
222.0 -4.118844924776953e-08
223.0 -3.8590598041066244e-08
224.0 -3.238040266364855e-08
225.0 -2.4617016643411544e-08
226.0 -1.7451644865633796e-08
227.0 -1.2731194809686263e-08
228.0 -1.1672524611708892e-08
229.0 -1.4658942761356687e-08
230.0 -2.11869157906316e-08
231.0 -2.996345454990173e-08
232.0 -3.912872410327829e-08
233.0 -4.6558851094279375e-08
234.0 -5.019397577636188e-08
235.0 -4.8337481476367586e-08
236.0 -3.9882927108964456e-08
237.0 -2.444248351078449e-08
238.0 -2.370463458133734e-09
239.0 2.530646488781169e-08
240.0 5.702802441322034e-08
241.0 9.087799802515753e-08
242.0 1.2477215942113567e-07
243.0 1.566345285871093e-07
244.0 1.8454931142675183e-07
245.0 2.0688475537912075e-07
246.0 2.2239120785801217e-07
247.0 2.3027769832849919e-07
248.0 2.3026957017481912e-07
249.0 2.226454545690426e-07
250.0 2.082472767574102e-07
251.0 1.8845410764826356e-07
252.0 1.6511101941191661e-07
253.0 1.4040817256290147e-07
254.0 1.1671254656402249e-07
255.0 9.63635026396525e-08
256.0 8.14517099221832e-08
257.0 7.360685948647627e-08
258.0 7.382151281510052e-08
259.0 8.233569174289919e-08
260.0 9.859969226775482e-08
261.0 1.2132225596164164e-07
262.0 1.4859944424801656e-07
263.0 1.7810836775858418e-07
264.0 2.0734121082447966e-07
265.0 2.3385014886758443e-07
266.0 2.554734432685933e-07
267.0 2.705170623993877e-07
268.0 2.7787373014934177e-07
269.0 2.770709244118096e-07
270.0 2.682493758428251e-07
271.0 2.520824615420253e-07
272.0 2.2965330516401625e-07
273.0 2.0230967350209534e-07
274.0 1.7151679070994982e-07
275.0 1.387254158062318e-07
276.0 1.0526778641198569e-07
277.0 7.228835207033911e-08
278.0 4.0710608469146457e-08
279.0 1.1236602055332252e-08
280.0 -1.562770281419441e-08
281.0 -3.952985095776966e-08
282.0 -6.02202109782731e-08
283.0 -7.750159207626649e-08
284.0 -9.118615094791574e-08
285.0 -1.0106474314830133e-07
286.0 -1.0689189281358845e-07
287.0 -1.0838759211560367e-07
288.0 -1.0525528947739408e-07
289.0 -9.721374290200968e-08
290.0 -8.403896574120535e-08
291.0 -6.561136484186805e-08
292.0 -4.1962473393570276e-08
293.0 -1.3315516153175226e-08
294.0 1.9885522136997137e-08
295.0 5.69626277216629e-08
296.0 9.700905856357798e-08
297.0 1.3891411334994106e-07
298.0 1.814062756627333e-07
299.0 2.2311176524667345e-07
