10.0 -0.175207175484
11.0 -0.158689038378
12.0 -0.14440445268
13.0 -0.131948845478
14.0 -0.121011084781
15.0 -0.111345683978
16.0 -0.102755525804
17.0 -0.0950818216562
18.0 -0.0881962771136
19.0 -0.0819937295416
20.0 -0.0763863993716
21.0 -0.071300234785
22.0 -0.0666725918311
23.0 -0.0624504131105
24.0 -0.0585885204596
25.0 -0.0550480486518
26.0 -0.0517952085139
27.0 -0.0488004485615
28.0 -0.046037880761
29.0 -0.04348478958
30.0 -0.0411211643609
31.0 -0.0389292970593
32.0 -0.0368934731101
33.0 -0.034999727244
34.0 -0.0332356218115
35.0 -0.0315900343939
36.0 -0.0300529743916
37.0 -0.0286154486576
38.0 -0.0272693642828
39.0 -0.0260074344869
40.0 -0.0248230725244
41.0 -0.0237102935941
42.0 -0.02266364946
43.0 -0.0216781909569
44.0 -0.0207494304075
45.0 -0.0198732875796
46.0 -0.0190460308261
47.0 -0.0182642337989
48.0 -0.0175247511994
49.0 -0.0168246997844
50.0 -0.0161614334416
51.0 -0.0155325156043
52.0 -0.0149356985347
53.0 -0.0143689116802
54.0 -0.013830252289
55.0 -0.0133179715859
56.0 -0.0128304567255
57.0 -0.012366213262
58.0 -0.0119238510899
59.0 -0.0115020727524
60.0 -0.0110996619067
61.0 -0.0107154720535
62.0 -0.010348417959
63.0 -0.00999747174219
64.0 -0.00966166285133
65.0 -0.00934007873912
66.0 -0.00903186299169
67.0 -0.00873620985344
68.0 -0.00845235668335
69.0 -0.0081795770402
70.0 -0.00791717635766
71.0 -0.00766449054643
72.0 -0.00742088674436
73.0 -0.00718576538212
74.0 -0.00695856319757
75.0 -0.00673875695905
76.0 -0.00652586723255
77.0 -0.00631946112215
78.0 -0.0061191531753
79.0 -0.00592460455892
80.0 -0.00573552150998
81.0 -0.0055516542856
82.0 -0.00537279731671
83.0 -0.00519879047486
84.0 -0.00502952078535
85.0 -0.00486492369547
86.0 -0.00470498299162
87.0 -0.00454972854281
88.0 -0.00439923130309
89.0 -0.00425359552741
90.0 -0.00411294885167
91.0 -0.00397743145477
92.0 -0.0038471856641
93.0 -0.00372234702456
94.0 -0.00360303723213
95.0 -0.00348935874981
96.0 -0.00338139059836
97.0 -0.00327918478485
98.0 -0.00318276300461
99.0 -0.00309211349793
100.0 -0.00300718816474
101.0 -0.00292790018673
102.0 -0.00285412246042
103.0 -0.00278568711339
104.0 -0.00272238628593
105.0 -0.00266397424175
106.0 -0.00261017075021
107.0 -0.00256066557313
108.0 -0.00251512380415
109.0 -0.00247319176686
110.0 -0.00243450319287
111.0 -0.00239868547045
112.0 -0.00236536584468
113.0 -0.00233417751224
114.0 -0.00230476554867
115.0 -0.00227679253326
116.0 -0.00224994363623
117.0 -0.00222393086454
118.0 -0.0021984961738
119.0 -0.00217341325205
120.0 -0.00214848793876
121.0 -0.00212355740861
122.0 -0.00209848838122
123.0 -0.0020731746905
124.0 -0.00204753456032
125.0 -0.00202150789669
126.0 -0.00199505383437
127.0 -0.001968148678
128.0 -0.00194078426572
129.0 -0.00191296667219
130.0 -0.00188471508104
131.0 -0.00185606061394
132.0 -0.00182704492034
133.0 -0.00179771840575
134.0 -0.0017681380879
135.0 -0.00173836518864
136.0 -0.00170846266092
137.0 -0.00167849288972
138.0 -0.0016485157858
139.0 -0.00161858742021
140.0 -0.00158875924972
141.0 -0.00155907788625
142.0 -0.00152958529013
143.0 -0.00150031923057
144.0 -0.00147131385719
145.0 -0.00144260025514
146.0 -0.00141420689914
147.0 -0.00138615996721
148.0 -0.00135848351261
149.0 -0.00133119951958
150.0 -0.00130432788285
151.0 -0.00127788635522
152.0 -0.00125189050175
153.0 -0.00122635368701
154.0 -0.00120128710432
155.0 -0.00117669983795
156.0 -0.00115259893425
157.0 -0.00112898945123
158.0 -0.00110587446116
159.0 -0.00108325499702
160.0 -0.00106112995807
161.0 -0.00103949601454
162.0 -0.00101834756838
163.0 -0.000997676829285
164.0 -0.000977474049781
165.0 -0.000957727932303
166.0 -0.000938426182811
167.0 -0.000919556149108
168.0 -0.000901105457994
169.0 -0.000883062560242
170.0 -0.00086541710793
171.0 -0.000848160120954
172.0 -0.000831283940693
173.0 -0.000814782008634
174.0 -0.000798648536974
175.0 -0.000782878150594
176.0 -0.000767465573405
177.0 -0.000752405410074
178.0 -0.000737692043039
179.0 -0.000723319633122
180.0 -0.000709282187744
181.0 -0.000695573649054
182.0 -0.000682187956652
183.0 -0.000669119053559
184.0 -0.000656360824629
185.0 -0.000643906977582
186.0 -0.000631750893018
187.0 -0.000619885478151
188.0 -0.000608303058727
189.0 -0.00059699533633
190.0 -0.000585953426372
191.0 -0.000575167978408
192.0 -0.000564629367382
193.0 -0.000554327933765
194.0 -0.000544254243592
195.0 -0.000534399336914
196.0 -0.000524754935733
197.0 -0.000515313589699
198.0 -0.000506068748855
199.0 -0.000497014765285
200.0 -0.000488146837243
201.0 -0.000479460917163
202.0 -0.000470953607136
203.0 -0.000462622061186
204.0 -0.00045446390434
205.0 -0.000446477166758
206.0 -0.000438660220657
207.0 -0.000431011701903
208.0 -0.000423530399004
209.0 -0.000416215100156
210.0 -0.000409064402053
211.0 -0.000402076498919
212.0 -0.000395248982552
213.0 -0.000388578690286
214.0 -0.000382061635442
215.0 -0.000375693043887
216.0 -0.000369467502605
217.0 -0.000363379205497
218.0 -0.000357422262301
219.0 -0.000351591022932
220.0 -0.000345880364598
221.0 -0.000340285894094
222.0 -0.000334804031726
223.0 -0.000329431963712
224.0 -0.000324167472803
225.0 -0.000319008677804
226.0 -0.00031395372793
227.0 -0.000309000504782
228.0 -0.00030414638214
229.0 -0.000299388082557
230.0 -0.000294721652247
231.0 -0.000290142555344
232.0 -0.000285645869241
233.0 -0.000281226547625
234.0 -0.000276879709595
235.0 -0.000272600912767
236.0 -0.000268386374822
237.0 -0.000264233119725
238.0 -0.000260139038877
239.0 -0.000256102870859
240.0 -0.000252124113776
241.0 -0.000248202890014
242.0 -0.000244339784351
243.0 -0.000240535673726
244.0 -0.000236791562186
245.0 -0.000233108429562
246.0 -0.0002294870986
247.0 -0.000225928123574
248.0 -0.000222431703634
249.0 -0.000218997625515
250.0 -0.000215625241565
251.0 -0.000212313489081
252.0 -0.000209060954933
253.0 -0.000205865985142
254.0 -0.000202726833139
255.0 -0.000199641833867
256.0 -0.000196609585188
257.0 -0.000193629114517
258.0 -0.000190700008241
259.0 -0.000187822484609
260.0 -0.000184997397147
261.0 -0.000182226164261
262.0 -0.000179510630258
263.0 -0.000176852871922
264.0 -0.000174254971738
265.0 -0.000171718782743
266.0 -0.000169245710336
267.0 -0.000166836533323
268.0 -0.000164491280605
269.0 -0.000162209172341
270.0 -0.0001599886263
271.0 -0.000157827322743
272.0 -0.000155722315509
273.0 -0.00015367017352
274.0 -0.000151667136064
275.0 -0.000149709266445
276.0 -0.000147792591665
277.0 -0.000145913219699
278.0 -0.000144067430234
279.0 -0.000142251738513
280.0 -0.000140462935034
281.0 -0.000138698105843
282.0 -0.000136954639147
283.0 -0.0001352302241
284.0 -0.00013352284699
285.0 -0.000131830788986
286.0 -0.000130152628267
287.0 -0.000128487247868
288.0 -0.000126833849097
289.0 -0.000125191968973
290.0 -0.000123561498947
291.0 -0.000121942701238
292.0 -0.000120336218616
293.0 -0.000118743073449
294.0 -0.000117164652301
295.0 -0.000115602673382
296.0 -0.000114059135578
297.0 -0.000112536249434
298.0 -0.000111036352252
299.0 -0.000109561811057
