10.0 -0.09932576086925005
11.0 -0.10239390970501507
12.0 -0.10190001810324491
13.0 -0.09960471817760413
14.0 -0.09602835016695586
15.0 -0.09184604856805949
16.0 -0.0874322636476575
17.0 -0.08284582541539139
18.0 -0.07836277333316062
19.0 -0.07400948808677443
20.0 -0.06984802651523896
21.0 -0.06590713852771386
22.0 -0.06218783772876132
23.0 -0.0587029440229114
24.0 -0.055439970648324705
25.0 -0.052389642902446194
26.0 -0.049540696344561305
27.0 -0.046880792707181325
28.0 -0.04439597189220279
29.0 -0.04208427770148661
30.0 -0.03992286100283627
31.0 -0.037897534830873526
32.0 -0.036010674411361014
33.0 -0.03424066549786958
34.0 -0.03258450807366252
35.0 -0.03102985937075606
36.0 -0.029574921168371335
37.0 -0.02820173783070705
38.0 -0.026918853046628475
39.0 -0.025709471960393353
40.0 -0.02456739808175891
41.0 -0.023492203297231274
42.0 -0.022481746296457963
43.0 -0.021526276830506
44.0 -0.020622580966449464
45.0 -0.01976745997501877
46.0 -0.01895791623192955
47.0 -0.018191360259784906
48.0 -0.017465196108447368
49.0 -0.01677678238982426
50.0 -0.016123908669790906
51.0 -0.015503912070898103
52.0 -0.014915298289516262
53.0 -0.01435590114715839
54.0 -0.013823860935343463
55.0 -0.013317327352580587
56.0 -0.012834771281496475
57.0 -0.012374761929067762
58.0 -0.011935816884830953
59.0 -0.011516569932366928
60.0 -0.011115804855119446
61.0 -0.010733681520870028
62.0 -0.010370993712092836
63.0 -0.010023498218100037
64.0 -0.009690194888023201
65.0 -0.009370160073158884
66.0 -0.009065116731375495
67.0 -0.008774300378393118
68.0 -0.008494073760174761
69.0 -0.008223688120491322
70.0 -0.007965784071340163
71.0 -0.007718044758391166
72.0 -0.007477676205607803
73.0 -0.007245354698656023
74.0 -0.0070225174717791754
75.0 -0.00680467589736628
76.0 -0.006592269461492002
77.0 -0.00638673372444835
78.0 -0.006184251516688601
79.0 -0.005985775864011769
80.0 -0.005791311638043458
81.0 -0.005598828250070496
82.0 -0.005410255520737165
83.0 -0.005224714649960526
84.0 -0.005041477896422153
85.0 -0.004864513410831798
86.0 -0.004690227322440382
87.0 -0.004523757878285373
88.0 -0.004363201106839135
89.0 -0.004209287971931401
90.0 -0.004065957223122262
91.0 -0.003927103975339596
92.0 -0.003802259242376558
93.0 -0.0036798270186210826
94.0 -0.003570852079363462
95.0 -0.0034639008020040858
96.0 -0.0033661156909432477
97.0 -0.0032704564625549676
98.0 -0.003180682243412749
99.0 -0.0030927932301061853
100.0 -0.003009076781562677
101.0 -0.0029273108171347776
102.0 -0.002849736498966275
103.0 -0.0027744753733568417
104.0 -0.002705056506641047
105.0 -0.002637834764733026
106.0 -0.00257894715117311
107.0 -0.0025211624893103773
108.0 -0.002474302380903992
109.0 -0.0024274422724976067
110.0 -0.002391415045859217
111.0 -0.0023561780622221576
112.0 -0.0023277392113491635
113.0 -0.0023018314650027623
114.0 -0.002278789517961312
115.0 -0.002258841494603608
116.0 -0.002239343524190566
117.0 -0.0022217942228359194
118.0 -0.002204244921481273
119.0 -0.0021863259081971224
120.0 -0.002168340654718631
121.0 -0.0021492936368646184
122.0 -0.00212900634633823
123.0 -0.0021086382425055685
124.0 -0.0020852644691057246
125.0 -0.0020618906957058807
126.0 -0.0020368347031596637
127.0 -0.0020103568984473634
128.0 -0.0019838598106224625
129.0 -0.0019548195562384104
130.0 -0.0019257793018543578
131.0 -0.0018959801377093914
132.0 -0.0018651411150292728
133.0 -0.0018343020923491545
134.0 -0.0018027188211792943
135.0 -0.0017709305651640913
136.0 -0.0017391216607061289
137.0 -0.0017071111657412028
138.0 -0.0016751006707762762
139.0 -0.0016432216549195082
140.0 -0.0016115896204311347
141.0 -0.0015799575859427614
142.0 -0.0015487819433839145
143.0 -0.0015179851240864962
144.0 -0.0014871883047890776
145.0 -0.0014572061233631547
146.0 -0.0014275918509308223
147.0 -0.00139797757849849
148.0 -0.0013694654634108675
149.0 -0.0013412758926571945
150.0 -0.0013130863219035214
151.0 -0.001286154882641928
152.0 -0.001259539088430054
153.0 -0.00123292329421818
154.0 -0.0012075566645874901
155.0 -0.00118257337828551
156.0 -0.0011575900919835297
157.0 -0.0011337119911300796
158.0 -0.0011103791417877405
159.0 -0.0010870462924454012
160.0 -0.0010645525545490237
161.0 -0.0010428600413698072
162.0 -0.0010211675281905906
163.0 -0.000999934463690494
164.0 -0.0009798280755946832
165.0 -0.000959721687498872
166.0 -0.0009396193682211478
167.0 -0.0009210199813017886
168.0 -0.0009024205943824293
169.0 -0.00088382120746307
170.0 -0.000866163825938377
171.0 -0.0008490151704252823
172.0 -0.0008318665149121878
173.0 -0.000815031749261706
174.0 -0.0007992584752204277
175.0 -0.0007834852011791494
176.0 -0.0007677119271378711
177.0 -0.0007528657072961185
178.0 -0.0007383486075948766
179.0 -0.0007238315078936348
180.0 -0.0007095217299792952
181.0 -0.0006961741645078637
182.0 -0.0006828265990364324
183.0 -0.0006694790335650011
184.0 -0.0006567400134478715
185.0 -0.0006445098490796126
186.0 -0.000632279684711354
187.0 -0.0006200495203430952
188.0 -0.0006086955357361065
189.0 -0.0005975102308572078
190.0 -0.0005863249259783092
191.0 -0.0005751946704569473
192.0 -0.0005649642601289395
193.0 -0.0005547338498009315
194.0 -0.0005445034394729237
195.0 -0.0005344419193609084
196.0 -0.00052505445317519
197.0 -0.0005156669869894717
198.0 -0.0005062795208037532
199.0 -0.0004971007577066437
200.0 -0.0004885004258119925
201.0 -0.00047990009391734136
202.0 -0.0004712997620226902
203.0 -0.00046288304771522785
204.0 -0.0004550159201175511
205.0 -0.0004471487925198743
206.0 -0.0004392816649221976
207.0 -0.0004315191452584704
208.0 -0.0004243285754676078
209.0 -0.00041713800567674516
210.0 -0.00040994743588588253
211.0 -0.00040275686609501997
212.0 -0.0003961830092884795
213.0 -0.00038962427668545567
214.0 -0.00038306554408243186
215.0 -0.000376506811479408
216.0 -0.0003703417647145708
217.0 -0.0003643351118593493
218.0 -0.0003583284590041278
219.0 -0.0003523218061489063
220.0 -0.00034650362952801003
221.0 -0.00034101475270340964
222.0 -0.0003355258758788093
223.0 -0.00033003699905420896
224.0 -0.00032454812222960857
225.0 -0.0003195148697912181
226.0 -0.0003145174606166057
227.0 -0.0003095200514419931
228.0 -0.0003045226422673806
229.0 -0.0002996899779952367
230.0 -0.00029510392250800777
231.0 -0.0002905178670207788
232.0 -0.00028593181153354984
233.0 -0.0002813457560463209
234.0 -0.00027702127945644455
235.0 -0.0002727695198186814
236.0 -0.00026851776018091823
237.0 -0.000264266000543155
238.0 -0.00026003934326881674
239.0 -0.00025614029445053234
240.0 -0.00025224124563224794
241.0 -0.00024834219681396354
242.0 -0.00024444314799567914
243.0 -0.000240630792939124
244.0 -0.00023705927646685141
245.0 -0.00023348775999457885
246.0 -0.00022991624352230628
247.0 -0.00022634472705003372
248.0 -0.00022287126397889715
249.0 -0.00021957128230131796
250.0 -0.00021627130062373877
251.0 -0.00021297131894615958
252.0 -0.00020967133726858037
253.0 -0.0002064610463620462
254.0 -0.00020341126938111306
255.0 -0.0002003614924001799
256.0 -0.00019731171541924677
257.0 -0.00019426193843831362
258.0 -0.00019128478943575267
259.0 -0.00018852008397975928
260.0 -0.0001857553785237659
261.0 -0.00018299067306777253
262.0 -0.00018022596761177912
263.0 -0.0001774757709624195
264.0 -0.00017501351502447973
265.0 -0.00017255125908653996
266.0 -0.0001700890031486002
267.0 -0.0001676267472106604
268.0 -0.00016516449127272064
269.0 -0.00016288532757813935
270.0 -0.00016067184281394733
271.0 -0.00015845835804975534
272.0 -0.00015624487328556335
273.0 -0.00015403138852137133
274.0 -0.00015188810022112172
275.0 -0.00014989627012768937
276.0 -0.00014790444003425705
277.0 -0.0001459126099408247
278.0 -0.00014392077984739236
279.0 -0.00014192894975396
280.0 -0.0001400999552981935
281.0 -0.0001383147898078756
282.0 -0.00013652962431755773
283.0 -0.0001347444588272398
284.0 -0.0001329592933369219
285.0 -0.00013119985786565495
286.0 -0.00012958917698502087
287.0 -0.0001279784961043868
288.0 -0.00012636781522375274
289.0 -0.00012475713434311866
290.0 -0.0001231464534624846
291.0 -0.00012159023770997428
292.0 -0.00012011812419484267
293.0 -0.00011864601067971106
294.0 -0.00011717389716457943
295.0 -0.00011570178364944782
296.0 -0.0001142296701343162
297.0 -0.0001128251226427241
298.0 -0.00011148234486114116
299.0 -0.00011013956707955824
