10.0 -0.175134986587
11.0 -0.15868489144
12.0 -0.144472489181
13.0 -0.132087277268
14.0 -0.121213213468
15.0 -0.111601273805
16.0 -0.103052267051
17.0 -0.0954066820674
18.0 -0.0885366127288
19.0 -0.082338096233
20.0 -0.0767250620032
21.0 -0.0716254083413
22.0 -0.0669784688637
23.0 -0.0627330378826
24.0 -0.0588455665954
25.0 -0.0552785480546
26.0 -0.0519992681009
27.0 -0.0489789802259
28.0 -0.0461923602391
29.0 -0.0436170521534
30.0 -0.0412332396457
31.0 -0.0390232813227
32.0 -0.0369714352676
33.0 -0.0350636435616
34.0 -0.0332873340164
35.0 -0.0316312261144
36.0 -0.030085161365
37.0 -0.0286399788211
38.0 -0.027287424569
39.0 -0.0260200618298
40.0 -0.0248311671886
41.0 -0.0237146334583
42.0 -0.0226649043086
43.0 -0.0216769361627
44.0 -0.0207461596359
45.0 -0.0198684243228
46.0 -0.0190399386965
47.0 -0.0182572255848
48.0 -0.017517096732
49.0 -0.0168166326787
50.0 -0.0161531567786
51.0 -0.015524206611
52.0 -0.0149275123005
53.0 -0.0143609839314
54.0 -0.0138227012218
55.0 -0.0133108987408
56.0 -0.0128239468723
57.0 -0.0123603332593
58.0 -0.0119186476833
59.0 -0.0114975692916
60.0 -0.011095853992
61.0 -0.0107123221706
62.0 -0.0103458492356
63.0 -0.00999536105427
64.0 -0.00965983363403
65.0 -0.00933829400152
66.0 -0.00902981919898
67.0 -0.00873353250663
68.0 -0.00844859857942
69.0 -0.00817422030919
70.0 -0.00790963941931
71.0 -0.00765414107636
72.0 -0.00740706155785
73.0 -0.00716779781012
74.0 -0.00693581803238
75.0 -0.00671067239312
76.0 -0.00649200243268
77.0 -0.00627954722724
78.0 -0.00607314465827
79.0 -0.0058727271518
80.0 -0.00567831236501
81.0 -0.00548998984221
82.0 -0.00530790455303
83.0 -0.00513223789792
84.0 -0.00496318666206
85.0 -0.00480094059544
86.0 -0.00464565959123
87.0 -0.00449745166447
88.0 -0.00435635313165
89.0 -0.00422231264289
90.0 -0.00409518093849
91.0 -0.00397470812982
92.0 -0.00386054970865
93.0 -0.00375228138842
94.0 -0.00364942156675
95.0 -0.00355145906663
96.0 -0.00345788314632
97.0 -0.00336821264244
98.0 -0.00328202144039
99.0 -0.00319895809983
100.0 -0.00311875825374
101.0 -0.0030412492295
102.0 -0.00296634711417
103.0 -0.00289404713662
104.0 -0.00282440872508
105.0 -0.00275753690395
106.0 -0.00269356181558
107.0 -0.00263261810182
108.0 -0.00257482568488
109.0 -0.00252027319541
110.0 -0.00246900496598
111.0 -0.00242101217989
112.0 -0.00237622845099
113.0 -0.00233452979685
114.0 -0.00229573864558
115.0 -0.00225963120195
116.0 -0.00222594724015
117.0 -0.00219440124487
118.0 -0.00216469382862
119.0 -0.00213652250496
120.0 -0.00210959115041
121.0 -0.00208361777532
122.0 -0.00205834048717
123.0 -0.00203352173248
124.0 -0.00200895103446
125.0 -0.00198444650804
126.0 -0.00195985544088
127.0 -0.00193505418919
128.0 -0.00190994756156
129.0 -0.00188446777255
130.0 -0.0018585729639
131.0 -0.00183224524132
132.0 -0.00180548817601
133.0 -0.00177832377298
134.0 -0.00175078899764
135.0 -0.00172293204727
136.0 -0.00169480862411
137.0 -0.00166647848762
138.0 -0.00163800252689
139.0 -0.00160944051072
140.0 -0.00158084956547
141.0 -0.00155228332637
142.0 -0.00152379163086
143.0 -0.00149542058336
144.0 -0.00146721282071
145.0 -0.00143920783619
146.0 -0.00141144226444
147.0 -0.00138395007576
148.0 -0.00135676266829
149.0 -0.00132990887475
150.0 -0.00130341491688
151.0 -0.00127730434557
152.0 -0.0012515980011
153.0 -0.00122631401582
154.0 -0.0012014678656
155.0 -0.00117707245859
156.0 -0.00115313823577
157.0 -0.00112967325138
158.0 -0.00110668320696
159.0 -0.00108417142912
160.0 -0.00106213880583
161.0 -0.00104058372093
162.0 -0.00101950204363
163.0 -0.00099888723213
164.0 -0.000978730595212
165.0 -0.000959021724901
166.0 -0.000939749074933
167.0 -0.000920900623423
168.0 -0.000902464534049
169.0 -0.000884429724801
170.0 -0.000866786268679
171.0 -0.000849525582817
172.0 -0.00083264040335
173.0 -0.000816124582987
174.0 -0.000799972777272
175.0 -0.000784180097838
176.0 -0.000768741804684
177.0 -0.000753653087708
178.0 -0.000738908957056
179.0 -0.000724504230715
180.0 -0.000710433584005
181.0 -0.000696691614529
182.0 -0.000683272878911
183.0 -0.000670171872046
184.0 -0.000657382940244
185.0 -0.000644900140649
186.0 -0.000632717075253
187.0 -0.000620826735765
188.0 -0.000609221394817
189.0 -0.000597892571006
190.0 -0.000586831082718
191.0 -0.000576027191356
192.0 -0.000565470821007
193.0 -0.000555151830529
194.0 -0.000545060306802
195.0 -0.000535186845427
196.0 -0.000525522787768
197.0 -0.000516060390789
198.0 -0.000506792917568
199.0 -0.000497714649454
200.0 -0.0004888208331
201.0 -0.000480107584007
202.0 -0.000471571770813
203.0 -0.000463210900789
204.0 -0.000455023017873
205.0 -0.000447006613019
206.0 -0.000439160536164
207.0 -0.000431483893092
208.0 -0.000423975911223
209.0 -0.000416635765978
210.0 -0.000409462372166
211.0 -0.000402454159322
212.0 -0.00039560886199
213.0 -0.000388923361863
214.0 -0.000382393616256
215.0 -0.000376014696297
216.0 -0.000369780940565
217.0 -0.000363686209152
218.0 -0.000357724203879
219.0 -0.000351888806774
220.0 -0.000346174383992
221.0 -0.000340576007291
222.0 -0.000335089559137
223.0 -0.000329711707732
224.0 -0.00032443976095
225.0 -0.000319271428927
226.0 -0.000314204540138
227.0 -0.000309236762507
228.0 -0.000304365378525
229.0 -0.000299587152193
230.0 -0.000294898308285
231.0 -0.00029029462437
232.0 -0.000285771616963
233.0 -0.000281324788589
234.0 -0.000276949894767
235.0 -0.00027264318984
236.0 -0.000268401617613
237.0 -0.000264222924707
238.0 -0.000260105688837
239.0 -0.00025604926758
240.0 -0.000252053683451
241.0 -0.00024811946664
242.0 -0.000244247477517
243.0 -0.000240438727911
244.0 -0.000236694214909
245.0 -0.000233014775396
246.0 -0.000229400965354
247.0 -0.000225852965786
248.0 -0.000222370517143
249.0 -0.000218952885313
250.0 -0.000215598863605
251.0 -0.000212306815242
252.0 -0.000209074759125
253.0 -0.000205900497592
254.0 -0.000202781779284
255.0 -0.000199716484041
256.0 -0.000196702811327
257.0 -0.000193739450485
258.0 -0.000190825710894
259.0 -0.000187961593389
260.0 -0.000185147790717
261.0 -0.000182385613333
262.0 -0.000179676846343
263.0 -0.000177023552144
264.0 -0.000174427840104
265.0 -0.000171891628327
266.0 -0.000169416422783
267.0 -0.000167003135891
268.0 -0.000164651960701
269.0 -0.000162362309228
270.0 -0.000160132815413
271.0 -0.00015796139584
272.0 -0.000155845355785
273.0 -0.000153781524831
274.0 -0.000151766405497
275.0 -0.000149796319727
276.0 -0.000147867541163
277.0 -0.000145976405174
278.0 -0.000144119392843
279.0 -0.000142293188979
280.0 -0.00014049471721
281.0 -0.000138721157166
282.0 -0.000136969949682
283.0 -0.000135238795927
284.0 -0.000133525655667
285.0 -0.000131828748699
286.0 -0.000130146562045
287.0 -0.000128477863955
288.0 -0.000126821724212
289.0 -0.000125177538834
290.0 -0.000123545056041
291.0 -0.000121924399468
292.0 -0.000120316084149
293.0 -0.000118721020814
294.0 -0.000117140504603
295.0 -0.000115576185385
296.0 -0.000114030018347
297.0 -0.000112504195262
298.0 -0.000111001058675
299.0 -0.000109523002911
