10.0 -0.26502939195029274
11.0 -0.23663544462187794
12.0 -0.21164959818601775
13.0 -0.18946844764090828
14.0 -0.16964110478291505
15.0 -0.15182025118288683
16.0 -0.13573175567183374
17.0 -0.12115734045184182
18.0 -0.10792181181703159
19.0 -0.09588163668132514
20.0 -0.08491633711897155
21.0 -0.07492325810534763
22.0 -0.06581440311810151
23.0 -0.05751397430664398
24.0 -0.049956008452002834
25.0 -0.04308216887937827
26.0 -0.036840013220960935
27.0 -0.031181865329181015
28.0 -0.026064092296081774
29.0 -0.02144650914305973
30.0 -0.01729182136941959
31.0 -0.013565173954967775
32.0 -0.010233850140729991
33.0 -0.007267072880244907
34.0 -0.0046358384515242735
35.0 -0.002312758051427314
36.0 -0.0002719357773134298
37.0 0.0015110874636116863
38.0 0.003059344785731018
39.0 0.004394464228936697
40.0 0.00553672454457909
41.0 0.006505114550808333
42.0 0.007317356817529986
43.0 0.007989902920297018
44.0 0.008537943897684341
45.0 0.008975460880686823
46.0 0.00931529622828355
47.0 0.009569211506889714
48.0 0.009747925442274503
49.0 0.009861152307038674
50.0 0.009917657070694717
51.0 0.009925320740693655
52.0 0.009891199474633327
53.0 0.009821572793085131
54.0 0.009721990687188917
55.0 0.009597329376288129
56.0 0.009451854621796492
57.0 0.009289284440830436
58.0 0.009112846002974743
59.0 0.0089253280424301
60.0 0.008729131997651607
61.0 0.008526321535686093
62.0 0.008318666550803456
63.0 0.008107678542496579
64.0 0.007894638695666732
65.0 0.007680623846098862
66.0 0.0074665355875495176
67.0 0.00725313427340022
68.0 0.0070410754833977705
69.0 0.0068309445845174364
70.0 0.006623286047856351
71.0 0.006418626588934447
72.0 0.006217492780115942
73.0 0.006020423684763969
74.0 0.005827978189175558
75.0 0.005640736461722955
76.0 0.005459295727482684
77.0 0.005284261426412742
78.0 0.005116234797459754
79.0 0.004955796996928589
80.0 0.004803489026571205
81.0 0.004659786983025359
82.0 0.004525073461148236
83.0 0.00439960751771693
84.0 0.00428349658285841
85.0 0.0041766738507683435
86.0 0.004078884235255202
87.0 0.003989681177807066
88.0 0.003908435436737357
89.0 0.0038343554294211365
90.0 0.003766517006307142
91.0 0.003703899261137632
92.0 0.0036454226232992045
93.0 0.0035899861095664647
94.0 0.0035365018387701476
95.0 0.0034839261470385706
96.0 0.0034312874461208654
97.0 0.003377711216224284
98.0 0.0033224423397983515
99.0 0.003264864579749291
100.0 0.003204516581509073
101.0 0.0031411034744831374
102.0 0.003074503050104899
103.0 0.0030047656303807775
104.0 0.0029321070867470087
105.0 0.0028568949596331434
106.0 0.0027796281856404745
107.0 0.0027009114838371807
108.0 0.002621425907801193
109.0 0.0025418973594918885
110.0 0.00246306492917879
111.0 0.0023856507683930857
112.0 0.0023103328825409483
113.0 0.002237721853069167
114.0 0.00216834216523412
115.0 0.0021026185704127935
116.0 0.0020408677270911716
117.0 0.0019832951789855342
118.0 0.0019299974899637082
119.0 0.0018809690590089517
120.0 0.0018361128305766305
121.0 0.0017952538656405529
122.0 0.0017581546024548977
123.0 0.0017245306335615855
124.0 0.0016940659417181113
125.0 0.0016664267390577774
126.0 0.0016412733076399822
127.0 0.0016182695194089975
128.0 0.0015970899961486652
129.0 0.0015774251273229767
130.0 0.0015589843613792603
131.0 0.0015414982909986688
132.0 0.0015247200460194047
133.0 0.0015084263956510956
134.0 0.0014924187779425547
135.0 0.001476524272183685
136.0 0.0014605963650411685
137.0 0.0014445152754510382
138.0 0.0014281876117888607
139.0 0.0014115452236318716
140.0 0.0013945432438180491
141.0 0.001377157450995178
142.0 0.0013593811817630603
143.0 0.0013412220649331238
144.0 0.0013226988376601795
145.0 0.0013038384483995006
146.0 0.0012846735757909248
147.0 0.0012652406155968707
148.0 0.001245578123615189
149.0 0.001225725657657247
150.0 0.0012057229371434774
151.0 0.0011856092325033924
152.0 0.0011654229052921372
153.0 0.001145201040367324
154.0 0.0011249791393992954
155.0 0.0011047908746149215
156.0 0.001084667925672277
157.0 0.0010646399335086727
158.0 0.0010447345978989596
159.0 0.0010249779202439824
160.0 0.0010053945558821855
161.0 0.0009860082022565852
162.0 0.0009668419238359347
163.0 0.000947918312634583
164.0 0.0009292594089475091
165.0 0.0009108863565147931
166.0 0.0008928188280565934
167.0 0.0008750743149278122
168.0 0.0008576674129187337
169.0 0.0008406092444199219
170.0 0.0008239071327814371
171.0 0.0008075645938318392
172.0 0.0007915816449959964
173.0 0.0007759553701495599
174.0 0.0007606806329967232
175.0 0.0007457508131986462
176.0 0.0007311584504105774
177.0 0.0007168957170275162
178.0 0.0007029546901558995
179.0 0.0006893274437203322
180.0 0.0006760060202013815
181.0 0.0006629823599838639
182.0 0.0006502482624330381
183.0 0.00063779543042986
184.0 0.0006256156173202593
185.0 0.0006137008617024095
186.0 0.0006020437694732194
187.0 0.000590637789035715
188.0 0.0005794774255606516
189.0 0.0005685583514784212
190.0 0.0005578773889097154
191.0 0.000547432361123526
192.0 0.0005372218305506392
193.0 0.0005272447575432101
194.0 0.0005175001249526578
195.0 0.000507986577348817
196.0 0.0004987021196571269
197.0 0.0004896439084811062
198.0 0.0004808081521091708
199.0 0.0004721901153675613
200.0 0.0004637842073235556
201.0 0.00045558411770493226
202.0 0.00044758296494201857
203.0 0.0004397734258259114
204.0 0.0004321478319654767
205.0 0.00042469823710470457
206.0 0.00041741647621010525
207.0 0.000410294246677014
208.0 0.000403323240623762
209.0 0.00039649534470166073
210.0 0.0003898029030859033
211.0 0.0003832390158274605
212.0 0.00037679782512361576
213.0 0.0003704747321986842
214.0 0.0003642664909700815
215.0 0.000358171141818947
216.0 0.0003521877764826038
217.0 0.0003463161575579054
218.0 0.00034055624627959383
219.0 0.00033490771341918013
220.0 0.00032936951553681564
221.0 0.00032393961053976954
222.0 0.00031861486395687256
223.0 0.00031339116482018825
224.0 0.0003082637337733796
225.0 0.00030322757284332864
226.0 0.00029827798232120973
227.0 0.0002934110596163084
228.0 0.0002886240993595528
229.0 0.00028391583219743676
230.0 0.0002792864678790692
231.0 0.0002747375409411774
232.0 0.0002702715884738435
233.0 0.0002658917136306242
234.0 0.00026160110189605835
235.0 0.00025740255813400337
236.0 0.00025329812210773294
237.0 0.00024928880162458
238.0 0.0002453744401687129
239.0 0.0002415537145447157
240.0 0.00023782424154186087
241.0 0.00023418276320892647
242.0 0.0002306253783179013
243.0 0.00022714779153456104
244.0 0.00022374555908973544
245.0 0.00022041431743889583
246.0 0.00021714998712878472
247.0 0.00021394894662417802
248.0 0.0002108081703091457
249.0 0.0002077253225561906
250.0 0.00020469879758940008
251.0 0.00020172769477053097
252.0 0.00019881172219183443
253.0 0.00019595102831317362
254.0 0.00019314597095736468
255.0 0.0001903968434946718
256.0 0.0001877035872652598
257.0 0.00018506552505913703
258.0 0.0001824811512471368
259.0 0.00017994800933771924
260.0 0.00017746267781039923
261.0 0.00017502087151471433
262.0 0.0001726176508724843
263.0 0.00017024771699025013
264.0 0.000167905759797146
265.0 0.00016558682011031208
266.0 0.0001632866258865964
267.0 0.00016100186769606642
268.0 0.00015873038763686466
269.0 0.00015647126785360332
270.0 0.0001542248175657767
271.0 0.00015199246914617196
272.0 0.00014977660276481369
273.0 0.00014758032447113065
274.0 0.00014540722404718807
275.0 0.0001432611368929032
276.0 0.00014114592945383965
277.0 0.00013906532139798127
278.0 0.00013702275104496392
279.0 0.00013502128443540276
280.0 0.00013306356358173155
281.0 0.0001311517862018902
282.0 0.0001292877076245048
283.0 0.00012747265536467068
284.0 0.00012570754778011865
285.0 0.0001239929098835724
286.0 0.00012232888150589454
287.0 0.00012071521533710726
288.0 0.00011915126473425154
289.0 0.00011763596341807776
290.0 0.00011616780112658182
291.0 0.0001147448007851054
292.0 0.00011336450362462691
293.0 0.0001120239687981317
294.0 0.00011071979334269276
295.0 0.00010944815684164242
296.0 0.00010820489299415387
297.0 0.00010698558773018977
298.0 0.00010578570081451943
299.0 0.0001046007053774754
