10.0 -0.076954718016
11.0 -0.0919627159892
12.0 -0.101420646873
13.0 -0.106765603446
14.0 -0.109107905066
15.0 -0.109292661398
16.0 -0.107955866896
17.0 -0.105570607329
18.0 -0.102485201185
19.0 -0.0989545449114
20.0 -0.0951644553468
21.0 -0.0912495419677
22.0 -0.0873061856115
23.0 -0.0834022215227
24.0 -0.0795843842696
25.0 -0.0758840340018
26.0 -0.0723214054877
27.0 -0.0689086307659
28.0 -0.0656518894272
29.0 -0.0625530190323
30.0 -0.0596107655961
31.0 -0.0568217298267
32.0 -0.0541810503609
33.0 -0.0516828964273
34.0 -0.0493208434112
35.0 -0.0470881691971
36.0 -0.0449780726758
37.0 -0.0429838118026
38.0 -0.041098784156
39.0 -0.0393165885729
40.0 -0.0376310859795
41.0 -0.0360364449357
42.0 -0.034527153208
43.0 -0.0330980026192
44.0 -0.0317440738603
45.0 -0.0304607365902
46.0 -0.0292436550049
47.0 -0.0280887814973
48.0 -0.0269923360178
49.0 -0.0259507836524
50.0 -0.0249608202178
51.0 -0.0240193626809
52.0 -0.0231235356166
53.0 -0.022270651395
54.0 -0.0214581898163
55.0 -0.0206837829288
56.0 -0.0199452048086
57.0 -0.0192403622433
58.0 -0.0185672840009
59.0 -0.0179241100541
60.0 -0.0173090830855
61.0 -0.0167205423609
62.0 -0.0161569177483
63.0 -0.0156167218997
64.0 -0.0150985410388
65.0 -0.0146010270354
66.0 -0.0141228935963
67.0 -0.0136629175147
68.0 -0.0132199436342
69.0 -0.0127928911528
70.0 -0.0123807595147
71.0 -0.0119826334568
72.0 -0.0115976875522
73.0 -0.011225190367
74.0 -0.0108645077049
75.0 -0.0105151041958
76.0 -0.0101765428977
77.0 -0.00984848309413
78.0 -0.00953067645019
79.0 -0.00922296112773
80.0 -0.00892525291073
81.0 -0.008637532438
82.0 -0.0083598283178
83.0 -0.00809219678949
84.0 -0.00783469926828
85.0 -0.00758737945357
86.0 -0.00735024183206
87.0 -0.00712323344205
88.0 -0.00690623058924
89.0 -0.00669903168411
90.0 -0.006501356565
91.0 -0.00631285184307
92.0 -0.0061331012463
93.0 -0.00596163975311
94.0 -0.00579797037295
95.0 -0.0056415825358
96.0 -0.00549197105801
97.0 -0.00534865456203
98.0 -0.00521119214072
99.0 -0.00507919707337
100.0 -0.00495234656799
101.0 -0.00483038681381
102.0 -0.00471313303593
103.0 -0.00460046469005
104.0 -0.00449231635631
105.0 -0.00438866523614
106.0 -0.0042895163932
107.0 -0.00419488700034
108.0 -0.00410479085898
109.0 -0.004019224345
110.0 -0.00393815471204
111.0 -0.00386151137069
112.0 -0.0037891804129
113.0 -0.00372100233121
114.0 -0.00365677265017
115.0 -0.00359624506311
116.0 -0.00353913663024
117.0 -0.00348513459802
118.0 -0.00343390440292
119.0 -0.00338509840874
120.0 -0.00333836490645
121.0 -0.00329335690439
122.0 -0.00324974027182
123.0 -0.00320720087208
124.0 -0.00316545041888
125.0 -0.00312423089266
126.0 -0.00308331745213
127.0 -0.00304251986647
128.0 -0.00300168257811
129.0 -0.00296068358384
130.0 -0.00291943238475
131.0 -0.00287786729209
132.0 -0.00283595237423
133.0 -0.00279367428994
134.0 -0.00275103918259
135.0 -0.00270806972888
136.0 -0.00266480236512
137.0 -0.00262128467105
138.0 -0.0025775728811
139.0 -0.00253372951115
140.0 -0.00248982112042
141.0 -0.00244591625679
142.0 -0.0024020836471
143.0 -0.00235839068742
144.0 -0.00231490226482
145.0 -0.00227167991054
146.0 -0.00222878125479
147.0 -0.00218625973129
148.0 -0.00214416446944
149.0 -0.00210254031147
150.0 -0.00206142789837
151.0 -0.00202086377845
152.0 -0.00198088050508
153.0 -0.00194150670319
154.0 -0.00190276709934
155.0 -0.0018646825253
156.0 -0.00182726991902
157.0 -0.00179054235549
158.0 -0.00175450914142
159.0 -0.00171917599906
160.0 -0.0016845453481
161.0 -0.00165061667413
162.0 -0.00161738695302
163.0 -0.00158485108923
164.0 -0.00155300232519
165.0 -0.00152183258925
166.0 -0.00149133276768
167.0 -0.00146149290674
168.0 -0.00143230236681
169.0 -0.0014037499591
170.0 -0.00137582409261
171.0 -0.0013485129481
172.0 -0.0013218046788
173.0 -0.00129568762144
174.0 -0.00127015048875
175.0 -0.00124518251154
176.0 -0.00122077350367
177.0 -0.00119691383642
178.0 -0.00117359432603
179.0 -0.00115080605444
180.0 -0.00112854015468
181.0 -0.00110678759677
182.0 -0.0010855390057
183.0 -0.00106478453365
184.0 -0.00104451379568
185.0 -0.00102471586659
186.0 -0.00100537932808
187.0 -0.000986492351183
188.0 -0.000968042799468
189.0 -0.000950018340703
190.0 -0.000932406558854
191.0 -0.000915195061604
192.0 -0.000898371581483
193.0 -0.000881924070779
194.0 -0.000865840791888
195.0 -0.000850110405609
196.0 -0.000834722059793
197.0 -0.000819665479231
198.0 -0.000804931054633
199.0 -0.000790509924435
200.0 -0.000776394039024
201.0 -0.000762576194364
202.0 -0.000749050022288
203.0 -0.000735809928623
204.0 -0.000722850977521
205.0 -0.000710168729462
206.0 -0.000697759049265
207.0 -0.000685617906745
208.0 -0.000673741194678
209.0 -0.000662124585773
210.0 -0.000650763442993
211.0 -0.000639652787443
212.0 -0.000628787317597
213.0 -0.000618161465137
214.0 -0.000607769467971
215.0 -0.000597605440878
216.0 -0.00058766342834
217.0 -0.000577937431241
218.0 -0.000568421407242
219.0 -0.000559109252025
220.0 -0.000549994773447
221.0 -0.000541071672243
222.0 -0.000532333541121
223.0 -0.000523773889607
224.0 -0.000515386196005
225.0 -0.000507163981849
226.0 -0.000499100899377
227.0 -0.000491190820068
228.0 -0.000483427912345
229.0 -0.000475806699186
230.0 -0.000468322090865
231.0 -0.000460969393218
232.0 -0.000453744296621
233.0 -0.000446642854059
234.0 -0.000439661457579
235.0 -0.000432796820885
236.0 -0.000426045972305
237.0 -0.000419406257716
238.0 -0.000412875348628
239.0 -0.000406451247496
240.0 -0.00040013228157
241.0 -0.00039391707819
242.0 -0.000387804518281
243.0 -0.000381793669759
244.0 -0.00037588370754
245.0 -0.000370073830533
246.0 -0.00036436318751
247.0 -0.000358750822844
248.0 -0.00035323564986
249.0 -0.000347816454883
250.0 -0.000342491929946
251.0 -0.000337260727622
252.0 -0.000332121528417
253.0 -0.000327073110017
254.0 -0.000322114408449
255.0 -0.000317244563414
256.0 -0.000312462943206
257.0 -0.00030776914783
258.0 -0.000303162991735
259.0 -0.000298644469523
260.0 -0.000294213708867
261.0 -0.000289870914897
262.0 -0.000285616309645
263.0 -0.000281450069211
264.0 -0.000277372260426
265.0 -0.000273382778285
266.0 -0.000269481285324
267.0 -0.000265667154466
268.0 -0.000261939417516
269.0 -0.000258296722111
270.0 -0.000254737300389
271.0 -0.000251258952605
272.0 -0.000247859048369
273.0 -0.00024453454709
274.0 -0.000241282037698
275.0 -0.000238097796134
276.0 -0.000234977857525
277.0 -0.000231918098885
278.0 -0.000228914327574
279.0 -0.000225962370761
280.0 -0.000223058161706
281.0 -0.000220197819602
282.0 -0.000217377720797
283.0 -0.000214594560258
284.0 -0.000211845402911
285.0 -0.00020912772499
286.0 -0.000206439445658
287.0 -0.000203778949072
288.0 -0.000201145096831
289.0 -0.000198537230515
290.0 -0.000195955163854
291.0 -0.000193399164101
292.0 -0.000190869922353
293.0 -0.000188368512878
294.0 -0.000185896341919
295.0 -0.000183455086919
296.0 -0.000181046627526
297.0 -0.000178672970175
298.0 -0.000176336168379
299.0 -0.000174038241132
