10.0 0.05194585697448657
11.0 0.027966228936056794
12.0 0.009614061137783545
13.0 -0.004096747597696307
14.0 -0.014151908949045265
15.0 -0.02132888420932913
16.0 -0.026223840289874668
17.0 -0.02942261250155691
18.0 -0.03126621686993142
19.0 -0.03211636571547773
20.0 -0.03218391179646385
21.0 -0.03170920725877444
22.0 -0.030814862995373584
23.0 -0.029645666923859847
24.0 -0.02828436335149205
25.0 -0.026793849975910018
26.0 -0.025247432972524995
27.0 -0.02365962484313476
28.0 -0.022097767462051634
29.0 -0.020552183450435937
30.0 -0.019069076781304383
31.0 -0.017628857244065047
32.0 -0.016272248395850064
33.0 -0.014979319996312745
34.0 -0.013773667006835263
35.0 -0.012616869152345923
36.0 -0.011600295310602882
37.0 -0.010562624743789441
38.0 -0.009675976443541031
39.0 -0.008864070880366493
40.0 -0.00804940937645556
41.0 -0.0073156032367445965
42.0 -0.006696945983377769
43.0 -0.006132021252432415
44.0 -0.005587504768517031
45.0 -0.0050705389723208335
46.0 -0.004589112746493515
47.0 -0.004149986847042901
48.0 -0.003761326154593374
49.0 -0.0034160611439216534
50.0 -0.0031103965352575276
51.0 -0.0028288306636467305
52.0 -0.00257187392889215
53.0 -0.002349272779525419
54.0 -0.002165761836015966
55.0 -0.002023212885734731
56.0 -0.0018974334130181846
57.0 -0.0017737797422149447
58.0 -0.0016197929467080406
59.0 -0.0014286570077310674
60.0 -0.0012394012343028647
61.0 -0.001138009431311732
62.0 -0.0011409353022481467
63.0 -0.0011484799801131916
64.0 -0.0010130339687540136
65.0 -0.0008118555216913451
66.0 -0.0007784543407436608
67.0 -0.00088679888513298
68.0 -0.0008161417189337913
69.0 -0.0005935554733434176
70.0 -0.0006290018572875043
71.0 -0.0007600412571654122
72.0 -0.0005538431875403628
73.0 -0.000458758141916097
74.0 -0.0006672890618987974
75.0 -0.0005013671705638273
76.0 -0.00035731802206140703
77.0 -0.000595857165745703
78.0 -0.00037816710374648357
79.0 -0.0003081902754571984
80.0 -0.000532255432170983
81.0 -0.0001959523347629169
82.0 -0.00033987361704620897
83.0 -0.0003196214187659231
84.0 -7.947682577436884e-05
85.0 -0.00037270259062938756
86.0 7.52039714733959e-06
87.0 -0.0002101419635863993
88.0 -6.48033934977304e-05
89.0 2.623922454223809e-06
90.0 -0.00015669544235662802
91.0 0.00015578688677249074
92.0 -0.0002015949531648994
93.0 0.00021232545665136345
94.0 -0.00019107024515138752
95.0 0.00021593642498273104
96.0 -0.00017598852670927463
97.0 0.00018913720119134462
98.0 -0.00014628579418355896
99.0 0.00018850945793008953
100.0 -0.00013587331027274332
101.0 0.00019783249158386332
102.0 -0.00013542548240766798
103.0 0.0002391182944551955
104.0 -0.00014989951007341717
105.0 0.00029507866655029683
106.0 -0.0001719441723918669
107.0 0.0003256375232543157
108.0 -0.0001779476639563334
109.0 0.0003186270758528212
110.0 -0.00012568671439023614
111.0 0.00021181396240393122
112.0 -1.8821626347523694e-05
113.0 1.6102723761491846e-05
114.0 0.00014602170049029243
115.0 -0.00020836913356403624
116.0 0.00025637024349962147
117.0 -0.0002994442960171516
118.0 0.0002027822244412078
119.0 -0.0001736794866346249
120.0 -7.700797853426936e-05
121.0 8.524358074165359e-05
122.0 -0.00036198590710406477
123.0 0.00020468338280143624
124.0 -0.0003153918925791417
125.0 -3.434131479831675e-05
126.0 2.4773860236149788e-05
127.0 -0.0003976587422994557
128.0 0.00019698751936687018
129.0 -0.0002939221034375407
130.0 -0.00011402154952975395
131.0 0.00011787051023343792
132.0 -0.00043262189174811465
133.0 0.00015512808796778617
134.0 -0.00010164945015832956
135.0 -0.0003227620220269659
136.0 0.00025021229902228825
137.0 -0.0002967034470917079
138.0 -0.00012032682495041798
139.0 0.00021400572437838285
140.0 -0.0003872164309220257
141.0 6.802320701042433e-05
142.0 0.00013056176366623692
143.0 -0.00040826376834415156
144.0 0.0001890885603682578
145.0 6.309475798710531e-05
146.0 -0.00039341851514407023
147.0 0.0002557726469043855
148.0 2.550160465816712e-05
149.0 -0.00038167655538783783
150.0 0.0002863006456200092
151.0 2.9874868870254125e-05
152.0 -0.0003826624274206362
153.0 0.0002849810580318529
154.0 7.091552186579367e-05
155.0 -0.0003971217323392872
156.0 0.000250309709622898
157.0 0.0001530092283976728
158.0 -0.00040393384439306684
159.0 0.00015715125843828026
160.0 0.0002589473717426948
161.0 -0.000362107346152198
162.0 -7.462736196327965e-06
163.0 0.00035896905435227225
164.0 -0.00024233602713558515
165.0 -0.00022316744544738812
166.0 0.0003995738615701034
167.0 -3.099230097243083e-05
168.0 -0.0003944585943042123
169.0 0.0002877032623497837
170.0 0.00021758910952561684
171.0 -0.00038996757589156687
172.0 -1.4680943825133122e-05
173.0 0.00040244653451633147
174.0 -0.00015977286567195643
175.0 -0.0003582171751058284
176.0 0.00035454055916806404
177.0 0.000192120141685689
178.0 -0.00041026685847407975
179.0 -3.623146969119952e-05
180.0 0.00042363285906285624
181.0 -8.911763642256292e-05
182.0 -0.0004170583462993895
183.0 0.0002685574094171154
184.0 0.00031214257042898194
185.0 -0.0003120265939809271
186.0 -0.00027114986446682504
187.0 0.00041588097889549833
188.0 0.00016587137884749604
189.0 -0.00042527270595467734
190.0 -9.489421603123473e-05
191.0 0.0004516446892391561
192.0 3.857823298284884e-05
193.0 -0.00046499423375058707
194.0 3.9332702000273974e-05
195.0 0.00044509094216571544
196.0 -4.246379706406564e-05
197.0 -0.00047381863118609757
198.0 0.00010848377845704875
199.0 0.00044052776156167816
200.0 -6.867412055857945e-05
201.0 -0.0004789985936856378
202.0 0.00010688088143273067
203.0 0.0004454151032169305
204.0 -4.249934590677507e-05
205.0 -0.0004858584159336645
206.0 4.6342271136629165e-05
207.0 0.00046774301175871624
208.0 3.4557002121200955e-05
209.0 -0.0004815978823521963
210.0 -8.634955532478977e-05
211.0 0.0004777218317220459
212.0 0.00015966584951803344
213.0 -0.0004253279732930633
214.0 -0.0002771454744291908
215.0 0.00042320033934904424
216.0 0.0003097838018309626
217.0 -0.0002776916364772452
218.0 -0.00045317314390645107
219.0 0.00024691502007187125
220.0 0.00044568465091023403
221.0 -4.6654626967878714e-05
222.0 -0.0005083712502769144
223.0 -7.74443815448796e-05
224.0 0.00048685607829622023
225.0 0.00021798750304336196
226.0 -0.0003614658917904828
227.0 -0.0004213041100938588
228.0 0.0002978525544430452
229.0 0.00044545377840898734
230.0 -4.170258313415382e-05
231.0 -0.0005177312562680336
232.0 -0.00016145999233382929
233.0 0.0004775190931495494
234.0 0.00031297218301730076
235.0 -0.00024943184439894334
236.0 -0.0005202641948794995
237.0 8.72331137684384e-05
238.0 0.0005104047343357196
239.0 0.0001812296567986303
240.0 -0.00038324776255833193
241.0 -0.00045909274406710673
242.0 0.0002447846513763036
243.0 0.0004922560237034862
244.0 8.904821243083539e-05
245.0 -0.00044937153675885937
246.0 -0.00039829754560321965
247.0 0.00032116612020410704
248.0 0.00047771868935921643
249.0 5.2230054625023864e-05
250.0 -0.00047253921020876756
251.0 -0.0003903629769197591
252.0 0.000329922433453953
253.0 0.0004824797815279135
254.0 6.918473577122317e-05
255.0 -0.0004542266556150749
256.0 -0.0004283634032236993
257.0 0.0002789644423730701
258.0 0.0005052501326850297
259.0 0.0001411448927470633
260.0 -0.0003906731544979648
261.0 -0.0005044656559873503
262.0 0.00014877515382940134
263.0 0.0005295394015226724
264.0 0.00025175038121920786
265.0 -0.0002684741372753437
266.0 -0.0005637178901608167
267.0 -7.594539940660182e-05
268.0 0.0005045871745955762
269.0 0.0003848315401135663
270.0 -7.967893529133882e-05
271.0 -0.0005304168593955962
272.0 -0.0003531849382544202
273.0 0.0003493847699730808
274.0 0.0005056416623408024
275.0 0.00015294960064768747
276.0 -0.0003605931324260762
277.0 -0.00055506939275602
278.0 2.5827021105287375e-06
279.0 0.0005237553375143971
280.0 0.00037691678998928035
281.0 -7.131120530263571e-05
282.0 -0.0005211622592438824
283.0 -0.00041400555399354153
284.0 0.00027314977732520126
285.0 0.0005292664717154855
286.0 0.0002504754849121501
287.0 -0.0002297800698609436
288.0 -0.0005800323112260835
289.0 -0.00025511896242255716
290.0 0.0004177070475444271
291.0 0.0004972254540771472
292.0 0.00015623126878764733
293.0 -0.00033061845130882844
294.0 -0.0005827696665172683
295.0 -0.0001391944986518309
296.0 0.00047542383499347236
297.0 0.00046904048771247197
298.0 0.00011408222993304112
299.0 -0.0003673719982368707
