10.0 -0.07021484673581671
11.0 -0.08429964753672381
12.0 -0.09273715945823917
13.0 -0.09697700197005661
14.0 -0.09815008752103697
15.0 -0.09712581179524431
16.0 -0.09456482779482937
17.0 -0.09096309516231382
18.0 -0.08668885356893577
19.0 -0.08201352212344741
20.0 -0.07713606176303557
21.0 -0.07220112937095409
22.0 -0.06731245642799122
23.0 -0.06254295817606503
24.0 -0.057942578331283426
25.0 -0.05354436351464511
26.0 -0.04936900103605321
27.0 -0.04542807346560552
28.0 -0.041726392056666284
29.0 -0.03826375162915469
30.0 -0.035036296757690384
31.0 -0.032037563377627955
32.0 -0.02925924345346493
33.0 -0.026691749577359876
34.0 -0.02432465581375532
35.0 -0.022147054375116944
36.0 -0.02014783047827738
37.0 -0.018315853236379784
38.0 -0.01664010565546022
39.0 -0.015109792180931994
40.0 -0.013714441633019553
41.0 -0.012443990711221122
42.0 -0.011288829091920036
43.0 -0.01023981317222992
44.0 -0.009288275067521756
45.0 -0.008426042214928032
46.0 -0.007645457882151617
47.0 -0.006939385397805735
48.0 -0.006301193990868695
49.0 -0.005724739108000789
50.0 -0.0052043474248813565
51.0 -0.004734803803987109
52.0 -0.00431133185744997
53.0 -0.003929566215116098
54.0 -0.003585522574361369
55.0 -0.0032755715734238493
56.0 -0.002996416528116044
57.0 -0.0027450712005439547
58.0 -0.002518835465840455
59.0 -0.00231527038843827
60.0 -0.0021321751124252055
61.0 -0.0019675656659336694
62.0 -0.0018196534174682929
63.0 -0.001686821130691673
64.0 -0.001567596999053467
65.0 -0.0014606293326996616
66.0 -0.0013646648053633958
67.0 -0.0012785314045856222
68.0 -0.001201125092944713
69.0 -0.0011313983327613428
70.0 -0.0010683494339187058
71.0 -0.0010110131895633217
72.0 -0.0009584541831823919
73.0 -0.0009097639984117281
74.0 -0.0008640628760071187
75.0 -0.0008205059433459589
76.0 -0.0007782941844764237
77.0 -0.0007366902929125527
78.0 -0.0006950388724639058
79.0 -0.0006527891715409134
80.0 -0.000609517324768604
81.0 -0.0005649446118830046
82.0 -0.0005189486772408269
83.0 -0.0004715656368332009
84.0 -0.0004229821309176443
85.0 -0.00037351751818888527
86.0 -0.0003235975869447147
87.0 -0.00027372231136319635
88.0 -0.0002244310315642781
89.0 -0.0001762686859015989
90.0 -0.00012975630071809165
91.0 -8.536805522342388e-05
92.0 -4.351620322491478e-05
93.0 -4.54415990471805e-06
94.0 3.1272808121615186e-05
95.0 6.372064744377526e-05
96.0 9.263538965576096e-05
97.0 0.00011789035526346971
98.0 0.00013938432303641795
99.0 0.0001570329733960916
100.0 0.00017076520367868868
101.0 0.00018052495832566017
102.0 0.00018627820382903095
103.0 0.00018802378803130107
104.0 0.0001858062984135599
105.0 0.00017972875326625177
106.0 0.00016996302898790203
107.0 0.00015675629019263923
108.0 0.00014043225703134162
109.0 0.00012138682074245723
110.0 0.00010007821552868224
111.0 7.701258858349893e-05
112.0 5.2726298766991334e-05
113.0 2.7766549511157163e-05
114.0 2.6719902263190882e-06
115.0 -2.2045276302726036e-05
116.0 -4.5915193439869574e-05
117.0 -6.85220772447466e-05
118.0 -8.951346792111018e-05
119.0 -0.00010860550267670398
120.0 -0.00012558501706056265
121.0 -0.0001403087212876137
122.0 -0.00015269988806613182
123.0 -0.0001627430415618668
124.0 -0.0001704771559518887
125.0 -0.00017598785710117127
126.0 -0.00017939907862493803
127.0 -0.0001808645672808083
128.0 -0.00018055957667804508
129.0 -0.00017867304058067686
130.0 -0.00017540047521342255
131.0 -0.0001709378139310728
132.0 -0.00016547631689007046
133.0 -0.00015919861935222168
134.0 -0.00015227589182877996
135.0 -0.000144865998997017
136.0 -0.00013711248040279456
137.0 -0.00012914414784757493
138.0 -0.00012107510528976743
139.0 -0.0001130050389048896
140.0 -0.00010501968140754032
141.0 -9.719140775249351e-05
142.0 -8.957995526463784e-05
143.0 -8.223327469762955e-05
144.0 -7.518851268729998e-05
145.0 -6.847310896609795e-05
146.0 -6.210597311376572e-05
147.0 -5.6098692650841425e-05
148.0 -5.0456719903049194e-05
149.0 -4.5180488521018524e-05
150.0 -4.026641912919686e-05
151.0 -3.570778463111833e-05
152.0 -3.14954177906371e-05
153.0 -2.7618256693906818e-05
154.0 -2.4063737787634338e-05
155.0 -2.0818060788743935e-05
156.0 -1.7866362796304142e-05
157.0 -1.5192847168812208e-05
158.0 -1.2780912960628844e-05
159.0 -1.0613321368884622e-05
160.0 -8.672417931482039e-06
161.0 -6.940407245574583e-06
162.0 -5.3996566686354374e-06
163.0 -4.03299263249869e-06
164.0 -2.8239515359397018e-06
165.0 -1.75695694411556e-06
166.0 -8.174127448476563e-07
167.0 8.277694474101713e-09
168.0 7.327396871254311e-07
169.0 1.3676679529814516e-06
170.0 1.923847694311288e-06
171.0 2.4111357689180874e-06
172.0 2.838399269557128e-06
173.0 3.213426744164266e-06
174.0 3.5428404849877527e-06
175.0 3.832043203032262e-06
176.0 4.085227840552033e-06
177.0 4.305466748207107e-06
178.0 4.494879579427905e-06
179.0 4.654862673992334e-06
180.0 4.786350721605803e-06
181.0 4.8900768488541555e-06
182.0 4.966800425615959e-06
183.0 5.017481092106644e-06
184.0 5.043389573847748e-06
185.0 5.046157314547323e-06
186.0 5.027775198298582e-06
187.0 4.990555538882366e-06
188.0 4.9370714868825675e-06
189.0 4.870085424504962e-06
190.0 4.792474370359179e-06
191.0 4.707157067333441e-06
192.0 4.617024765036126e-06
193.0 4.524875704849404e-06
194.0 4.433351806898324e-06
195.0 4.344875091386613e-06
196.0 4.26158129786021e-06
197.0 4.185249459018772e-06
198.0 4.117229038059242e-06
199.0 4.058370250899085e-06
200.0 4.008967294277317e-06
201.0 3.968726894569303e-06
202.0 3.93677447625217e-06
203.0 3.911706576252414e-06
204.0 3.891691194923691e-06
205.0 3.874608959387605e-06
206.0 3.858219416545449e-06
207.0 3.840330752355471e-06
208.0 3.818949499751031e-06
209.0 3.7923900340707886e-06
210.0 3.7593312664328972e-06
211.0 3.7188182102112886e-06
212.0 3.670216633685942e-06
213.0 3.6131374181930517e-06
214.0 3.5473516980827158e-06
215.0 3.4727175634546086e-06
216.0 3.3891344066762016e-06
217.0 3.296533226495425e-06
218.0 3.1949023014120594e-06
219.0 3.0843396339213863e-06
220.0 2.9651180974721032e-06
221.0 2.837747229959756e-06
222.0 2.7030172104390334e-06
223.0 2.5620150600191758e-06
224.0 2.4161093074810313e-06
225.0 2.266905800470224e-06
226.0 2.116182650619049e-06
227.0 1.9658154491663318e-06
228.0 1.8177043791546952e-06
229.0 1.6737127751184089e-06
230.0 1.535622685395734e-06
231.0 1.4051081160139325e-06
232.0 1.2837220872247427e-06
233.0 1.172890517345006e-06
234.0 1.0739050046190427e-06
235.0 9.879080026804041e-07
236.0 9.158672693440632e-07
237.0 8.585408909195052e-07
238.0 8.164384366622062e-07
239.0 7.897866996305595e-07
240.0 7.785091893539684e-07
241.0 7.822267853624121e-07
242.0 8.00283112910737e-07
243.0 8.317931853728434e-07
244.0 8.757088985959772e-07
245.0 9.308912662350693e-07
246.0 9.961777278725135e-07
247.0 1.0704337783049694e-06
248.0 1.1525812908161735e-06
249.0 1.2416004736442006e-06
250.0 1.3365073598388222e-06
251.0 1.436313030224866e-06
252.0 1.5399735900014694e-06
253.0 1.646340846013597e-06
254.0 1.754122697153079e-06
255.0 1.8618598722251535e-06
256.0 1.967922484663137e-06
257.0 2.0705266403080527e-06
258.0 2.1677686487589377e-06
259.0 2.2576726487800105e-06
260.0 2.338246795537204e-06
261.0 2.4075434534893773e-06
262.0 2.463719791875222e-06
263.0 2.5050964004780616e-06
264.0 2.53021265346829e-06
265.0 2.5378782651793894e-06
266.0 2.5272206672247143e-06
267.0 2.4977275171186143e-06
268.0 2.4492829903428246e-06
269.0 2.3821957663116958e-06
270.0 2.2972160706919237e-06
271.0 2.1955390117551567e-06
272.0 2.0787918731593256e-06
273.0 1.9490039941996907e-06
274.0 1.8085592443653271e-06
275.0 1.6601326487367067e-06
276.0 1.5066141684615072e-06
277.0 1.3510237326623848e-06
278.0 1.1964221787727266e-06
279.0 1.0458227267863514e-06
280.0 9.021070491300412e-07
281.0 7.679490618720479e-07
282.0 6.457484692988187e-07
283.0 5.375750594376395e-07
284.0 4.4512394208639197e-07
285.0 3.696814335101821e-07
286.0 3.1210112546435146e-07
287.0 2.727897582903137e-07
288.0 2.517027328234597e-07
289.0 2.483493196791257e-07
290.0 2.618077569705875e-07
291.0 2.9075041207701863e-07
292.0 3.3347900969925455e-07
293.0 3.8796962657602176e-07
294.0 4.519267730228491e-07
295.0 5.22845477474838e-07
296.0 5.980799067474021e-07
297.0 6.74916720819918e-07
298.0 7.506510914136411e-07
299.0 8.22663114538659e-07
