10.0 -0.0654962214166
11.0 -0.0807907606446
12.0 -0.0906348545571
13.0 -0.0964203218193
14.0 -0.099225728342
15.0 -0.0998754734662
16.0 -0.0989932095585
17.0 -0.0970455808634
18.0 -0.0943783131491
19.0 -0.0912459899749
20.0 -0.0878352848393
21.0 -0.0842821095373
22.0 -0.0806841668365
23.0 -0.0771104200184
24.0 -0.0736084641153
25.0 -0.0702102613332
26.0 -0.0669364408569
27.0 -0.0637993865361
28.0 -0.0608054502154
29.0 -0.0579566149406
30.0 -0.0552517849109
31.0 -0.0526877579014
32.0 -0.0502599230583
33.0 -0.047962758841
34.0 -0.0457902070135
35.0 -0.0437359627516
36.0 -0.0417936840937
37.0 -0.0399571196088
38.0 -0.0382201783701
39.0 -0.0365769816011
40.0 -0.0350219145953
41.0 -0.0335496646639
42.0 -0.0321552265329
43.0 -0.0308338824539
44.0 -0.0295811836525
45.0 -0.0283929482952
46.0 -0.02726526596
47.0 -0.0261944910202
48.0 -0.0251772223721
49.0 -0.0242102818703
50.0 -0.0232907011453
51.0 -0.0224157134939
52.0 -0.0215827419614
53.0 -0.020789381223
54.0 -0.0200333789117
55.0 -0.0193126220481
56.0 -0.0186251282579
57.0 -0.0179690376131
58.0 -0.0173426026598
59.0 -0.0167441778877
60.0 -0.0161722108516
61.0 -0.0156252349299
62.0 -0.0151018614264
63.0 -0.0146007690085
64.0 -0.0141206909676
65.0 -0.0136604031015
66.0 -0.013218715249
67.0 -0.0127944677
68.0 -0.0123865315057
69.0 -0.0119938107757
70.0 -0.0116152457414
71.0 -0.0112498167403
72.0 -0.0108965500364
73.0 -0.0105545260925
74.0 -0.0102228900957
75.0 -0.00990086406867
76.0 -0.00958775998273
77.0 -0.00928299342594
78.0 -0.00898609699148
79.0 -0.00869673166391
80.0 -0.00841469373345
81.0 -0.00813991477472
82.0 -0.00787245306664
83.0 -0.00761247608113
84.0 -0.0073602348717
85.0 -0.00711603217871
86.0 -0.00688018688447
87.0 -0.0066529980813
88.0 -0.00643471226865
89.0 -0.00622549687059
90.0 -0.0060254223824
91.0 -0.00583445428683
92.0 -0.00565245476674
93.0 -0.00547919337034
94.0 -0.00531436514155
95.0 -0.0051576142057
96.0 -0.0050085603528
97.0 -0.00486682585359
98.0 -0.00473205969664
99.0 -0.00460395672883
100.0 -0.00448226980635
101.0 -0.00436681392926
102.0 -0.00425746230399
103.0 -0.00415413521016
104.0 -0.00405678331191
105.0 -0.00396536756002
106.0 -0.00387983804211
107.0 -0.00380011406651
108.0 -0.00372606745337
109.0 -0.00365751051138
110.0 -0.00359418956072
111.0 -0.00353578419999
112.0 -0.00348191189456
113.0 -0.00343213697878
114.0 -0.00338598287607
115.0 -0.00334294626282
116.0 -0.00330251199203
117.0 -0.00326416777862
118.0 -0.00322741786065
119.0 -0.00319179504628
120.0 -0.00315687072622
121.0 -0.00312226258534
122.0 -0.00308763989581
123.0 -0.00305272641637
124.0 -0.00301730104777
125.0 -0.00298119649082
126.0 -0.00294429621752
127.0 -0.00290653010306
128.0 -0.00286786908747
129.0 -0.00282831924555
130.0 -0.0027879156403
131.0 -0.00274671631021
132.0 -0.00270479668633
133.0 -0.00266224465067
134.0 -0.0026191563443
135.0 -0.00257563272914
136.0 -0.00253177682457
137.0 -0.00248769149233
138.0 -0.00244347763749
139.0 -0.00239923272017
140.0 -0.00235504951727
141.0 -0.00231101511716
142.0 -0.00226721015806
143.0 -0.0022237083284
144.0 -0.00218057613548
145.0 -0.00213787292737
146.0 -0.00209565113012
147.0 -0.00205395664598
148.0 -0.00201282935191
149.0 -0.00197230363916
150.0 -0.00193240894275
151.0 -0.00189317022123
152.0 -0.0018546083591
153.0 -0.00181674047879
154.0 -0.00177958016385
155.0 -0.00174313761013
156.0 -0.00170741973551
157.0 -0.00167243028693
158.0 -0.00163816998364
159.0 -0.00160463672643
160.0 -0.00157182588466
161.0 -0.00153973065183
162.0 -0.00150834244053
163.0 -0.00147765127626
164.0 -0.00144764614903
165.0 -0.00141831529317
166.0 -0.00138964638436
167.0 -0.00136162666463
168.0 -0.00133424302235
169.0 -0.00130748206246
170.0 -0.0012813301988
171.0 -0.00125577378758
172.0 -0.0012307993026
173.0 -0.00120639353453
174.0 -0.00118254378294
175.0 -0.00115923800538
176.0 -0.00113646489286
177.0 -0.00111421385486
178.0 -0.00109247491453
179.0 -0.00107123853264
180.0 -0.0010504953911
181.0 -0.00103023617229
182.0 -0.00101045136673
183.0 -0.00099113113263
184.0 -0.000972265217659
185.0 -0.000953842941605
186.0 -0.00093585322956
187.0 -0.000918284680961
188.0 -0.000901125659666
189.0 -0.000884364392771
190.0 -0.000867989069657
191.0 -0.000851987936364
192.0 -0.000836349383385
193.0 -0.00082106202724
194.0 -0.000806114787827
195.0 -0.000791496964493
196.0 -0.000777198313681
197.0 -0.000763209129432
198.0 -0.000749520324869
199.0 -0.000736123508533
200.0 -0.000723011045202
201.0 -0.000710176088197
202.0 -0.000697612570458
203.0 -0.000685315145748
204.0 -0.0006732790786
205.0 -0.000661500090868
206.0 -0.000649974181472
207.0 -0.000638697442071
208.0 -0.000627665892979
209.0 -0.000616875360153
210.0 -0.000606321406139
211.0 -0.00059599931727
212.0 -0.00058590413868
213.0 -0.000576030740257
214.0 -0.000566373892367
215.0 -0.000556928330791
216.0 -0.000547688795453
217.0 -0.000538650035621
218.0 -0.00052980678347
219.0 -0.000521153705887
220.0 -0.000512685349652
221.0 -0.000504396096568
222.0 -0.000496280142798
223.0 -0.00048833151133
224.0 -0.000480544099449
225.0 -0.000472911756038
226.0 -0.000465428377848
227.0 -0.000458088010692
228.0 -0.000450884941415
229.0 -0.000443813769224
230.0 -0.000436869449845
231.0 -0.000430047311865
232.0 -0.000423343050115
233.0 -0.000416752704824
234.0 -0.000410272636787
235.0 -0.000403899507563
236.0 -0.000397630270288
237.0 -0.00039146217195
238.0 -0.000385392763271
239.0 -0.000379419908873
240.0 -0.00037354178919
241.0 -0.000367756886832
242.0 -0.000362063953629
243.0 -0.000356461959261
244.0 -0.000350950027228
245.0 -0.000345527367403
246.0 -0.000340193215968
247.0 -0.000334946792499
248.0 -0.000329787280879
249.0 -0.000324713836148
250.0 -0.000319725614528
251.0 -0.000314821819749
252.0 -0.000310001756162
253.0 -0.000305264878545
254.0 -0.000300610829722
255.0 -0.000296039459819
256.0 -0.000291550824402
257.0 -0.00028714516215
258.0 -0.000282822855402
259.0 -0.000278584378614
260.0 -0.000274430240191
261.0 -0.000270360922548
262.0 -0.000266376824004
263.0 -0.000262478204504
264.0 -0.000258665135814
265.0 -0.000254937455918
266.0 -0.000251294727097
267.0 -0.000247736197539
268.0 -0.000244260767182
269.0 -0.000240866959441
270.0 -0.000237552901343
271.0 -0.000234316314978
272.0 -0.000231154523038
273.0 -0.000228064470396
274.0 -0.000225042762434
275.0 -0.000222085719309
276.0 -0.000219189443796
277.0 -0.000216349899203
278.0 -0.000213562993077
279.0 -0.000210824662304
280.0 -0.0002081309556
281.0 -0.000205478110161
282.0 -0.000202862620213
283.0 -0.00020028129617
284.0 -0.000197731313846
285.0 -0.00019521025367
286.0 -0.00019271613001
287.0 -0.000190247410722
288.0 -0.000187803026828
289.0 -0.000185382372136
290.0 -0.000182985292491
291.0 -0.000180612064465
292.0 -0.00017826336349
293.0 -0.000175940221779
294.0 -0.00017364397677
295.0 -0.000171376211227
296.0 -0.000169138686501
297.0 -0.000166933270752
298.0 -0.000164761864191
299.0 -0.000162626323542
