10.0 -0.2712303601571396
11.0 -0.24385810994135687
12.0 -0.2199901325495735
13.0 -0.19899358957845711
14.0 -0.18038486016399577
15.0 -0.1637855134701568
16.0 -0.14889472668979156
17.0 -0.13547300863962525
18.0 -0.12332933026382645
19.0 -0.11230898590233584
20.0 -0.10228405558876696
21.0 -0.09314726670290815
22.0 -0.08480806890619086
23.0 -0.07718959551569281
24.0 -0.07022589201815632
25.0 -0.0638594400861725
26.0 -0.05803925972430982
27.0 -0.05271968341892036
28.0 -0.04785957518463605
29.0 -0.04342169625572952
30.0 -0.039372113633259584
31.0 -0.03567971192558853
32.0 -0.03231584815818183
33.0 -0.029254101912813645
34.0 -0.026470051590185763
35.0 -0.02394105475466104
36.0 -0.021646063282498698
37.0 -0.019565505014115234
38.0 -0.01768121312313585
39.0 -0.015976349446683896
40.0 -0.01443529822708955
41.0 -0.0130435624984722
42.0 -0.011787702922190136
43.0 -0.010655312052488397
44.0 -0.009634980326706255
45.0 -0.008716228522564809
46.0 -0.007889425910296552
47.0 -0.007145727220453178
48.0 -0.006477034678345927
49.0 -0.005875963959938408
50.0 -0.005335797023155647
51.0 -0.004850427666387437
52.0 -0.004414315553441085
53.0 -0.00402245276677676
54.0 -0.0036703325731879495
55.0 -0.003353910208812619
56.0 -0.003069556408955799
57.0 -0.0028140115269915784
58.0 -0.0025843452006679975
59.0 -0.0023779200406682526
60.0 -0.002192356020795341
61.0 -0.002025495903648107
62.0 -0.0018753757051129802
63.0 -0.0017402034742658203
64.0 -0.0016183453122979147
65.0 -0.0015083137303767147
66.0 -0.0014087533808611766
67.0 -0.0013184226757284212
68.0 -0.0012361739243258651
69.0 -0.0011609364464849302
70.0 -0.001091705901358862
71.0 -0.0010275404161305334
72.0 -0.0009675622116482493
73.0 -0.0009109631917384249
74.0 -0.000857013531362764
75.0 -0.0008050723229275621
76.0 -0.0007545985009296841
77.0 -0.0007051594968649056
78.0 -0.0006564354336666648
79.0 -0.0006082181526425022
80.0 -0.0005604059283931727
81.0 -0.0005129953273494381
82.0 -0.0004660711864698194
83.0 -0.0004197948472259311
84.0 -0.00037439031304503304
85.0 -0.00033012806635313046
86.0 -0.0002873065977431491
87.0 -0.00024623203821240105
88.0 -0.00020719671737405533
89.0 -0.00017045813107270926
90.0 -0.00013622054543408353
91.0 -0.00010462184379716623
92.0 -7.572782490566376e-05
93.0 -4.953495903082795e-05
94.0 -2.5981010844989875e-05
95.0 -4.961516778474652e-06
96.0 1.3650730208212598e-05
97.0 2.9986185162378408e-05
98.0 4.4161647429032335e-05
99.0 5.626783703978231e-05
100.0 6.636250350050579e-05
101.0 7.446930434257457e-05
102.0 8.05819936190643e-05
103.0 8.467293710452472e-05
104.0 8.670463907314244e-05
105.0 8.664281681847366e-05
106.0 8.446957572007695e-05
107.0 8.019539699962634e-05
108.0 7.386891455038191e-05
109.0 6.558376749156986e-05
110.0 5.548210789508545e-05
111.0 4.375458295474938e-05
112.0 3.063681063097081e-05
113.0 1.6402574556902763e-05
114.0 1.354215978500994e-06
115.0 -1.4189013183542881e-05
116.0 -2.9903618204972217e-05
117.0 -4.547440082311217e-05
118.0 -6.0605773338737855e-05
119.0 -7.503098818829156e-05
120.0 -8.851878218039938e-05
121.0 -0.00010087732087810104
122.0 -0.00011195565889595965
123.0 -0.0001216431586681108
124.0 -0.00012986742427869088
125.0 -0.00013659132189484634
126.0 -0.00014180959371069984
127.0 -0.0001455454461778292
128.0 -0.00014784732588706177
129.0 -0.00014878591671205622
130.0 -0.00014845123791467648
131.0 -0.00014694963358924108
132.0 -0.00014440044428239236
133.0 -0.0001409322417772229
134.0 -0.00013667865969489053
135.0 -0.00013177401751787707
136.0 -0.00012634906154917582
137.0 -0.00012052719422528823
138.0 -0.00011442151982445543
139.0 -0.0001081329151266862
140.0 -0.00010174917429255115
141.0 -9.534512176414654e-05
142.0 -8.898347179536752e-05
143.0 -8.271615770350756e-05
144.0 -7.65858581721985e-05
145.0 -7.062749710354953e-05
146.0 -6.486956602255595e-05
147.0 -5.933519343797629e-05
148.0 -5.404294954995897e-05
149.0 -4.9007420310069525e-05
150.0 -4.423961085686136e-05
151.0 -3.9747246592747053e-05
152.0 -3.553503344107436e-05
153.0 -3.1604920277995604e-05
154.0 -2.7956380224037247e-05
155.0 -2.458669914891561e-05
156.0 -2.149123676370361e-05
157.0 -1.8663615590853775e-05
158.0 -1.609580106216346e-05
159.0 -1.3778062187702317e-05
160.0 -1.1698840624072839e-05
161.0 -9.844595247855544e-06
162.0 -8.199716149551535e-06
163.0 -6.746605303697196e-06
164.0 -5.465996448228406e-06
165.0 -4.337537813849378e-06
166.0 -3.340599945587883e-06
167.0 -2.4552130494848934e-06
168.0 -1.6629998033912897e-06
169.0 -9.479611001713076e-07
170.0 -2.9699638553829186e-07
171.0 2.9990888094981945e-07
172.0 8.498313380947047e-07
173.0 1.3573333212734415e-06
174.0 1.8250558536525971e-06
175.0 2.2543556373883505e-06
176.0 2.64587083825003e-06
177.0 2.9999354099431613e-06
178.0 3.3168108183270676e-06
179.0 3.596753898921291e-06
180.0 3.839977730029667e-06
181.0 4.046580526119752e-06
182.0 4.2165134241263695e-06
183.0 4.349635502525378e-06
184.0 4.445871612929526e-06
185.0 4.5054552866259736e-06
186.0 4.529213399310448e-06
187.0 4.518836377183322e-06
188.0 4.477078489543799e-06
189.0 4.4078449144938884e-06
190.0 4.316141669678073e-06
191.0 4.207886699738504e-06
192.0 4.089601561690755e-06
193.0 3.968020367434026e-06
194.0 3.849663897011021e-06
195.0 3.7404307146747854e-06
196.0 3.6452530257549713e-06
197.0 3.5678532360020002e-06
198.0 3.510619436247461e-06
199.0 3.4745975539864042e-06
200.0 3.4595789931113677e-06
201.0 3.464249631875967e-06
202.0 3.486362305327697e-06
203.0 3.522901304186825e-06
204.0 3.570222089777147e-06
205.0 3.6241679731793657e-06
206.0 3.6801822181359065e-06
207.0 3.7334434973467095e-06
208.0 3.7790514100558424e-06
209.0 3.8122764629462716e-06
210.0 3.828868424444125e-06
211.0 3.82539375210394e-06
212.0 3.799553435731322e-06
213.0 3.7504229875412695e-06
214.0 3.6785600485336555e-06
215.0 3.585942489511203e-06
216.0 3.475727869639351e-06
217.0 3.3518578979565692e-06
218.0 3.2185620501658624e-06
219.0 3.079836018117449e-06
220.0 2.9389783968898574e-06
221.0 2.798261058784731e-06
222.0 2.6587864061853214e-06
223.0 2.5205524124554676e-06
224.0 2.382710255045336e-06
225.0 2.2439662442945993e-06
226.0 2.1030557449393733e-06
227.0 1.9592060784308734e-06
228.0 1.8125095662847246e-06
229.0 1.6641456808429265e-06
230.0 1.5164189692319033e-06
231.0 1.3726115670526284e-06
232.0 1.2366796856381248e-06
233.0 1.1128470020519881e-06
234.0 1.0051606110771718e-06
235.0 9.170756492335019e-07
236.0 8.511239103201987e-07
237.0 8.087029148594575e-07
238.0 7.899994543852054e-07
239.0 7.940403221248447e-07
240.0 8.188466449111068e-07
241.0 8.616591984030154e-07
242.0 9.192006054156963e-07
243.0 9.87944886052157e-07
244.0 1.0643727838869208e-06
245.0 1.1451996608011037e-06
246.0 1.2275691030293524e-06
247.0 1.3092084320644151e-06
248.0 1.3885421572082471e-06
249.0 1.4647573122300678e-06
250.0 1.5378125179555183e-06
251.0 1.608382430941783e-06
252.0 1.6777322777839416e-06
253.0 1.7475237109834392e-06
254.0 1.8195624130411267e-06
255.0 1.8955079740741675e-06
256.0 1.9765753695344733e-06
257.0 2.0632627511125507e-06
258.0 2.155140711519515e-06
259.0 2.2507331150724606e-06
260.0 2.347509499379844e-06
261.0 2.4419954196177217e-06
262.0 2.529992069489201e-06
263.0 2.6068824698759636e-06
264.0 2.6679906692464633e-06
265.0 2.708954366149096e-06
266.0 2.7260709125294252e-06
267.0 2.716581614905031e-06
268.0 2.6788685860348678e-06
269.0 2.6125504504950842e-06
270.0 2.518476007268274e-06
271.0 2.398626588431258e-06
272.0 2.255946782551309e-06
273.0 2.094128465508364e-06
274.0 1.9173744363301257e-06
275.0 1.7301657726917988e-06
276.0 1.5370521709338604e-06
277.0 1.3424781575445023e-06
278.0 1.1506513187246168e-06
279.0 9.654525836423933e-07
280.0 7.90383798346715e-07
281.0 6.285446728309057e-07
282.0 4.82629686258843e-07
283.0 3.549354795684487e-07
284.0 2.4737031498029246e-07
285.0 1.6145898167935163e-07
286.0 9.833876261353122e-08
287.0 5.874450160021269e-08
288.0 4.298323282770901e-08
289.0 5.0901094727981775e-08
290.0 8.18471883044435e-08
291.0 1.3464049066674272e-07
292.0 2.0754673477906841e-07
293.0 2.9827218753728504e-07
294.0 4.039804386137e-07
295.0 5.213366887846659e-07
296.0 6.465817425517707e-07
297.0 7.756352060550396e-07
298.0 9.042245716603051e-07
299.0 1.0280342560793559e-06
