10.0 -0.39150406542664345
11.0 -0.35187680447966907
12.0 -0.31730837414467195
13.0 -0.2868881095785929
14.0 -0.2599204066884916
15.0 -0.23586095563788015
16.0 -0.21427684977300215
17.0 -0.19482311725655868
18.0 -0.17722423199632903
19.0 -0.1612567067444173
20.0 -0.14673544537922717
21.0 -0.13350499127405696
22.0 -0.12143394996622295
23.0 -0.1104106671386083
24.0 -0.10033926910990003
25.0 -0.09113611083964508
26.0 -0.08272704454738015
27.0 -0.07504564922162014
28.0 -0.06803209693207142
29.0 -0.06163222817951764
30.0 -0.055796688517066886
31.0 -0.05048021511782749
32.0 -0.04564113135184718
33.0 -0.04124098085350346
34.0 -0.03724420110486341
35.0 -0.03361780450734039
36.0 -0.030331111035911174
37.0 -0.027355577951406272
38.0 -0.02466469912280583
39.0 -0.022233896030107662
40.0 -0.020040366194798584
41.0 -0.018062935413262884
42.0 -0.016281971151711018
43.0 -0.014679346868365228
44.0 -0.013238394071344778
45.0 -0.011943805600834054
46.0 -0.010781517908839662
47.0 -0.009738620197299734
48.0 -0.008803299474251331
49.0 -0.007964791021823289
50.0 -0.007213309695666586
51.0 -0.0065399705533164
52.0 -0.005936721590750657
53.0 -0.005396294495360643
54.0 -0.004912158550510218
55.0 -0.004478462998863573
56.0 -0.004089968937665457
57.0 -0.0037419820955119486
58.0 -0.0034302936637495376
59.0 -0.00315112698180474
60.0 -0.002901085273013987
61.0 -0.0026771008965969867
62.0 -0.0024763918713907084
63.0 -0.002296430366234824
64.0 -0.002134921553429824
65.0 -0.001989785689463664
66.0 -0.0018591361871970733
67.0 -0.001741251469930398
68.0 -0.001634544354654535
69.0 -0.0015375353645815403
70.0 -0.0014488346450087528
71.0 -0.0013671333623532969
72.0 -0.0012912027949545807
73.0 -0.0012198990553640386
74.0 -0.001152172272587454
75.0 -0.0010870791614012614
76.0 -0.001023796743909961
77.0 -0.0009616339044670965
78.0 -0.0009000379660168037
79.0 -0.0008385955665182301
80.0 -0.0007770292708569371
81.0 -0.0007151920739453184
82.0 -0.0006530610740970373
83.0 -0.0005907301733093335
84.0 -0.0005284007787401265
85.0 -0.0004663693948410284
86.0 -0.0004050113207828598
87.0 -0.00034476009927724647
88.0 -0.0002860830202753303
89.0 -0.00022945406751612952
90.0 -0.0001753269913824386
91.0 -0.00012411203365314793
92.0 -7.615959258312257e-05
93.0 -3.175272644180664e-05
94.0 8.891599768659203e-06
95.0 4.5614424508800766e-05
96.0 7.830280982925591e-05
97.0 0.0001068770995385242
98.0 0.0001312800480638102
99.0 0.00015146960007166268
100.0 0.00016741615478958535
101.0 0.0001791042852454379
102.0 0.00018653820603239544
103.0 0.0001897498401796807
104.0 0.0001888081221197878
105.0 0.00018382815547612888
106.0 0.00017497898332068817
107.0 0.00016248898957488698
108.0 0.00014664828549793525
109.0 0.00012780777356628372
110.0 0.00010637484925838497
111.0 8.280586838423772e-05
112.0 5.759561197130482e-05
113.0 3.1264107291797955e-05
114.0 4.341380577702882e-06
115.0 -2.264898316612948e-05
116.0 -4.9206307943288195e-05
117.0 -7.486800713667363e-05
118.0 -9.92222457151217e-05
119.0 -0.0001219171771023487
120.0 -0.00014266632670266233
121.0 -0.00016125020078398296
122.0 -0.0001775146193911463
123.0 -0.00019136654221518914
124.0 -0.00020276826783312065
125.0 -0.00021173086213827075
126.0 -0.00021830754093034465
127.0 -0.00022258752119259643
128.0 -0.00022469059445472236
129.0 -0.0002247624047100491
130.0 -0.00022297018651360406
131.0 -0.0002194985906666674
132.0 -0.00021454523025292048
133.0 -0.0002083157172759666
134.0 -0.00020101818790647656
135.0 -0.00019285756178496317
136.0 -0.0001840299716471347
137.0 -0.00017471787695845576
138.0 -0.00016508631977840322
139.0 -0.00015528061448415645
140.0 -0.00014542553767851935
141.0 -0.00013562586367306232
142.0 -0.00012596792713593895
143.0 -0.0001165218160247747
144.0 -0.0001073438050627294
145.0 -9.847871151567799e-05
146.0 -8.996195985257424e-05
147.0 -8.182125062206409e-05
148.0 -7.407782098771426e-05
149.0 -6.674734986168788e-05
150.0 -5.9840597742102556e-05
151.0 -5.336388285827259e-05
152.0 -4.731948512998647e-05
153.0 -4.170604231188506e-05
154.0 -3.651896437669204e-05
155.0 -3.175085098754546e-05
156.0 -2.7391863469879083e-05
157.0 -2.3429987913051663e-05
158.0 -1.9851137344773687e-05
159.0 -1.663907859894276e-05
160.0 -1.3775224809160399e-05
161.0 -1.123839107738364e-05
162.0 -9.004649485414586e-06
163.0 -7.0474243417524166e-06
164.0 -5.337932750851197e-06
165.0 -3.846004882786798e-06
166.0 -2.541229562797644e-06
167.0 -1.3942872499772464e-06
168.0 -3.7827685617448016e-07
169.0 5.30169358689138e-07
170.0 1.3501535760738216e-06
171.0 2.0962600984282345e-06
172.0 2.7787864668883565e-06
173.0 3.404370793496308e-06
174.0 3.976861578055162e-06
175.0 4.498248398610635e-06
176.0 4.969486638064904e-06
177.0 5.391100023864198e-06
178.0 5.763515888223124e-06
179.0 6.08716032883913e-06
180.0 6.36239580908947e-06
181.0 6.589410161624561e-06
182.0 6.768160203400428e-06
183.0 6.898440773662048e-06
184.0 6.980102756000521e-06
185.0 7.013395498431094e-06
186.0 6.999371982913978e-06
187.0 6.940276263918209e-06
188.0 6.839833532139479e-06
189.0 6.70338039199037e-06
190.0 6.537800653602559e-06
191.0 6.351263705399189e-06
192.0 6.152792825422125e-06
193.0 5.951715468752094e-06
194.0 5.757063714104655e-06
195.0 5.576998689319356e-06
196.0 5.418326943812031e-06
197.0 5.286159863485657e-06
198.0 5.183741798342183e-06
199.0 5.1124432263116915e-06
200.0 5.071888202493323e-06
201.0 5.060166886857625e-06
202.0 5.0740787629591e-06
203.0 5.109361600165596e-06
204.0 5.160882534084336e-06
205.0 5.2227945099975385e-06
206.0 5.288685491942658e-06
207.0 5.351761484390416e-06
208.0 5.40510256936124e-06
209.0 5.442013275379216e-06
210.0 5.456458866767536e-06
211.0 5.443545484976308e-06
212.0 5.399973993840669e-06
213.0 5.324383399225701e-06
214.0 5.217505040994319e-06
215.0 5.082073857828889e-06
216.0 4.92248342671691e-06
217.0 4.744218826227764e-06
218.0 4.553145438392553e-06
219.0 4.354762890602108e-06
220.0 4.153544481526924e-06
221.0 3.9524709041542915e-06
222.0 3.7528348688216484e-06
223.0 3.5543465198995137e-06
224.0 3.3555173000193254e-06
225.0 3.1542520176336373e-06
226.0 2.9485441273015343e-06
227.0 2.737153722524146e-06
228.0 2.5201537669083444e-06
229.0 2.2992558573758696e-06
230.0 2.077866922352066e-06
231.0 1.8608748446032533e-06
232.0 1.6542053369364456e-06
233.0 1.4642266198741717e-06
234.0 1.2970970572223255e-06
235.0 1.1581517644192395e-06
236.0 1.0514087962106661e-06
237.0 9.792484138277416e-07
238.0 9.422865892786214e-07
239.0 9.39433130828221e-07
240.0 9.681012133110988e-07
241.0 1.0245219261498133e-06
242.0 1.104115135132811e-06
243.0 1.2018743403732577e-06
244.0 1.3127344717658386e-06
245.0 1.4319034185690707e-06
246.0 1.555147048778837e-06
247.0 1.6790217039333403e-06
248.0 1.8010478003040331e-06
249.0 1.9198150713835233e-06
250.0 2.0350069412299323e-06
251.0 2.1473313015651998e-06
252.0 2.2583494502653844e-06
253.0 2.3702045214570666e-06
254.0 2.4852641658957705e-06
255.0 2.6057069862388654e-06
256.0 2.7330950946826445e-06
257.0 2.8679830688907236e-06
258.0 3.0096143250205496e-06
259.0 3.1557486645270303e-06
260.0 3.3026502031291844e-06
261.0 3.4452451832867356e-06
262.0 3.5774374083182498e-06
263.0 3.6925486892162426e-06
264.0 3.7838359545713033e-06
265.0 3.845027885318226e-06
266.0 3.8708232186800485e-06
267.0 3.857299977590028e-06
268.0 3.8021983358777334e-06
269.0 3.705057226324307e-06
270.0 3.567203297395791e-06
271.0 3.3916076592817547e-06
272.0 3.182638797867119e-06
273.0 2.945747700178003e-06
274.0 2.6871232398316404e-06
275.0 2.4133527616236116e-06
276.0 2.131115834006382e-06
277.0 1.846929948331211e-06
278.0 1.5669572160897783e-06
279.0 1.2968722819233605e-06
280.0 1.0417847183212512e-06
281.0 8.062045789295878e-07
282.0 5.940375827100358e-07
283.0 4.085962733766277e-07
284.0 2.5261496668223596e-07
285.0 1.2825885087499686e-07
286.0 3.712079353305371e-08
287.0 -1.9797123396918946e-08
288.0 -4.211684156293438e-08
289.0 -3.01285854428454e-08
290.0 1.5160408565161362e-08
291.0 9.198135104624146e-08
292.0 1.977733805987617e-07
293.0 3.291769593085877e-07
294.0 4.820599236834377e-07
295.0 6.515826219106815e-07
296.0 8.323053047821692e-07
297.0 1.0183370657371748e-06
298.0 1.2035215827906637e-06
299.0 1.3816511639107284e-06
