10.0 -0.0009713305418552116
11.0 -0.017395249231620072
12.0 -0.029013311318493253
13.0 -0.03700189435864005
14.0 -0.04227589955141663
15.0 -0.045537423721520476
16.0 -0.04732015868691254
17.0 -0.04802578467356494
18.0 -0.04795424923711927
19.0 -0.04732900029007187
20.0 -0.046316674151313665
21.0 -0.04504147329505857
22.0 -0.04359554996261099
23.0 -0.04204678263137222
24.0 -0.040444835362920026
25.0 -0.03882588633977683
26.0 -0.03721616308894968
27.0 -0.03563445707105849
28.0 -0.03409391492523707
29.0 -0.03260339832342222
30.0 -0.031168563164844676
31.0 -0.029792692406456944
32.0 -0.028477307916914205
33.0 -0.027222622018150056
34.0 -0.026027893376636854
35.0 -0.02489171844303692
36.0 -0.023812254897070107
37.0 -0.022787371093362138
38.0 -0.021814742208238588
39.0 -0.02089193001753923
40.0 -0.020016463067056626
41.0 -0.019185901712364162
42.0 -0.018397868780353824
43.0 -0.017650052951156937
44.0 -0.016940211533424527
45.0 -0.016266187831055663
46.0 -0.015625933025857353
47.0 -0.015017514961065145
48.0 -0.014439111350411185
49.0 -0.013888999976436766
50.0 -0.013365555778611525
51.0 -0.012867251746415669
52.0 -0.0123926549769267
53.0 -0.011940415787052064
54.0 -0.011509255813757106
55.0 -0.011097960992179115
56.0 -0.010705379232841884
57.0 -0.010330418683144969
58.0 -0.009972044136878938
59.0 -0.009629272832098558
60.0 -0.009301171837384279
61.0 -0.008986857018741502
62.0 -0.008685491343398492
63.0 -0.008396280618743989
64.0 -0.00811846728725287
65.0 -0.007851325172581271
66.0 -0.007594158161950229
67.0 -0.007346303801794287
68.0 -0.007107140371952107
69.0 -0.0068760949031195185
70.0 -0.006652650226452319
71.0 -0.006436350530847264
72.0 -0.0062268057642022425
73.0 -0.006023695075975351
74.0 -0.0058267689225495545
75.0 -0.005635849274950204
76.0 -0.005450827786816082
77.0 -0.0052716622590502655
78.0 -0.005098371662555606
79.0 -0.004931029349476727
80.0 -0.00476975349566347
81.0 -0.004614693858660911
82.0 -0.0044660146509423815
83.0 -0.004323874276868269
84.0 -0.00418840340829035
85.0 -0.004059683247089409
86.0 -0.003937725960743275
87.0 -0.003822459256356439
88.0 -0.003713716789215283
89.0 -0.003611235474588821
90.0 -0.0035146598678262916
91.0 -0.003423552888251678
92.0 -0.0033374115901130493
93.0 -0.003255686531902243
94.0 -0.003177803426491481
95.0 -0.003103185932114617
96.0 -0.0030312785090579174
97.0 -0.002961568211754243
98.0 -0.0028936042075486225
99.0 -0.0028270138192832937
100.0 -0.0027615140375641506
101.0 -0.0026969177421020743
102.0 -0.0026331342734741423
103.0 -0.0025701644501249683
104.0 -0.002508090566880898
105.0 -0.0024470622851061647
106.0 -0.00238727959534133
107.0 -0.002328974185987275
108.0 -0.002272390581969624
109.0 -0.0022177683229196495
110.0 -0.0021653262355026326
111.0 -0.0021152495444823217
112.0 -0.00206768021605029
113.0 -0.002022710605343144
114.0 -0.0019803802460326954
115.0 -0.0019406754928449539
116.0 -0.0019035316831209673
117.0 -0.0018688374714080846
118.0 -0.001836440967664406
119.0 -0.0018061572595424282
120.0 -0.0017777768377704032
121.0 -0.0017510744012891907
122.0 -0.0017258175199790255
123.0 -0.0017017746834621086
124.0 -0.001678722353371384
125.0 -0.0016564507458829685
126.0 -0.0016347681874574146
127.0 -0.0016135040031903492
128.0 -0.001592510010730532
129.0 -0.0015716607969659489
130.0 -0.001550853037054226
131.0 -0.0015300041603549623
132.0 -0.0015090506641498235
133.0 -0.0014879463236170992
134.0 -0.0014666604589836398
135.0 -0.0014451763221014077
136.0 -0.0014234895814647817
137.0 -0.001401606837088193
138.0 -0.0013795440920656866
139.0 -0.0013573251391325396
140.0 -0.0013349798708039192
141.0 -0.0013125425701146852
142.0 -0.001290050269282344
143.0 -0.0012675412683591165
144.0 -0.001245053887350409
145.0 -0.0012226254922755868
146.0 -0.0012002917992656704
147.0 -0.0011780864300473314
148.0 -0.0011560406718549758
149.0 -0.0011341833855676494
150.0 -0.0011125410057118664
151.0 -0.001091137582283013
152.0 -0.0010699948251522348
153.0 -0.001049132126033823
154.0 -0.0010285665496196363
155.0 -0.0010083128027574917
156.0 -0.0009883832054164645
157.0 -0.0009687876958406371
158.0 -0.0009495339015202217
159.0 -0.0009306272963564786
160.0 -0.0009120714448147283
161.0 -0.0008938683111638096
162.0 -0.0008760185929511693
163.0 -0.0008585220289187313
164.0 -0.0008413776360769644
165.0 -0.0008245838479493233
166.0 -0.0008081385513784211
167.0 -0.0007920390454990065
168.0 -0.0007762819660183248
169.0 -0.0007608632253358952
170.0 -0.000745778012412057
171.0 -0.0007310208777868035
172.0 -0.0007165859040903528
173.0 -0.0007024669376850946
174.0 -0.0006886578392733905
175.0 -0.0006751527048403206
176.0 -0.00066194601443819
177.0 -0.0006490326829507161
178.0 -0.0006364080093220071
179.0 -0.0006240675427739054
180.0 -0.0006120069007026186
181.0 -0.000600221579672147
182.0 -0.0005887067974891891
183.0 -0.0005774573928310609
184.0 -0.0005664677932713408
185.0 -0.0005557320472557801
186.0 -0.0005452439041842525
187.0 -0.0005349969210593736
188.0 -0.0005249845740956982
189.0 -0.0005152003578063976
190.0 -0.0005056378604325051
191.0 -0.0004962908114008205
192.0 -0.0004871531026370389
193.0 -0.00047821879042992375
194.0 -0.0004694820878244412
195.0 -0.00046093735890425866
196.0 -0.0004525791254338873
197.0 -0.00044440209294021823
198.0 -0.0004364011976681822
199.0 -0.00042857166891591657
200.0 -0.00042090909469015157
201.0 -0.000413409474372957
202.0 -0.0004060692417853303
203.0 -0.0003988852463563096
204.0 -0.00039185468842528826
205.0 -0.00038497501511269036
206.0 -0.00037824379298446407
207.0 -0.0003716585801774313
208.0 -0.0003652168217949991
209.0 -0.00035891578766110785
210.0 -0.0003527525619459633
211.0 -0.000346724082085122
212.0 -0.00034082721282725667
213.0 -0.0003350588330715256
214.0 -0.0003294159104182037
215.0 -0.0003238955417023717
216.0 -0.0003184949463511628
217.0 -0.000313211411102943
218.0 -0.00030804219667381793
219.0 -0.0003029844265848128
220.0 -0.00029803498345622734
221.0 -0.00029319043760807215
222.0 -0.0002884470270078723
223.0 -0.00028380069783176347
224.0 -0.0002792472032750779
225.0 -0.0002747822471737965
226.0 -0.00027040165067167775
227.0 -0.0002661015161461946
228.0 -0.00026187836353470126
229.0 -0.0002577292197278265
230.0 -0.00025365165056956537
231.0 -0.00024964373535290934
232.0 -0.00024570399342081686
233.0 -0.00024183127967764402
234.0 -0.00023802466918874878
235.0 -0.00023428335016834124
236.0 -0.00023060654004464055
237.0 -0.0002269934322637664
238.0 -0.00022344317383559965
239.0 -0.0002199548671451794
240.0 -0.00021652758564631627
241.0 -0.00021316039237233322
242.0 -0.00020985235253185758
243.0 -0.00020660253583970877
244.0 -0.0002034100092441612
245.0 -0.00020027382488777915
246.0 -0.0001971930103595915
247.0 -0.00019416656806667422
248.0 -0.00019119348808550337
249.0 -0.0001882727749606656
250.0 -0.0001854034847499415
251.0 -0.0001825847653269975
252.0 -0.00017981589140694516
253.0 -0.00017709628632123702
254.0 -0.00017442552505333005
255.0 -0.00017180331681027695
256.0 -0.0001692294695339372
257.0 -0.00016670384230280095
258.0 -0.0001642262937829869
259.0 -0.0001617966353386655
260.0 -0.00015941459609657285
261.0 -0.0001570798045390095
262.0 -0.0001547917877057176
263.0 -0.00015254998556468572
264.0 -0.0001503537752691574
265.0 -0.00014820249837691157
266.0 -0.00014609548391980053
267.0 -0.0001440320614280799
268.0 -0.0001420115603165972
269.0 -0.00014003329492038
270.0 -0.0001380965373437847
271.0 -0.00013620048262087195
272.0 -0.0001343442120844337
273.0 -0.00013252666112695716
274.0 -0.00013074659675811953
275.0 -0.0001290026087656632
276.0 -0.00012729311624087207
277.0 -0.0001256163891439565
278.0 -0.00012397058281446205
279.0 -0.0001223537821152382
280.0 -0.00012076405132553278
281.0 -0.00011919948591828632
282.0 -0.00011765826281547861
283.0 -0.00011613868641410819
284.0 -0.00011463922842641493
285.0 -0.00011315856024654295
286.0 -0.00011169557708034687
287.0 -0.00011024941346057835
288.0 -0.00010881945006445915
289.0 -0.00010740531201485255
290.0 -0.00010600685912323969
291.0 -0.00010462416883262219
292.0 -0.00010325751291860134
293.0 -0.00010190732926108309
294.0 -0.00010057419015922597
295.0 -9.925876869445792e-05
296.0 -9.796180454480985e-05
297.0 -9.668407044011502e-05
298.0 -9.542634016694048e-05
299.0 -9.418935873742791e-05
