10.0 -0.26997244214727906
11.0 -0.24237492112510028
12.0 -0.2182738423607037
13.0 -0.19703922611802763
14.0 -0.1781902660587779
15.0 -0.161351258013598
16.0 -0.14622397822934052
17.0 -0.13257137185855192
18.0 -0.12020465352630044
19.0 -0.10897114418252185
20.0 -0.09874471468904847
21.0 -0.08941963448955527
22.0 -0.08090663916425063
23.0 -0.07312988976400818
24.0 -0.0660242042488399
25.0 -0.05953258892134383
26.0 -0.053604351938527244
27.0 -0.0481938921808621
28.0 -0.043259935748096716
29.0 -0.03876492119851784
30.0 -0.03467442912188905
31.0 -0.03095671589018216
32.0 -0.027582390709553116
33.0 -0.024524187833176968
34.0 -0.021756764288432838
35.0 -0.01925650070181359
36.0 -0.017001335635355348
37.0 -0.014970664895356678
38.0 -0.013145286852242373
39.0 -0.011507339904184769
40.0 -0.010040208479741361
41.0 -0.00872842980876098
42.0 -0.007557641305206186
43.0 -0.00651456161952141
44.0 -0.005586961760595563
45.0 -0.004763601157853608
46.0 -0.004034148034926396
47.0 -0.0033891173690038393
48.0 -0.00281983284425792
49.0 -0.0023183918110782544
50.0 -0.0018776163575973698
51.0 -0.0014909964902617252
52.0 -0.0011526412977610723
53.0 -0.0008572422835949828
54.0 -0.000600038662205122
55.0 -0.0003767745231267234
56.0 -0.00018364867295818222
57.0 -1.7265070814598263e-05
58.0 0.00012541112530001773
59.0 0.00024709337866729716
60.0 0.000350212743944189
61.0 0.0004369556253452628
62.0 0.0005092962998014201
63.0 0.0005690209157266354
64.0 0.0006177440369170247
65.0 0.000656922629681946
66.0 0.0006878724607134933
67.0 0.000711788396822447
68.0 0.0007297659817152479
69.0 0.0007428198427220291
70.0 0.0007518956971733583
71.0 0.0007578753850106696
72.0 0.0007615762416223567
73.0 0.0007637463552578317
74.0 0.0007650566848086247
75.0 0.0007660909893293985
76.0 0.0007673353594381474
77.0 0.0007691699085994549
78.0 0.000771864824552339
79.0 0.0007755814970630954
80.0 0.0007803778753170367
81.0 0.0007862166078062109
82.0 0.000792974996398591
83.0 0.000800456637468782
84.0 0.0008084050897394424
85.0 0.0008165198403456247
86.0 0.0008244745241025561
87.0 0.0008319370123871984
88.0 0.0008385905559202283
89.0 0.0008441545050205345
90.0 0.0008484023870788654
91.0 0.0008511747413065482
92.0 0.0008523845085601116
93.0 0.0008520139753618833
94.0 0.0008501038686415765
95.0 0.0008467366183016918
96.0 0.0008420166389423495
97.0 0.0008360506311177304
98.0 0.0008289305075461482
99.0 0.0008207208348996849
100.0 0.0008114518450263604
101.0 0.000801118253786615
102.0 0.0007896834277690427
103.0 0.0007770879150109534
104.0 0.0007632610232801669
105.0 0.000748133980121528
106.0 0.0007316532249296322
107.0 0.0007137925421299583
108.0 0.0006945630083527591
109.0 0.0006740200363971188
110.0 0.0006522670913136128
111.0 0.0006294558935847713
112.0 0.000605783124066389
113.0 0.0005814838521190401
114.0 0.000556822160446144
115.0 0.0005320797266534642
116.0 0.0005075433756591727
117.0 0.0004834927490004107
118.0 0.00046018918447799994
119.0 0.000437866662811799
120.0 0.0004167253198727589
121.0 0.0003969276372446042
122.0 0.0003785970940637456
123.0 0.00036181883677973906
124.0 0.00034664180991148414
125.0 0.0003330817763711232
126.0 0.00032112472097449126
127.0 0.0003107302572671425
128.0 0.00030183482553955594
129.0 0.0002943546499460054
130.0 0.00028818857678821456
131.0 0.0002832210055323317
132.0 0.00027932512380143533
133.0 0.0002763665675164177
134.0 0.0002742074757286364
135.0 0.0002727107447269134
136.0 0.00027174416004101373
137.0 0.00027118403697403424
138.0 0.00027091804355527016
139.0 0.0002708469991474588
140.0 0.00027088560106914005
141.0 0.00027096218687858663
142.0 0.0002710177549749652
143.0 0.0002710045214951188
144.0 0.00027088428705390445
145.0 0.00027062683751903876
146.0 0.00027020853032416254
147.0 0.00026961114225048613
148.0 0.0002688209904614611
149.0 0.0002678282928135906
150.0 0.0002666267073185105
151.0 0.00026521298227451766
152.0 0.0002635866552145643
153.0 0.000261749757280581
154.0 0.0002597065058782199
155.0 0.00025746299674723143
156.0 0.0002550269295263597
157.0 0.00025240741095283
158.0 0.00024961487186635797
159.0 0.0002466611079950627
160.0 0.00024355941612500665
161.0 0.00024032475799519324
162.0 0.0002369738574748889
163.0 0.00023352513326943425
164.0 0.00022999839415728155
165.0 0.00022641427269026789
166.0 0.00022279343472661546
167.0 0.00021915566001555004
168.0 0.00021551892758641297
169.0 0.00021189864820571387
170.0 0.0002083071620101727
171.0 0.00020475356859439746
172.0 0.0002012438920915388
173.0 0.00019778152103412555
174.0 0.00019436781680609553
175.0 0.0001910027652238223
176.0 0.00018768555599420786
177.0 0.0001844150097716166
178.0 0.00018118982166700966
179.0 0.00017800863995088306
180.0 0.00017487003685263378
181.0 0.00017177244649080556
182.0 0.00016871414084387396
183.0 0.00016569329214335095
184.0 0.00016270813731408357
185.0 0.00015975722677062328
186.0 0.0001568397142996021
187.0 0.00015395563185690618
188.0 0.00015110609386872554
189.0 0.00014829338776458037
190.0 0.00014552092687311982
191.0 0.0001427930640084894
192.0 0.00014011478522171926
193.0 0.00013749132040715854
194.0 0.0001349277187060569
195.0 0.0001324284405660568
196.0 0.00012999701421977916
197.0 0.0001276357925685025
198.0 0.00012534582871746232
199.0 0.00012312686792800373
200.0 0.00012097743483156923
201.0 0.00011889498179983985
202.0 0.00011687606062212898
203.0 0.0001149164860475729
204.0 0.00011301147441793589
205.0 0.00011115575916606796
206.0 0.00010934370166669438
207.0 0.00010756942539655861
208.0 0.00010582700013885739
209.0 0.000104110690660559
210.0 0.00010241526379815736
211.0 0.000100736324675703
212.0 9.907063341995836e-05
213.0 9.741634412405699e-05
214.0 9.577311154625894e-05
215.0 9.4142028436773e-05
216.0 9.252538436689671e-05
217.0 9.092626971387004e-05
218.0 8.934807895831211e-05
219.0 8.779398897257124e-05
220.0 8.62664957024455e-05
221.0 8.476708468557048e-05
222.0 8.329608858928254e-05
223.0 8.185275266494884e-05
224.0 8.04354929080345e-05
225.0 7.904229861011667e-05
226.0 7.767120698059927e-05
227.0 7.63207668054028e-05
228.0 7.49904122808227e-05
229.0 7.368068596629929e-05
230.0 7.239327749884192e-05
231.0 7.113087686288576e-05
232.0 6.989687157717879e-05
233.0 6.86949407066317e-05
234.0 6.752861133845364e-05
235.0 6.64008436143654e-05
236.0 6.531369962209657e-05
237.0 6.426813259441712e-05
238.0 6.326391042497369e-05
239.0 6.229966620333429e-05
240.0 6.137305217764279e-05
241.0 6.048096452330033e-05
242.0 5.961980481662371e-05
243.0 5.878574868420143e-05
244.0 5.797500005695442e-05
245.0 5.718401782911833e-05
246.0 5.640970807492534e-05
247.0 5.5649578029493094e-05
248.0 5.490184788595649e-05
249.0 5.41655143688508e-05
250.0 5.3440357945217124e-05
251.0 5.272688535506461e-05
252.0 5.202620218387023e-05
253.0 5.133981673748051e-05
254.0 5.066938567153744e-05
255.0 5.001642192686713e-05
256.0 4.938199432381724e-05
257.0 4.876645355492755e-05
258.0 4.8169219762342255e-05
259.0 4.7588661816596994e-05
260.0 4.702208832530389e-05
261.0 4.6465856764450086e-05
262.0 4.5915592085203074e-05
263.0 4.5366492103158616e-05
264.0 4.481368612664435e-05
265.0 4.425260724331378e-05
266.0 4.367933822863741e-05
267.0 4.309089599389182e-05
268.0 4.248542882248029e-05
269.0 4.1862312689594974e-05
270.0 4.122214575551574e-05
271.0 4.05666517544149e-05
272.0 3.989851192598339e-05
273.0 3.922115040755492e-05
274.0 3.8538499355932956e-05
275.0 3.7854767882508075e-05
276.0 3.717423403332425e-05
277.0 3.650107266645223e-05
278.0 3.5839225338100196e-05
279.0 3.5192312198051493e-05
280.0 3.456358109737279e-05
281.0 3.395588595865196e-05
282.0 3.337168496413316e-05
283.0 3.2813049064600465e-05
284.0 3.2281672366119444e-05
285.0 3.177887775596206e-05
286.0 3.130561336964711e-05
287.0 3.086243793053137e-05
288.0 3.0449495421678934e-05
289.0 3.006648181509446e-05
290.0 2.9712608526888306e-05
291.0 2.9386568722674036e-05
292.0 2.9086513402518624e-05
293.0 2.8810044220067058e-05
294.0 2.855422917442125e-05
295.0 2.8315645692473057e-05
296.0 2.8090453337671026e-05
297.0 2.7874495678597795e-05
298.0 2.766342803158899e-05
299.0 2.7452865176644337e-05
