10.0 -0.0153059409771
11.0 -0.0315546634519
12.0 -0.0428475584425
13.0 -0.0504032928292
14.0 -0.0551701116332
15.0 -0.057876586201
16.0 -0.0590774846792
17.0 -0.0591911700133
18.0 -0.0585305865417
19.0 -0.0573290372457
20.0 -0.0557603356265
21.0 -0.0539536081181
22.0 -0.0520040762052
23.0 -0.049981203016
24.0 -0.0479350872765
25.0 -0.0459014848828
26.0 -0.0439055926856
27.0 -0.0419647673476
28.0 -0.0400904791059
29.0 -0.0382897965416
30.0 -0.0365665581617
31.0 -0.0349222705071
32.0 -0.0333567634621
33.0 -0.031868668253
34.0 -0.0304557870036
35.0 -0.029115388579
36.0 -0.0278444300352
37.0 -0.0266396998772
38.0 -0.0254979054839
39.0 -0.024415742871
40.0 -0.0233899664788
41.0 -0.0224174441084
42.0 -0.0214951781407
43.0 -0.0206203003169
44.0 -0.0197900668123
45.0 -0.0190018688141
46.0 -0.0182532485186
47.0 -0.0175419028935
48.0 -0.0168656726531
49.0 -0.0162225289096
50.0 -0.0156105672918
51.0 -0.0150280063415
52.0 -0.0144731814346
53.0 -0.0139445320021
54.0 -0.013440587869
55.0 -0.0129599605006
56.0 -0.0125013388996
57.0 -0.0120634859872
58.0 -0.0116452329911
59.0 -0.0112454730505
60.0 -0.0108631562151
61.0 -0.0104972858079
62.0 -0.0101469138981
63.0 -0.00981113397845
64.0 -0.00948907149114
65.0 -0.00917987517191
66.0 -0.00888271234602
67.0 -0.00859676939661
68.0 -0.00832125630379
69.0 -0.00805541311979
70.0 -0.00779851689618
71.0 -0.00754988894333
72.0 -0.00730890308305
73.0 -0.007074995276
74.0 -0.00684767422891
75.0 -0.00662653215076
76.0 -0.00641125495927
77.0 -0.00620163142939
78.0 -0.00599756045088
79.0 -0.00579905476235
80.0 -0.00560623889594
81.0 -0.0054193392171
82.0 -0.0052386649409
83.0 -0.00506458040205
84.0 -0.00489747016071
85.0 -0.00473769954707
86.0 -0.00458557401683
87.0 -0.00444130118995
88.0 -0.0043049594968
89.0 -0.00417647678325
90.0 -0.00405562107955
91.0 -0.0039420043239
92.0 -0.00383509851245
93.0 -0.00373426272833
94.0 -0.0036387787665
95.0 -0.00354789250749
96.0 -0.00346085774631
97.0 -0.00337697891301
98.0 -0.00329564914533
99.0 -0.00321638057203
100.0 -0.00313882442643
101.0 -0.00306277964027
102.0 -0.00298818972606
103.0 -0.00291512888363
104.0 -0.00284377922343
105.0 -0.00277440167885
106.0 -0.00270730353331
107.0 -0.00264280551521
108.0 -0.00258121115256
109.0 -0.00252278058292
110.0 -0.00246771034966
111.0 -0.00241611996631
112.0 -0.00236804529807
113.0 -0.00232343819689
114.0 -0.00228217140803
115.0 -0.00224404756285
116.0 -0.00220881104945
117.0 -0.00217616164028
118.0 -0.00214576888639
119.0 -0.00211728642073
120.0 -0.00209036544025
121.0 -0.00206466676878
122.0 -0.00203987105178
123.0 -0.0020156867968
124.0 -0.00199185613608
125.0 -0.00196815833527
126.0 -0.00194441119406
127.0 -0.0019204705828
128.0 -0.00189622843674
129.0 -0.00187160958864
130.0 -0.00184656785391
131.0 -0.00182108178071
132.0 -0.00179515043195
133.0 -0.00176878947939
134.0 -0.00174202777534
135.0 -0.00171490444923
136.0 -0.00168746647851
137.0 -0.00165976662674
138.0 -0.00163186163078
139.0 -0.00160381054721
140.0 -0.00157567321739
141.0 -0.00154750885999
142.0 -0.00151937483301
143.0 -0.00149132561697
144.0 -0.00146341205811
145.0 -0.00143568088462
146.0 -0.00140817447929
147.0 -0.00138093086824
148.0 -0.00135398387075
149.0 -0.00132736335082
150.0 -0.0013010955143
151.0 -0.0012752032041
152.0 -0.00124970615784
153.0 -0.001224621207
154.0 -0.00119996241324
155.0 -0.00117574115439
156.0 -0.00115196618738
157.0 -0.0011286437239
158.0 -0.00110577755393
159.0 -0.00108336924143
160.0 -0.00106141839698
161.0 -0.00103992300969
162.0 -0.00101887980128
163.0 -0.000998284555654
164.0 -0.000978132380547
165.0 -0.000958417873674
166.0 -0.000939135189965
167.0 -0.000920278031426
168.0 -0.000901839600204
169.0 -0.000883812562811
170.0 -0.000866189067439
171.0 -0.000848960838769
172.0 -0.000832119350718
173.0 -0.000815656053864
174.0 -0.000799562617046
175.0 -0.000783831136307
176.0 -0.000768454270126
177.0 -0.000753425275816
178.0 -0.000738737943536
179.0 -0.000724386445772
180.0 -0.000710365135981
181.0 -0.000696668336959
182.0 -0.000683290156638
183.0 -0.000670224358329
184.0 -0.00065746429775
185.0 -0.000645002924733
186.0 -0.000632832836541
187.0 -0.000620946364136
188.0 -0.00060933567222
189.0 -0.000597992857151
190.0 -0.000586910032114
191.0 -0.000576079394477
192.0 -0.000565493275316
193.0 -0.000555144175025
194.0 -0.000545024791715
195.0 -0.000535128050348
196.0 -0.000525447139979
197.0 -0.00051597556377
198.0 -0.000506707201656
199.0 -0.000497636379643
200.0 -0.000488757934011
201.0 -0.00048006725521
202.0 -0.000471560296339
203.0 -0.000463233535572
204.0 -0.000455083890099
205.0 -0.000447108589314
206.0 -0.00043930502446
207.0 -0.000431670598152
208.0 -0.000424202598222
209.0 -0.000416898115653
210.0 -0.000409754016873
211.0 -0.000402766968731
212.0 -0.000395933502875
213.0 -0.000389250097947
214.0 -0.000382713254877
215.0 -0.000376319543402
216.0 -0.00037006560583
217.0 -0.000363948115188
218.0 -0.000357963696487
219.0 -0.000352108829294
220.0 -0.000346379755044
221.0 -0.00034077241257
222.0 -0.000335282420271
223.0 -0.000329905114445
224.0 -0.000324635642509
225.0 -0.000319469099454
226.0 -0.000314400687841
227.0 -0.0003094258776
228.0 -0.000304540542421
229.0 -0.000299741054258
230.0 -0.000295024325512
231.0 -0.000290387797831
232.0 -0.000285829385492
233.0 -0.00028134738799
234.0 -0.000276940389784
235.0 -0.000272607164494
236.0 -0.000268346596816
237.0 -0.000264157629161
238.0 -0.000260039233212
239.0 -0.000255990400841
240.0 -0.000252010145494
241.0 -0.000248097504772
242.0 -0.00024425153727
243.0 -0.000240471310933
244.0 -0.000236755884774
245.0 -0.000233104289542
246.0 -0.000229515514667
247.0 -0.000225988508152
248.0 -0.000222522193362
249.0 -0.000219115502495
250.0 -0.000215767422295
251.0 -0.000212477044179
252.0 -0.000209243609395
253.0 -0.00020606654038
254.0 -0.000202945451968
255.0 -0.00019988013989
256.0 -0.000196870548243
257.0 -0.000193916721256
258.0 -0.000191018747155
259.0 -0.000188176702652
260.0 -0.000185390605637
261.0 -0.000182660381295
262.0 -0.000179985843713
263.0 -0.000177366691795
264.0 -0.000174802515562
265.0 -0.000172292807324
266.0 -0.000169836971809
267.0 -0.00016743433029
268.0 -0.000165084115674
269.0 -0.000162785457941
270.0 -0.000160537361806
271.0 -0.00015833868042
272.0 -0.000156188090091
273.0 -0.000154084071147
274.0 -0.000152024899266
275.0 -0.000150008650145
276.0 -0.000148033218484
277.0 -0.000146096350473
278.0 -0.000144195687429
279.0 -0.000142328817282
280.0 -0.000140493330202
281.0 -0.000138686874859
282.0 -0.000136907212268
283.0 -0.000135152264921
284.0 -0.000133420159547
285.0 -0.000131709262457
286.0 -0.000130018206784
287.0 -0.000128345911198
288.0 -0.000126691589863
289.0 -0.000125054753532
290.0 -0.000123435201904
291.0 -0.00012183300764
292.0 -0.000120248492743
293.0 -0.000118682198303
294.0 -0.000117134848893
295.0 -0.00011560731302
296.0 -0.000114100561097
297.0 -0.000112615622328
298.0 -0.00011115354175
299.0 -0.000109715338501
