10.0 -0.2697197376754107
11.0 -0.24217257059210875
12.0 -0.218109376573367
13.0 -0.196897054845145
14.0 -0.1780551437201551
15.0 -0.16121069273419103
16.0 -0.14606947758396555
17.0 -0.13239868806686375
18.0 -0.12001332071939902
19.0 -0.10876361956006084
20.0 -0.09852538680184764
21.0 -0.08919388471679238
22.0 -0.08068006428670105
23.0 -0.07290772942572975
24.0 -0.06581097230119262
25.0 -0.05933188128465632
26.0 -0.05341879189406736
27.0 -0.04802517235783358
28.0 -0.04310892038274477
29.0 -0.03863177934333749
30.0 -0.034558777214740564
31.0 -0.030857755175008484
32.0 -0.02749903081679079
33.0 -0.024455152214369013
34.0 -0.021700676258999158
35.0 -0.01921195080890511
36.0 -0.016966932197486347
37.0 -0.014945070098931063
38.0 -0.013127240934352429
39.0 -0.011495675850251482
40.0 -0.010033859425840569
41.0 -0.008726431035792608
42.0 -0.00755912839409214
43.0 -0.00651876603318047
44.0 -0.005593204845828575
45.0 -0.004771287325814157
46.0 -0.004042757684555602
47.0 -0.0033981999626889305
48.0 -0.002829000426109101
49.0 -0.002327313170974503
50.0 -0.0018860119823549675
51.0 -0.0014986343998320997
52.0 -0.001159333832341192
53.0 -0.0008628438812905021
54.0 -0.0006044446426086427
55.0 -0.00037992086753733993
56.0 -0.00018551276512710326
57.0 -1.7867330584411696e-05
58.0 0.00012600482288856538
59.0 0.000248768658564795
60.0 0.00035280328884440163
61.0 0.0004402396502492253
62.0 0.0005129933587327574
63.0 0.0005727895653265291
64.0 0.0006211809880723461
65.0 0.0006595641065459601
66.0 0.0006891985380074603
67.0 0.0007112310806326148
68.0 0.0007267217152952123
69.0 0.0007366669386985763
70.0 0.0007420169089865136
71.0 0.0007436854323476016
72.0 0.0007425536115724731
73.0 0.0007394681462899698
74.0 0.0007352346971491302
75.0 0.0007306067616535671
76.0 0.000726271485326664
77.0 0.000722834811798165
78.0 0.000720808288779482
79.0 0.0007205986641202866
80.0 0.0007225001356625591
81.0 0.0007266887578357459
82.0 0.0007332191327129889
83.0 0.0007420243764186197
84.0 0.0007529207040563963
85.0 0.0007656176666276619
86.0 0.0007797344195689064
87.0 0.0007948216796670055
88.0 0.0008103882213826302
89.0 0.0008259297957966685
90.0 0.0008409574140596329
91.0 0.0008550214916320191
92.0 0.0008677288100841561
93.0 0.0008787506194230219
94.0 0.0008878220248086969
95.0 0.0008947344535416339
96.0 0.0008993240250299943
97.0 0.0009014589158246289
98.0 0.0009010284509232694
99.0 0.0008979358922462765
100.0 0.0008920959575351474
101.0 0.0008834371659175413
102.0 0.000871908303845999
103.0 0.0008574877243289722
104.0 0.000840193870298957
105.0 0.000820095345278891
106.0 0.0007973190126163922
107.0 0.0007720549434296743
108.0 0.0007445574864452832
109.0 0.0007151422117595554
110.0 0.0006841788968415452
111.0 0.0006520810248055928
112.0 0.0006192924587518649
113.0 0.0005862720926953415
114.0 0.0005534774097269831
115.0 0.0005213480084209094
116.0 0.0004902902423727866
117.0 0.0004606640845909934
118.0 0.0004327731320032711
119.0 0.0004068583172446432
120.0 0.00038309546391842117
121.0 0.00036159640210992646
122.0 0.00034241303334715383
123.0 0.00032554353946351213
124.0 0.00031093986902714217
125.0 0.00029851568593089207
126.0 0.0002881540999230313
127.0 0.0002797146935709716
128.0 0.00027303958920235437
129.0 0.00026795853064302035
130.0 0.0002642931483449516
131.0 0.00026186069385637756
132.0 0.0002604775461827667
133.0 0.00025996271001478007
134.0 0.00026014137407847683
135.0 0.000260848427140503
136.0 0.00026193169362204145
137.0 0.000263254590905102
138.0 0.00026469794084770486
139.0 0.00026616077461561074
140.0 0.00026756011712426734
141.0 0.0002688298820202998
142.0 0.0002699191140466518
143.0 0.00027078986351501797
144.0 0.00027141496735741394
145.0 0.00027177595755889305
146.0 0.00027186124211658793
147.0 0.00027166462627655744
148.0 0.0002711841767752951
149.0 0.00027042138590254036
150.0 0.0002693805664276998
151.0 0.0002680684007774759
152.0 0.00026649357534289
153.0 0.0002646664501451538
154.0 0.0002625987411606707
155.0 0.00026030322161020846
156.0 0.0002577934720810369
157.0 0.00025508371995660776
158.0 0.0002521888011649657
159.0 0.00024912425156423806
160.0 0.00024590649741111403
161.0 0.0002425530755909803
162.0 0.00023908278795151035
163.0 0.0002355156911317267
164.0 0.00023187284827305975
165.0 0.00022817581802722878
166.0 0.0002244459176854751
167.0 0.0002207033549880263
168.0 0.00021696636156332845
169.0 0.00021325046934999494
170.0 0.0002095680471826789
171.0 0.00020592816400006057
172.0 0.0002023367806246945
173.0 0.00019879720964441792
174.0 0.00019531073733219373
175.0 0.00019187728264715795
176.0 0.00018849597889216823
177.0 0.00018516559880360243
178.0 0.00018188479309335235
179.0 0.0001786521623514315
180.0 0.00017546622028473234
181.0 0.00017232532423922808
182.0 0.0001692276446326421
183.0 0.00016617122219364494
184.0 0.00016315412895719254
185.0 0.00016017471548742776
186.0 0.00015723190109187646
187.0 0.00015432545079479326
188.0 0.00015145618353280634
189.0 0.0001486260681324056
190.0 0.00014583818300223654
191.0 0.00014309653764475754
192.0 0.00014040577520914153
193.0 0.00013777079248511418
194.0 0.00013519632494335963
195.0 0.00013268654829537665
196.0 0.00013024474390647747
197.0 0.00012787306359162247
198.0 0.0001255724115843765
199.0 0.00012334244102153749
200.0 0.00012118164343408664
201.0 0.00011908749688353449
202.0 0.00011705663476092355
203.0 0.00011508500380561727
204.0 0.00011316799470477587
205.0 0.00011130054731366984
206.0 0.00010947724936862277
207.0 0.00010769245714243949
208.0 0.0001059404653641545
209.0 0.00010421574149645512
210.0 0.00010251321902780368
211.0 0.00010082862125244889
212.0 9.915876764225188e-05
213.0 9.750180524349208e-05
214.0 9.58573111570109e-05
215.0 9.422622940352714e-05
216.0 9.261063324817915e-05
217.0 9.101333659629706e-05
218.0 8.943740832201822e-05
219.0 8.788566466919706e-05
220.0 8.636022237757841e-05
221.0 8.486218707012658e-05
222.0 8.339152908571556e-05
223.0 8.194716663774458e-05
224.0 8.052724012601736e-05
225.0 7.912952844493396e-05
226.0 7.775193429191236e-05
227.0 7.639295497230892e-05
228.0 7.505205958602344e-05
229.0 7.372991150213893e-05
230.0 7.242840292531953e-05
231.0 7.115050067849688e-05
232.0 6.989993302830405e-05
233.0 6.868077102143729e-05
234.0 6.749697058878623e-05
235.0 6.635194214894179e-05
236.0 6.524820364646549e-05
237.0 6.418715407347029e-05
238.0 6.316898203375156e-05
239.0 6.219270253830401e-05
240.0 6.12562988548913e-05
241.0 6.035693712713942e-05
242.0 5.949121991978154e-05
243.0 5.865544933899842e-05
244.0 5.784587825695057e-05
245.0 5.7058936464884006e-05
246.0 5.6291424858448485e-05
247.0 5.5540673742014924e-05
248.0 5.480466111665048e-05
249.0 5.408208466004033e-05
250.0 5.3372378948207486e-05
251.0 5.26756692355709e-05
252.0 5.199265610667317e-05
253.0 5.132443181926775e-05
254.0 5.067223833549559e-05
255.0 5.0037187142608175e-05
256.0 4.941996979388219e-05
257.0 4.882059353706468e-05
258.0 4.823817691569194e-05
259.0 4.767083524621608e-05
260.0 4.711567588318097e-05
261.0 4.656890964867414e-05
262.0 4.602606985656205e-05
263.0 4.5482316397097394e-05
264.0 4.4932791559413626e-05
265.0 4.437298827209661e-05
266.0 4.379909100357759e-05
267.0 4.32082545142905e-05
268.0 4.2598794963056904e-05
269.0 4.197027988418567e-05
270.0 4.1323516309392474e-05
271.0 4.066044790264916e-05
272.0 3.998398086849938e-05
273.0 3.929776363908265e-05
274.0 3.8605946679493335e-05
275.0 3.7912946556167464e-05
276.0 3.722323355778201e-05
277.0 3.654115577888968e-05
278.0 3.587080583611392e-05
279.0 3.521593027432665e-05
280.0 3.457987691699825e-05
281.0 3.396557225158043e-05
282.0 3.3375519429940925e-05
283.0 3.2811807390675416e-05
284.0 3.227612264004938e-05
285.0 3.176975700600801e-05
286.0 3.1293606893124656e-05
287.0 3.084816196970451e-05
288.0 3.0433483622945962e-05
289.0 3.004917576391612e-05
290.0 2.9694352493534904e-05
291.0 2.9367608589203337e-05
292.0 2.906699957713772e-05
293.0 2.8790038189494736e-05
294.0 2.8533713206429407e-05
295.0 2.829453508723082e-05
296.0 2.8068610544354853e-05
297.0 2.7851745547555995e-05
298.0 2.7639573464331534e-05
299.0 2.7427702465580747e-05
