10.0 -0.174892701109545
11.0 -0.15851116565983903
12.0 -0.1443589312815187
13.0 -0.1320205209490516
14.0 -0.12117813909631918
15.0 -0.11158351223898283
16.0 -0.10303980035175427
17.0 -0.09539059592804083
18.0 -0.08851118679326486
19.0 -0.0823004588804427
20.0 -0.07667461732498775
21.0 -0.07156319538324551
22.0 -0.066906559024363
23.0 -0.06265402856776107
24.0 -0.058762193223877816
25.0 -0.055193412824918395
26.0 -0.05191467063187663
27.0 -0.048896829521183294
28.0 -0.04611414674053463
29.0 -0.043543860784689366
30.0 -0.041165788166044145
31.0 -0.03896197200175507
32.0 -0.03691641129060226
33.0 -0.03501484441327084
34.0 -0.033244546311382135
35.0 -0.03159412798191825
36.0 -0.03005335965230878
37.0 -0.02861303915197708
38.0 -0.027264894775380258
39.0 -0.026001489542459073
40.0 -0.0248161124864992
41.0 -0.023702677487228225
42.0 -0.02265565472558692
43.0 -0.021670030168525815
44.0 -0.020741265248397558
45.0 -0.01986524042897065
46.0 -0.019038194312404305
47.0 -0.01825667865687904
48.0 -0.017517532730915945
49.0 -0.01681786317334943
50.0 -0.016155018127089204
51.0 -0.015526558866704239
52.0 -0.01493023840076191
53.0 -0.014363989208315473
54.0 -0.013825913249279679
55.0 -0.013314267506776185
56.0 -0.012827445240683124
57.0 -0.012363957658139016
58.0 -0.011922418927506808
59.0 -0.011501533412851293
60.0 -0.011100082906470937
61.0 -0.01071691396891036
62.0 -0.010350927827173829
63.0 -0.010001074855739887
64.0 -0.009666352958164062
65.0 -0.009345806798093216
66.0 -0.00903852483078365
67.0 -0.008743633322970098
68.0 -0.008460289185406512
69.0 -0.008187674625170142
70.0 -0.007924995877221213
71.0 -0.007671486595681666
72.0 -0.00742641525810216
73.0 -0.0071890957124362475
74.0 -0.006958900232491328
75.0 -0.006735274300445619
76.0 -0.0065177516159405195
77.0 -0.00630596715104598
78.0 -0.006099666124685743
79.0 -0.005898707595923768
80.0 -0.005703062349150038
81.0 -0.0055128052384111545
82.0 -0.0053281021128358435
83.0 -0.0051491913040691934
84.0 -0.004976359851317082
85.0 -0.004809915214637254
86.0 -0.004650153927828287
87.0 -0.004497329244935699
88.0 -0.004351620309773142
89.0 -0.0042131057578579075
90.0 -0.004081744833003217
91.0 -0.003957368804328653
92.0 -0.003839684502278797
93.0 -0.0037282902285781607
94.0 -0.003622702499927052
95.0 -0.003522390527914123
96.0 -0.0034268143665372552
97.0 -0.003335462394146141
98.0 -0.0032478841664412153
99.0 -0.003163715514655185
100.0 -0.0030826938816311553
101.0 -0.0030046631114538412
102.0 -0.002929568078277901
103.0 -0.0028574405306575684
104.0 -0.002788378254843469
105.0 -0.002722520083090508
106.0 -0.002660019385826626
107.0 -0.002601018515701327
108.0 -0.0025456262753391565
109.0 -0.0024938999451151645
110.0 -0.002445832827010498
111.0 -0.0024013477099949217
112.0 -0.0023602961765037487
113.0 -0.002322463249353395
114.0 -0.0022875765163510474
115.0 -0.0022553185761967818
116.0 -0.002225341458811123
117.0 -0.0021972816277620725
118.0 -0.0021707742925311784
119.0 -0.0021454660241629385
120.0 -0.0021210250218833006
121.0 -0.002097148746915838
122.0 -0.00207356895963769
123.0 -0.0020500544310296867
124.0 -0.002026411740510799
125.0 -0.002002484628505373
126.0 -0.0019781523580167603
127.0 -0.0019533274699312596
128.0 -0.0019279532084443395
129.0 -0.0019020007680107798
130.0 -0.0018754663990987015
131.0 -0.0018483683340408676
132.0 -0.0018207434744816969
133.0 -0.0017926438197972483
134.0 -0.00176413269464839
135.0 -0.0017352809236551886
136.0 -0.0017061631692641501
137.0 -0.0016768546705920912
138.0 -0.0016474285877571362
139.0 -0.0016179540771533905
140.0 -0.0015884951207582284
141.0 -0.0015591100339533864
142.0 -0.0015298515040644983
143.0 -0.0015007669777570196
144.0 -0.0014718992193204815
145.0 -0.0014432868941489589
146.0 -0.0014149650786006234
147.0 -0.0013869656458961627
148.0 -0.0013593175187186122
149.0 -0.0013320468083165729
150.0 -0.001305176876456795
151.0 -0.0012787283617383702
152.0 -0.001252719207419957
153.0 -0.0012271647160868931
154.0 -0.0012020776398047918
155.0 -0.0011774682965136288
156.0 -0.0011533446889530528
157.0 -0.0011297125961038674
158.0 -0.001106575612192074
159.0 -0.0010839351248286401
160.0 -0.0010617902480376212
161.0 -0.0010401377506540615
162.0 -0.0010189720374666116
163.0 -0.0009982852426417064
164.0 -0.0009780674795295812
165.0 -0.0009583072603740796
166.0 -0.0009389920610548237
167.0 -0.0009201089698765377
168.0 -0.0009016453354336019
169.0 -0.0008835893234090757
170.0 -0.0008659303074398956
171.0 -0.0008486590511100743
172.0 -0.0008317676787058421
173.0 -0.0008152494716192883
174.0 -0.0007990985559794045
175.0 -0.0007833095590455976
176.0 -0.0007678773054300177
177.0 -0.000752796602333953
178.0 -0.0007380621323723881
179.0 -0.0007236684416349477
180.0 -0.0007096099871949898
181.0 -0.0006958811974883011
182.0 -0.000682476502163608
183.0 -0.0006693903026594813
184.0 -0.0006566168756835841
185.0 -0.0006441502228361573
186.0 -0.0006319838955987812
187.0 -0.0006201108327060518
188.0 -0.0006085232459527895
189.0 -0.0005972125822541432
190.0 -0.000586169576929422
191.0 -0.0005753843986034519
192.0 -0.0005648468722940142
193.0 -0.0005545467560447656
194.0 -0.0005444740391788298
195.0 -0.0005346192277645806
196.0 -0.0005249735856166169
197.0 -0.000515529306867667
198.0 -0.0005062796077168913
199.0 -0.000497218738314248
200.0 -0.0004883419281214582
201.0 -0.00047964528668046784
202.0 -0.0004711256844456722
203.0 -0.00046278063457877054
204.0 -0.0004546081875381526
205.0 -0.0004466068386726268
206.0 -0.0004387754384558387
207.0 -0.0004311130888897436
208.0 -0.0004236190101544901
209.0 -0.0004162923690632189
210.0 -0.000409132073497772
211.0 -0.00040213655134590815
212.0 -0.00039530354442263594
213.0 -0.00038862995375229446
214.0 -0.0003821117701581624
215.0 -0.00037574411315229045
216.0 -0.0003695213835782153
217.0 -0.0003634375149492336
218.0 -0.0003574862893686449
219.0 -0.0003516616705046481
220.0 -0.0003459581013232975
221.0 -0.0003403707193194169
222.0 -0.00033489545594655193
223.0 -0.0003295290071394608
224.0 -0.00032426868435438924
225.0 -0.0003191121761509982
226.0 -0.00031405726520391603
227.0 -0.00030910155215183553
228.0 -0.00030424223490550854
229.0 -0.0002994759807570259
230.0 -0.0002947989112330299
231.0 -0.0002902066995467101
232.0 -0.00028569476151629454
233.0 -0.00028125850633415104
234.0 -0.0002768936059458276
235.0 -0.00027259624191508985
236.0 -0.0002683632958143176
237.0 -0.0002641924613519709
238.0 -0.00026008227077710833
239.0 -0.00025603204159415076
240.0 -0.00025204175982861577
241.0 -0.0002481119215940263
242.0 -0.0002442433553598009
243.0 -0.00024043704408254241
244.0 -0.0002366939609519513
245.0 -0.00023301492683061063
246.0 -0.0002294004931020281
247.0 -0.00022585085142486192
248.0 -0.00022236577179056584
249.0 -0.00021894457151259243
250.0 -0.00021558611912497218
251.0 -0.00021228887741581973
252.0 -0.00020905098812885886
253.0 -0.00020587039703250445
254.0 -0.00020274501258058658
255.0 -0.00019967288533813995
256.0 -0.00019665239007779663
257.0 -0.00019368238927564596
258.0 -0.00019076235659269474
259.0 -0.00018789244217541355
260.0 -0.00018507346793455933
261.0 -0.0001823068494496603
262.0 -0.00017959445046521219
263.0 -0.00017693838460493668
264.0 -0.0001743407855681538
265.0 -0.00017180357069113635
266.0 -0.00016932822288867112
267.0 -0.0001669156127581284
268.0 -0.00016456587668682392
269.0 -0.00016227835919974823
270.0 -0.00016005161975320639
271.0 -0.000157883496915261
272.0 -0.00015577121733721886
273.0 -0.00015371153369661772
274.0 -0.0001517008750357795
275.0 -0.00014973549438097514
276.0 -0.00014781160164870723
277.0 -0.00014592547390567957
278.0 -0.00014407353931121677
279.0 -0.00014225243491100222
280.0 -0.00014045904144132683
281.0 -0.00013869050023939812
282.0 -0.00013694421823517647
283.0 -0.00013521786696569813
284.0 -0.00013350938082221027
285.0 -0.00013181695854432598
286.0 -0.00013013907051709909
287.0 -0.000128474472866229
288.0 -0.00012682222780569592
289.0 -0.00012518172827384575
290.0 -0.00012355272369722094
291.0 -0.00012193534284773403
292.0 -0.00012033010930734025
293.0 -0.00011873794510105967
294.0 -0.0001171601586382567
295.0 -0.00011559841418530309
296.0 -0.00011405468158613922
297.0 -0.00011253116669565798
298.0 -0.00011103022480189779
299.0 -0.00010955426098314939
