10.0 0.04893131662539934
11.0 0.02424669308561273
12.0 0.0053163795261107
13.0 -0.009191955798796612
14.0 -0.020033153228773463
15.0 -0.028037413239055904
16.0 -0.03382984886843353
17.0 -0.03780290238516052
18.0 -0.04043473542685264
19.0 -0.0419987320395615
20.0 -0.04277493233761898
21.0 -0.04293344061689859
22.0 -0.042645228551790496
23.0 -0.04200962199993924
24.0 -0.04113120912970417
25.0 -0.04008213663938461
26.0 -0.038916821561361156
27.0 -0.03767801394049993
28.0 -0.036397812531770116
29.0 -0.03510041406794737
30.0 -0.03380558181603218
31.0 -0.03252562991712178
32.0 -0.031272693132318924
33.0 -0.030051404975212862
34.0 -0.028868094611699438
35.0 -0.02772465060492476
36.0 -0.02662526373450401
37.0 -0.025565724802376354
38.0 -0.02455397343273703
39.0 -0.02358375212966003
40.0 -0.022653569357400927
41.0 -0.02176511389646714
42.0 -0.02091888050129303
43.0 -0.020109876949215445
44.0 -0.01933692844598453
45.0 -0.01859864763566158
46.0 -0.017893700923916574
47.0 -0.017220966052110164
48.0 -0.01657914219608066
49.0 -0.01596667081978442
50.0 -0.015382176666674345
51.0 -0.01482399254510785
52.0 -0.014291309013773415
53.0 -0.013782702859925283
54.0 -0.013296793712587615
55.0 -0.012832198077839922
56.0 -0.01238782051468373
57.0 -0.011962620284874112
58.0 -0.011555449433776167
59.0 -0.011165186117850025
60.0 -0.010790797529942447
61.0 -0.010432464668937933
62.0 -0.010090894282338527
63.0 -0.009762421592970201
64.0 -0.009446136512063769
65.0 -0.009141191511077512
66.0 -0.008848963322418014
67.0 -0.00856863661718892
68.0 -0.008297068864281274
69.0 -0.008033586840140744
70.0 -0.007780250770146157
71.0 -0.007535076584273713
72.0 -0.007295784002266735
73.0 -0.00706288050465998
74.0 -0.0068375993211963184
75.0 -0.006616509608654351
76.0 -0.006400039360144376
77.0 -0.006190166619407311
78.0 -0.005983687948748278
79.0 -0.005781847676614903
80.0 -0.005586194255387565
81.0 -0.005393978487916447
82.0 -0.0052093202227134735
83.0 -0.0050311122925068095
84.0 -0.004857806414219688
85.0 -0.004696927426656901
86.0 -0.0045407619771399566
87.0 -0.004397770482019559
88.0 -0.004263239020509074
89.0 -0.004138213478094094
90.0 -0.0040259645271836075
91.0 -0.0039191214649869875
92.0 -0.0038267153025466115
93.0 -0.003736640671336633
94.0 -0.0036579394358058287
95.0 -0.0035804081041508596
96.0 -0.0035081758461645253
97.0 -0.0034362569300162055
98.0 -0.003365205427501622
99.0 -0.003293359693712846
100.0 -0.00321975607154619
101.0 -0.0031449685715267076
102.0 -0.0030676368840751598
103.0 -0.0029897935787267164
104.0 -0.002910658117999091
105.0 -0.0028319104283586333
106.0 -0.0027546336310401345
107.0 -0.0026779269210212278
108.0 -0.0026068668310629114
109.0 -0.0025358067411045946
110.0 -0.002473725581469405
111.0 -0.0024122994217686045
112.0 -0.002358974177024157
113.0 -0.0023086650932208352
114.0 -0.0022635102467651273
115.0 -0.0022239199270974157
116.0 -0.0021859547317237132
117.0 -0.002155026107192029
118.0 -0.002124097482660345
119.0 -0.0020981603567301714
120.0 -0.002073117542860369
121.0 -0.0020494730402863853
122.0 -0.0020274619389901837
123.0 -0.002005471116372928
124.0 -0.0019842345137100563
125.0 -0.001962997911047184
126.0 -0.0019413130895887724
127.0 -0.0019192494334595391
128.0 -0.00189717410920281
129.0 -0.0018735599259314484
130.0 -0.0018499457426600866
131.0 -0.0018255977565356358
132.0 -0.00180024431337373
133.0 -0.0017748908702118246
134.0 -0.0017483990033476669
135.0 -0.0017215935858216575
136.0 -0.0016946953119472837
137.0 -0.001666890482621767
138.0 -0.0016390856532962506
139.0 -0.001611130307558901
140.0 -0.0015828922191875225
141.0 -0.001554654130816144
142.0 -0.001526453135555628
143.0 -0.0014982829290368148
144.0 -0.0014701127225180014
145.0 -0.001442304448268034
146.0 -0.0014146596308636638
147.0 -0.001387014813459294
148.0 -0.0013600563166581271
149.0 -0.0013332986703279912
150.0 -0.0013065410239978554
151.0 -0.0012807078739977009
152.0 -0.0012551066653263179
153.0 -0.0012295054566549349
154.0 -0.00120492042477877
155.0 -0.0011806472369951322
156.0 -0.0011563740492114944
157.0 -0.0011330601419519465
158.0 -0.0011102195029172332
159.0 -0.0010873788638825204
160.0 -0.001065290743801773
161.0 -0.0010439211656846118
162.0 -0.0010225515875674507
163.0 -0.0010016051945041732
164.0 -0.0009816965508926301
165.0 -0.0009617879072810871
166.0 -0.000941883127848938
167.0 -0.0009234056917203495
168.0 -0.000904928255591761
169.0 -0.0008864508194631727
170.0 -0.0008688661020173913
171.0 -0.0008517634935038466
172.0 -0.0008346608849903019
173.0 -0.0008178574813961804
174.0 -0.0008020659088588387
175.0 -0.0007862743363214969
176.0 -0.0007704827637841552
177.0 -0.0007555989979337467
178.0 -0.0007410375190267693
179.0 -0.0007264760401197919
180.0 -0.0007121224916371328
181.0 -0.0006987339803776612
182.0 -0.0006853454691181894
183.0 -0.0006719569578587177
184.0 -0.0006591754982010564
185.0 -0.0006469016452406754
186.0 -0.0006346277922802946
187.0 -0.0006223539393199136
188.0 -0.0006109671508702123
189.0 -0.0005997511376507476
190.0 -0.000588535124431283
191.0 -0.0005773737655486532
192.0 -0.0005671057947907381
193.0 -0.0005568378240328232
194.0 -0.0005465698532749083
195.0 -0.0005364703514271031
196.0 -0.0005270432220412006
197.0 -0.0005176160926552981
198.0 -0.0005081889632693957
199.0 -0.0004989640319844415
200.0 -0.0004902995029984949
201.0 -0.00048163497401254823
202.0 -0.0004729704450266016
203.0 -0.0004644870592591734
204.0 -0.00045654585415640656
205.0 -0.0004486046490536396
206.0 -0.0004406634439508728
207.0 -0.0004328301597106639
208.0 -0.0004255869389703156
209.0 -0.00041834371822996726
210.0 -0.00041110049748961896
211.0 -0.00040385727674927067
212.0 -0.00039724714235349844
213.0 -0.00039065253369978506
214.0 -0.0003840579250460718
215.0 -0.00037746331639235847
216.0 -0.000371286800687473
217.0 -0.0003652784987467724
218.0 -0.0003592701968060718
219.0 -0.00035326189486537115
220.0 -0.0003474431983767599
221.0 -0.00034195577461849133
222.0 -0.0003364683508602228
223.0 -0.00033098092710195427
224.0 -0.00032549350334368574
225.0 -0.0003204257092683269
226.0 -0.0003153909268092661
227.0 -0.00031035614435020526
228.0 -0.00030532136189114444
229.0 -0.00030043545330699155
230.0 -0.0002957723959603971
231.0 -0.00029110933861380275
232.0 -0.0002864462812672083
233.0 -0.00028178322392061384
234.0 -0.0002773868957882483
235.0 -0.000273064716357076
236.0 -0.0002687425369259037
237.0 -0.00026442035749473143
238.0 -0.0002601251613757266
239.0 -0.0002561821217883115
240.0 -0.0002522390822008964
241.0 -0.0002482960426134814
242.0 -0.0002443530030260663
243.0 -0.00024051304659241377
244.0 -0.00023695945910065898
245.0 -0.0002334058716089042
246.0 -0.00022985228411714944
247.0 -0.00022629869662539462
248.0 -0.00022285802114402854
249.0 -0.000219617115713315
250.0 -0.00021637621028260153
251.0 -0.000213135304851888
252.0 -0.00020989439942117446
253.0 -0.00020674377232716477
254.0 -0.00020375471068801996
255.0 -0.00020076564904887516
256.0 -0.00019777658740973033
257.0 -0.00019478752577058552
258.0 -0.00019186371766712927
259.0 -0.00018913078218409365
260.0 -0.00018639784670105805
261.0 -0.00018366491121802242
262.0 -0.0001809319757349868
263.0 -0.00017821148508105131
264.0 -0.00017573797359191155
265.0 -0.00017326446210277178
266.0 -0.000170790950613632
267.0 -0.00016831743912449224
268.0 -0.00016584392763535245
269.0 -0.00016353815549480482
270.0 -0.0001612925548874562
271.0 -0.00015904695428010755
272.0 -0.00015680135367275894
273.0 -0.0001545557530654103
274.0 -0.00015237810710618164
275.0 -0.00015034708233798032
276.0 -0.00014831605756977906
277.0 -0.00014628503280157776
278.0 -0.00014425400803337645
279.0 -0.00014222298326517515
280.0 -0.00014036612601421025
281.0 -0.00013855614782611292
282.0 -0.0001367461696380156
283.0 -0.0001349361914499183
284.0 -0.00013312621326182098
285.0 -0.00013134449457948428
286.0 -0.00012972615436968526
287.0 -0.00012810781415988624
288.0 -0.00012648947395008724
289.0 -0.0001248711337402882
290.0 -0.0001232527935304892
291.0 -0.00012169024783296972
292.0 -0.00012021385713917115
293.0 -0.00011873746644537256
294.0 -0.000117261075751574
295.0 -0.00011578468505777543
296.0 -0.00011430829436397686
297.0 -0.00011289469593183857
298.0 -0.00011153850297645301
299.0 -0.00011018231002106748
