10.0 -0.26965444990630727
11.0 -0.24212768582345265
12.0 -0.2180640841419115
13.0 -0.19683473041738728
14.0 -0.17796535799094454
15.0 -0.1610893872444241
16.0 -0.14591793856044785
17.0 -0.1322219607032074
18.0 -0.11981855940518403
19.0 -0.10855867692993075
20.0 -0.09831777444385978
21.0 -0.08899011870530173
22.0 -0.08048534069216569
23.0 -0.07272584735625424
24.0 -0.06564442059352937
25.0 -0.05918201736815547
26.0 -0.05328605889056361
27.0 -0.04790931792240182
28.0 -0.043009195536284794
29.0 -0.03854710670362814
30.0 -0.03448788566865637
31.0 -0.03079928269293461
32.0 -0.027451599505851704
33.0 -0.02441742055464698
34.0 -0.02167137338160283
35.0 -0.01918989712192397
36.0 -0.016951049951122746
37.0 -0.01493438677238528
38.0 -0.013120887695681068
39.0 -0.011492882804642873
40.0 -0.010033948925270835
41.0 -0.008728809967503928
42.0 -0.007563280089746549
43.0 -0.0065242422350396045
44.0 -0.005599618017256019
45.0 -0.004778303485854287
46.0 -0.0040500898681553035
47.0 -0.0034056023523543325
48.0 -0.0028362631648402247
49.0 -0.002334257848770452
50.0 -0.0018924877861044318
51.0 -0.0015045149228711664
52.0 -0.0011645145480753667
53.0 -0.0008672402894331302
54.0 -0.0006079910950107723
55.0 -0.0003825700753842746
56.0 -0.00018723598430014113
57.0 -1.865521969921653e-05
58.0 0.00012614067809600102
59.0 0.0002497935654494267
60.0 0.00035465663935179776
61.0 0.00044283154393600857
62.0 0.0005162007725948551
63.0 0.0005764522623411565
64.0 0.0006250974515749887
65.0 0.0006634878963523471
66.0 0.000692835579615634
67.0 0.0007142385109535018
68.0 0.0007287090024770471
69.0 0.0007372000492417354
70.0 0.0007406262870535646
71.0 0.0007398784569813711
72.0 0.0007358319845804956
73.0 0.0007293503248863264
74.0 0.0007212830264043687
75.0 0.0007124584093465276
76.0 0.0007036716854261811
77.0 0.0006956703512922231
78.0 0.0006891387063082076
79.0 0.0006846823486216346
80.0 0.0006828124868146595
81.0 0.0006839298392062577
82.0 0.000688308818582986
83.0 0.0006960838283490051
84.0 0.0007072400383763037
85.0 0.0007216107844051816
86.0 0.0007388830471444206
87.0 0.0007586115951930514
88.0 0.0007802413268578142
89.0 0.0008031360744587435
90.0 0.0008266108687866212
91.0 0.0008499639075922857
92.0 0.000872504669619383
93.0 0.0008935757814887345
94.0 0.0009125679328736909
95.0 0.0009289287183773259
96.0 0.0009421672973580361
97.0 0.0009518570643464141
98.0 0.0009576382333839262
99.0 0.0009592215874270313
100.0 0.0009563938501486769
101.0 0.0009490243788372685
102.0 0.0009370722830612521
103.0 0.0009205927219861395
104.0 0.0008997410453977983
105.0 0.0008747735957247336
106.0 0.0008460443310388288
107.0 0.0008139968981481886
108.0 0.000779152300313622
109.0 0.0007420927717464643
110.0 0.0007034428055747554
111.0 0.0006638484426806332
112.0 0.0006239559399294127
113.0 0.0005843908697977124
114.0 0.0005457386312086051
115.0 0.0005085272994499743
116.0 0.00047321367924706874
117.0 0.0004401732877530953
118.0 0.00040969474013197887
119.0 0.000381978648849534
120.0 0.0003571407410623905
121.0 0.0003352185319655135
122.0 0.00031618063575573766
123.0 0.00029993768114940165
124.0 0.00028635381768902433
125.0 0.0002752579234990074
126.0 0.00026645382273701295
127.0 0.0002597290645975079
128.0 0.00025486207957688134
129.0 0.000251627781500132
130.0 0.00024980188757639987
131.0 0.00024916434686301776
132.0 0.0002495022780557029
133.0 0.0002506127243778685
134.0 0.00025230536852488013
135.0 0.00025440516587029127
136.0 0.00025675470479293846
137.0 0.00025921603041636137
138.0 0.0002616716873608961
139.0 0.00026402483439923673
140.0 0.00026619842367215025
141.0 0.0002681335761299307
142.0 0.0002697873867599504
143.0 0.00027113043838105126
144.0 0.0002721442909688826
145.0 0.00027281915908055953
146.0 0.0002731519141810717
147.0 0.0002731444716083264
148.0 0.0002728025575145632
149.0 0.00027213480602344324
150.0 0.00027115211197186725
151.0 0.0002698671578625238
152.0 0.0002682940419881133
153.0 0.00026644795475759715
154.0 0.00026434487788472045
155.0 0.0002620013105025018
156.0 0.00025943405009997393
157.0 0.0002566600669746817
158.0 0.0002536965036048619
159.0 0.0002505608048578527
160.0 0.0002472709473413675
161.0 0.00024384569775173814
162.0 0.0002403048040710401
163.0 0.00023666902082134758
164.0 0.0002329598948068027
165.0 0.00022919928691676373
166.0 0.0002254086669624708
167.0 0.00022160827613552136
168.0 0.00021781628988015446
169.0 0.00021404812217157756
170.0 0.00021031598785247255
171.0 0.0002066287888618474
172.0 0.00020299232567853195
173.0 0.00019940977296677403
174.0 0.0001958823129726607
175.0 0.00019240980152115882
176.0 0.00018899135220473533
177.0 0.00018562575975715544
178.0 0.00018231173303517815
179.0 0.0001790479580843781
180.0 0.0001758330499780598
181.0 0.0001726654702148692
182.0 0.00016954348223819697
183.0 0.00016646519496843978
184.0 0.0001634287112986993
185.0 0.0001604323649674076
186.0 0.0001574750033845359
187.0 0.0001545562607970966
188.0 0.00015167676662727756
189.0 0.00014883824563343163
190.0 0.0001460434856298279
191.0 0.00014329617039997135
192.0 0.00014060059631810953
193.0 0.00013796130818473145
194.0 0.00013538270086397382
195.0 0.0001328686371249528
196.0 0.0001304221279720814
197.0 0.00012804511004304648
198.0 0.00012573833708138686
199.0 0.00012350138226821308
200.0 0.00012133272960957237
201.0 0.00011922992000196817
202.0 0.00011718971424113406
203.0 0.00011520824200507318
204.0 0.00011328112081489601
205.0 0.00011140354775788503
206.0 0.00010957038362382675
207.0 0.00010777625866148318
208.0 0.00010601572797015122
209.0 0.00010428349222467042
210.0 0.00010257467889945197
211.0 0.00010088515587951906
212.0 9.921182989183774e-05
213.0 9.75528724424302e-05
214.0 9.590781949793312e-05
215.0 9.427750832168979e-05
216.0 9.266384257009783e-05
217.0 9.106940920889937e-05
218.0 8.949700096695979e-05
219.0 8.794911922515401e-05
220.0 8.642753965123557e-05
221.0 8.493301467644743e-05
222.0 8.346516446742392e-05
223.0 8.202257566602854e-05
224.0 8.060309105844976e-05
225.0 7.920424031761093e-05
226.0 7.782373812150469e-05
227.0 7.645996547549139e-05
228.0 7.511235452701851e-05
229.0 7.378161529311853e-05
230.0 7.246977076607756e-05
231.0 7.117999936255169e-05
232.0 6.991631458487844e-05
233.0 6.86831356172241e-05
234.0 6.74848155765712e-05
235.0 6.632519480340316e-05
236.0 6.520723593723373e-05
237.0 6.41327787448127e-05
238.0 6.310243023180352e-05
239.0 6.211558418725522e-05
240.0 6.117054786870407e-05
241.0 6.026474429366575e-05
242.0 5.939495686002482e-05
243.0 5.85575872907347e-05
244.0 5.774890554169045e-05
245.0 5.696527837188481e-05
246.0 5.6203369339107363e-05
247.0 5.546030578823846e-05
248.0 5.4733808045174845e-05
249.0 5.4022273795473996e-05
250.0 5.332480844676916e-05
251.0 5.2641192071771255e-05
252.0 5.197177660195748e-05
253.0 5.131731355996832e-05
254.0 5.067872193046489e-05
255.0 5.005681601906888e-05
256.0 4.945202212184923e-05
257.0 4.8864118395874225e-05
258.0 4.829203294978194e-05
259.0 4.7733730274177845e-05
260.0 4.718620619357685e-05
261.0 4.664559800690226e-05
262.0 4.6107401529901373e-05
263.0 4.556677275529714e-05
264.0 4.501888100752173e-05
265.0 4.445927441011132e-05
266.0 4.3884217981579485e-05
267.0 4.3290969567398936e-05
268.0 4.2677968079889416e-05
269.0 4.20449205023108e-05
270.0 4.139278686087668e-05
271.0 4.072367397154371e-05
272.0 4.0040657687039225e-05
273.0 3.934755865321933e-05
274.0 3.864869796422755e-05
275.0 3.794865695779069e-05
276.0 3.725206057818337e-05
277.0 3.656339738588085e-05
278.0 3.5886882568765596e-05
279.0 3.5226364197046196e-05
280.0 3.4585268143879356e-05
281.0 3.396657389846158e-05
282.0 3.33728119438001e-05
283.0 3.280607324674566e-05
284.0 3.226802238314089e-05
285.0 3.1759907545154545e-05
286.0 3.1282562842933755e-05
287.0 3.0836400675854956e-05
288.0 3.0421394323519284e-05
289.0 3.003705313428773e-05
290.0 2.9682394612423285e-05
291.0 2.9355919158902486e-05
292.0 2.9055594042763306e-05
293.0 2.8778853239675353e-05
294.0 2.8522619008882335e-05
295.0 2.8283349522537036e-05
296.0 2.8057114653066164e-05
297.0 2.7839699400059388e-05
298.0 2.7626731697685984e-05
299.0 2.7413828802544817e-05
