10.0 -0.175280281986
11.0 -0.158803974365
12.0 -0.14456413391
13.0 -0.132153511989
14.0 -0.121258416013
15.0 -0.111631145021
16.0 -0.103072869536
17.0 -0.0954236674575
18.0 -0.0885546944199
19.0 -0.0823607696166
20.0 -0.0767545371904
21.0 -0.0716627013319
22.0 -0.0670235929727
23.0 -0.0627852431767
24.0 -0.0589035863987
25.0 -0.0553408244592
26.0 -0.0520641403309
27.0 -0.0490448293143
28.0 -0.0462577103461
29.0 -0.04368063315
30.0 -0.0412940177714
31.0 -0.0390804653737
32.0 -0.0370244654094
33.0 -0.0351121689377
34.0 -0.0333311841568
35.0 -0.0316703799542
36.0 -0.030119716593
37.0 -0.0286701233511
38.0 -0.0273134111844
39.0 -0.026042186491
40.0 -0.0248497510888
41.0 -0.0237300086397
42.0 -0.0226774024887
43.0 -0.0216868803318
44.0 -0.0207538579602
45.0 -0.019874165898
46.0 -0.0190439907332
47.0 -0.0182598316574
48.0 -0.0175184757773
49.0 -0.0168169784877
50.0 -0.016152637779
51.0 -0.0155229657876
52.0 -0.0149256671489
53.0 -0.0143586263814
54.0 -0.0138198975097
55.0 -0.0133076892475
56.0 -0.0128203459825
57.0 -0.0123563293345
58.0 -0.0119142032777
59.0 -0.0114926217752
60.0 -0.0110903167739
61.0 -0.0107060867403
62.0 -0.0103387882458
63.0 -0.00998733266323
64.0 -0.00965068728809
65.0 -0.00932787777549
66.0 -0.00901798871224
67.0 -0.00872016129833
68.0 -0.00843358966015
69.0 -0.00815751841729
70.0 -0.00789124331382
71.0 -0.00763411501544
72.0 -0.00738554496893
73.0 -0.00714501208284
74.0 -0.00691206938603
75.0 -0.0066863499076
76.0 -0.00646757059629
77.0 -0.00625553274201
78.0 -0.00605011773077
79.0 -0.00585127804356
80.0 -0.00565902452461
81.0 -0.00547341142193
82.0 -0.00529452045881
83.0 -0.00512244466914
84.0 -0.00495727238683
85.0 -0.00479907172289
86.0 -0.00464787592431
87.0 -0.00450367005856
88.0 -0.00436637956859
89.0 -0.00423586149764
90.0 -0.00411189951417
91.0 -0.00399420400162
92.0 -0.00388241815984
93.0 -0.00377613027687
94.0 -0.00367489132225
95.0 -0.00357823613917
96.0 -0.00348570602258
97.0 -0.00339687041859
98.0 -0.0033113457743
99.0 -0.00322881006441
100.0 -0.00314901209723
101.0 -0.00307177527252
102.0 -0.00299699596719
103.0 -0.00292463713033
104.0 -0.00285471796369
105.0 -0.00278730074969
106.0 -0.0027224759721
107.0 -0.00266034686097
108.0 -0.00260101439876
109.0 -0.00254456367888
110.0 -0.00249105234478
111.0 -0.00244050167766
112.0 -0.00239289073545
113.0 -0.00234815374875
114.0 -0.00230618073431
115.0 -0.00226682100585
116.0 -0.00222988899908
117.0 -0.00219517164539
118.0 -0.0021624364747
119.0 -0.00213143970743
120.0 -0.00210193377149
121.0 -0.00207367389625
122.0 -0.00204642363603
123.0 -0.00201995933038
124.0 -0.00199407360645
125.0 -0.00196857807508
126.0 -0.00194330537484
127.0 -0.00191811068467
128.0 -0.00189287276434
129.0 -0.00186749451013
130.0 -0.00184190295074
131.0 -0.0018160485808
132.0 -0.00178990395106
133.0 -0.00176346150546
134.0 -0.00173673075885
135.0 -0.00170973501637
136.0 -0.00168250791269
137.0 -0.0016550900753
138.0 -0.00162752618116
139.0 -0.00159986259295
140.0 -0.00157214565134
141.0 -0.00154442059316
142.0 -0.00151673098428
143.0 -0.00148911851345
144.0 -0.00146162298907
145.0 -0.00143428240673
146.0 -0.001407132996
147.0 -0.00138020919916
148.0 -0.00135354357223
149.0 -0.00132716662528
150.0 -0.0013011066345
151.0 -0.00127538946258
152.0 -0.00125003841979
153.0 -0.00122507418607
154.0 -0.00120051479814
155.0 -0.00117637568819
156.0 -0.00115266974639
157.0 -0.00112940737369
158.0 -0.00110659649672
159.0 -0.00108424253363
160.0 -0.00106234832427
161.0 -0.00104091406331
162.0 -0.00101993729217
163.0 -0.000999413008
164.0 -0.000979333932754
165.0 -0.000959690954841
166.0 -0.000940473717281
167.0 -0.000921671290148
168.0 -0.000903272840974
169.0 -0.000885268211611
170.0 -0.000867648325557
171.0 -0.000850405381954
172.0 -0.000833532833586
173.0 -0.000817025186012
174.0 -0.000800877684229
175.0 -0.000785085965722
176.0 -0.000769645752564
177.0 -0.000754552633467
178.0 -0.00073980195587
179.0 -0.000725388816911
180.0 -0.000711308118135
181.0 -0.000697554637393
182.0 -0.00068412307402
183.0 -0.000671008037472
184.0 -0.000658203970193
185.0 -0.000645705016362
186.0 -0.000633504864169
187.0 -0.000621596597285
188.0 -0.000609972590566
189.0 -0.000598624477272
190.0 -0.000587543202752
191.0 -0.000576719165416
192.0 -0.000566142432452
193.0 -0.000555803006783
194.0 -0.000545691114642
195.0 -0.000535797480654
196.0 -0.000526113559882
197.0 -0.000516631703766
198.0 -0.000507345248101
199.0 -0.000498248524224
200.0 -0.000489336806571
201.0 -0.00048060621808
202.0 -0.000472053617396
203.0 -0.000463676487937
204.0 -0.000455472839758
205.0 -0.000447441123604
206.0 -0.000439580146092
207.0 -0.00043188896907
208.0 -0.000424366777067
209.0 -0.000417012704452
210.0 -0.000409825626894
211.0 -0.000402803936256
212.0 -0.0003959453302
213.0 -0.000389246653728
214.0 -0.000382703827405
215.0 -0.000376311885888
216.0 -0.000370065132587
217.0 -0.000363957395448
218.0 -0.000357982349474
219.0 -0.000352133857835
220.0 -0.00034640627846
221.0 -0.00034079468787
222.0 -0.000335294987962
223.0 -0.000329903881788
224.0 -0.000324618727098
225.0 -0.000319437297342
226.0 -0.000314357495033
227.0 -0.000309377069238
228.0 -0.000304493386472
229.0 -0.000299703293225
230.0 -0.000295003091033
231.0 -0.000290388624925
232.0 -0.000285855466977
233.0 -0.000281399161956
234.0 -0.000277015494173
235.0 -0.000272700734438
236.0 -0.000268451832849
237.0 -0.000264266535076
238.0 -0.000260143413924
239.0 -0.000256081821338
240.0 -0.000252081776259
241.0 -0.000248143809316
242.0 -0.000244268786216
243.0 -0.000240457728685
244.0 -0.000236711646719
245.0 -0.000233031390506
246.0 -0.00022941752628
247.0 -0.000225870238357
248.0 -0.000222389259619
249.0 -0.000218973833944
250.0 -0.000215622715397
251.0 -0.000212334209028
252.0 -0.000209106256246
253.0 -0.000205936563584
254.0 -0.00020282276794
255.0 -0.000199762625032
256.0 -0.000196754202321
257.0 -0.000193796054338
258.0 -0.000190887358111
259.0 -0.000188027989674
260.0 -0.000185218529055
261.0 -0.000182460189787
262.0 -0.00017975467852
263.0 -0.000177103999197
264.0 -0.000174510223113
265.0 -0.000171975250007
266.0 -0.000169500585613
267.0 -0.000167087157962
268.0 -0.000164735188849
269.0 -0.000162444129236
270.0 -0.000160212659301
271.0 -0.00015803874647
272.0 -0.000155919749132
273.0 -0.000153852550377
274.0 -0.000151833705234
275.0 -0.000149859586255
276.0 -0.000147926515309
277.0 -0.000146030873472
278.0 -0.000144169185128
279.0 -0.000142338176235
280.0 -0.000140534809706
281.0 -0.000138756302845
282.0 -0.000137000132696
283.0 -0.000135264035166
284.0 -0.000133546003134
285.0 -0.000131844287581
286.0 -0.000130157404375
287.0 -0.000128484147787
288.0 -0.000126823610319
289.0 -0.000125175206955
290.0 -0.000123538700792
291.0 -0.000121914226043
292.0 -0.000120302303992
293.0 -0.000118703847429
294.0 -0.000117120149688
295.0 -0.000115552855454
296.0 -0.000114003911958
297.0 -0.000112475500965
298.0 -0.000110969953727
299.0 -0.000109489652768
