10.0 -0.0754713170837
11.0 -0.0905762689926
12.0 -0.100133575843
13.0 -0.105569190122
14.0 -0.107987281412
15.0 -0.108231003402
16.0 -0.106937436683
17.0 -0.1045826054
18.0 -0.101518591031
19.0 -0.0980041056041
20.0 -0.0942283319475
21.0 -0.0903285300293
22.0 -0.086402931119
23.0 -0.0825204593737
24.0 -0.0787282871634
25.0 -0.0750577037423
26.0 -0.0715285108671
27.0 -0.0681521789716
28.0 -0.0649341090198
29.0 -0.0618753295635
30.0 -0.0589738097354
31.0 -0.0562254467707
32.0 -0.0536247731136
33.0 -0.0511654594986
34.0 -0.0488406911267
35.0 -0.0466434579381
36.0 -0.044566762903
37.0 -0.0426037476884
38.0 -0.0407477601064
39.0 -0.0389924029436
40.0 -0.037331582954
41.0 -0.0357595459185
42.0 -0.034270879264
43.0 -0.0328604895256
44.0 -0.0315235812669
45.0 -0.0302556526525
46.0 -0.0290524976846
47.0 -0.0279101975416
48.0 -0.0268250984557
49.0 -0.0257937884797
50.0 -0.0248130828
51.0 -0.0238800142692
52.0 -0.0229918202522
53.0 -0.0221459233696
54.0 -0.0213399117468
55.0 -0.0205715244068
56.0 -0.0198386414787
57.0 -0.019139275066
58.0 -0.0184715583481
59.0 -0.0178337341848
60.0 -0.0172241454462
61.0 -0.0166412270632
62.0 -0.0160834975037
63.0 -0.0155495476572
64.0 -0.0150380275856
65.0 -0.014547633916
66.0 -0.0140771008834
67.0 -0.0136251962479
68.0 -0.0131907211311
69.0 -0.0127725118878
70.0 -0.0123694428273
71.0 -0.0119804299658
72.0 -0.0116044367431
73.0 -0.011240482325
74.0 -0.0108876522924
75.0 -0.0105451110398
76.0 -0.0102121152861
77.0 -0.00988802823732
78.0 -0.00957233355208
79.0 -0.00926464737536
80.0 -0.00896472595456
81.0 -0.00867246635058
82.0 -0.00838789858389
83.0 -0.00811116879394
84.0 -0.00784251418194
85.0 -0.00758223148953
86.0 -0.00733064158577
87.0 -0.00708805337894
88.0 -0.00685473054359
89.0 -0.00663086425379
90.0 -0.00641655425684
91.0 -0.00621179947516
92.0 -0.00601649822483
93.0 -0.00583045727565
94.0 -0.00565340833471
95.0 -0.00548503000976
96.0 -0.00532497285516
97.0 -0.00517288479118
98.0 -0.00502843413444
99.0 -0.0048913277652
100.0 -0.00476132257429
101.0 -0.00463822918793
102.0 -0.00452190792843
103.0 -0.00441225788611
104.0 -0.00430920072743
105.0 -0.00421266135593
106.0 -0.00412254774158
107.0 -0.00403873215291
108.0 -0.00396103570883
109.0 -0.00388921767027
110.0 -0.0038229702765
111.0 -0.00376191927281
112.0 -0.00370562966403
113.0 -0.00365361575098
114.0 -0.00360535422754
115.0 -0.00356029904598
116.0 -0.00351789685641
117.0 -0.00347760202039
118.0 -0.0034388904188
119.0 -0.00340127147787
120.0 -0.00336429801364
121.0 -0.00332757365521
122.0 -0.00329075775888
123.0 -0.003253567869
124.0 -0.00321577990519
125.0 -0.00317722634861
126.0 -0.00313779275836
127.0 -0.00309741298057
128.0 -0.00305606342687
129.0 -0.00301375680325
130.0 -0.00297053566242
131.0 -0.00292646612538
132.0 -0.00288163206262
133.0 -0.00283612994209
134.0 -0.00279006444975
135.0 -0.00274354488663
136.0 -0.00269668226487
137.0 -0.00264958697922
138.0 -0.00260236692371
139.0 -0.00255512594943
140.0 -0.00250796260172
141.0 -0.00246096911662
142.0 -0.00241423068259
143.0 -0.00236782497978
144.0 -0.00232182199709
145.0 -0.0022762841061
146.0 -0.00223126634936
147.0 -0.00218681688564
148.0 -0.00214297752917
149.0 -0.00209978432346
150.0 -0.00205726809865
151.0 -0.00201545497354
152.0 -0.00197436677597
153.0 -0.00193402136928
154.0 -0.00189443288712
155.0 -0.00185561189409
156.0 -0.00181756550282
157.0 -0.00178029748652
158.0 -0.00174380842663
159.0 -0.00170809592578
160.0 -0.0016731548996
161.0 -0.00163897793909
162.0 -0.00160555571638
163.0 -0.00157287739404
164.0 -0.00154093099761
165.0 -0.00150970372103
166.0 -0.00147918215268
167.0 -0.00144935243028
168.0 -0.00142020034918
169.0 -0.0013917114566
170.0 -0.0013638711615
171.0 -0.00133666487819
172.0 -0.00131007820411
173.0 -0.00128409711525
174.0 -0.00125870814953
175.0 -0.00123389854489
176.0 -0.00120965630331
177.0 -0.00118597016555
178.0 -0.00116282949834
179.0 -0.00114022411249
180.0 -0.00111814404257
181.0 -0.00109657932328
182.0 -0.00107551979449
183.0 -0.00105495495755
184.0 -0.00103487389313
185.0 -0.00101526523949
186.0 -0.000996117221298
187.0 -0.000977417715326
188.0 -0.000959154339024
189.0 -0.00094131455039
190.0 -0.000923885751041
191.0 -0.000906855387542
192.0 -0.000890211048643
193.0 -0.000873940557971
194.0 -0.000858032063132
195.0 -0.000842474123069
196.0 -0.000827255795516
197.0 -0.000812366725065
198.0 -0.000797797229537
199.0 -0.000783538378466
200.0 -0.000769582053555
201.0 -0.000755920978537
202.0 -0.000742548706245
203.0 -0.000729459554661
204.0 -0.000716648490857
205.0 -0.000704110970756
206.0 -0.000691842751307
207.0 -0.000679839697711
208.0 -0.000668097610111
209.0 -0.000656612090836
210.0 -0.000645378465705
211.0 -0.000634391762516
212.0 -0.000623646739316
213.0 -0.000613137946544
214.0 -0.000602859802611
215.0 -0.000592806662653
216.0 -0.000582972864718
217.0 -0.000573352745201
218.0 -0.000563940624005
219.0 -0.000554730767621
220.0 -0.000545717343557
221.0 -0.000536894381248
222.0 -0.000528255752796
223.0 -0.000519795182267
224.0 -0.000511506285954
225.0 -0.000503382639642
226.0 -0.000495417863666
227.0 -0.000487605713594
228.0 -0.000479940164114
229.0 -0.000472415476059
230.0 -0.000465026240801
231.0 -0.000457767401437
232.0 -0.000450634255028
233.0 -0.000443622443491
234.0 -0.000436727941913
235.0 -0.000429947051742
236.0 -0.000423276403007
237.0 -0.000416712965308
238.0 -0.000410254063005
239.0 -0.00040389738707
240.0 -0.000397640995195
241.0 -0.000391483293387
242.0 -0.000385422995909
243.0 -0.000379459065312
244.0 -0.000373590639034
245.0 -0.000367816952574
246.0 -0.000362137270682
247.0 -0.000356550836891
248.0 -0.000351056848565
249.0 -0.000345654459927
250.0 -0.000340342810604
251.0 -0.000335121072871
252.0 -0.000329988508035
253.0 -0.000324944521505
254.0 -0.000319988707138
255.0 -0.000315120873916
256.0 -0.000310341051295
257.0 -0.000305649472928
258.0 -0.000301046541227
259.0 -0.0002965327771
260.0 -0.000292108759928
261.0 -0.000287775062584
262.0 -0.00028353218542
263.0 -0.000279380491879
264.0 -0.000275320147295
265.0 -0.000271351061676
266.0 -0.000267472837022
267.0 -0.000263684720029
268.0 -0.000259985561578
269.0 -0.000256373785162
270.0 -0.000252847366893
271.0 -0.000249403829821
272.0 -0.000246040254901
273.0 -0.000242753309966
274.0 -0.000239539296678
275.0 -0.00023639421395
276.0 -0.000233313834835
277.0 -0.000230293792847
278.0 -0.000227329673081
279.0 -0.000224417103544
280.0 -0.000221551842622
281.0 -0.000218729859559
282.0 -0.000215947405813
283.0 -0.000213201076236
284.0 -0.000210487859708
285.0 -0.000207805179383
286.0 -0.000205150922791
287.0 -0.000202523461994
288.0 -0.000199921663718
289.0 -0.000197344889223
290.0 -0.000194792983487
291.0 -0.000192266253388
292.0 -0.000189765434701
293.0 -0.00018729164813
294.0 -0.00018484634496
295.0 -0.000182431243419
296.0 -0.000180048257238
297.0 -0.000177699418297
298.0 -0.000175386795571
299.0 -0.000173112412818
