10.0 -0.049018304463096164
11.0 -0.059560474352489685
12.0 -0.06585839053956498
13.0 -0.06881735554007988
14.0 -0.06933419629824161
15.0 -0.06816772904027663
16.0 -0.06589401533280023
17.0 -0.06292516716203392
18.0 -0.059562325597925604
19.0 -0.05600591612913969
20.0 -0.05239373158865321
21.0 -0.04881511208581011
22.0 -0.045327168932264426
23.0 -0.04197439850117554
24.0 -0.03877711477847744
25.0 -0.03574822285654823
26.0 -0.03289454423361886
27.0 -0.0302173014854002
28.0 -0.027713484307671003
29.0 -0.02539008927969648
30.0 -0.02323051430036314
31.0 -0.021223952296580764
32.0 -0.01937776969011922
33.0 -0.01767104957400782
34.0 -0.016102495090045545
35.0 -0.014659344917542285
36.0 -0.013341047906258131
37.0 -0.012126152190558803
38.0 -0.011025383946384025
39.0 -0.010018233190052099
40.0 -0.009096448261243471
41.0 -0.00825888279728746
42.0 -0.007502210797808687
43.0 -0.006813247197038544
44.0 -0.006187042795061316
45.0 -0.005618792274910678
46.0 -0.005103870397721278
47.0 -0.004637853161372981
48.0 -0.004216526925069894
49.0 -0.0038359010561961043
50.0 -0.0034923171894574827
51.0 -0.003182040240881974
52.0 -0.002902112770568032
53.0 -0.0026494807474785847
54.0 -0.0024214143812503848
55.0 -0.0022154307125081454
56.0 -0.002029297000801218
57.0 -0.0018610143323140552
58.0 -0.0017087924195469183
59.0 -0.0015710291846937092
60.0 -0.0014462950154230875
61.0 -0.0013342156332611156
62.0 -0.0012346279310200853
63.0 -0.0011444355310726367
64.0 -0.0010627587578950235
65.0 -0.0009888209725390869
66.0 -0.0009233274732246401
67.0 -0.000865530352931089
68.0 -0.0008133244103746793
69.0 -0.0007662348228679667
70.0 -0.0007254601745937514
71.0 -0.000689661204317353
72.0 -0.000657390836208476
73.0 -0.0006289034545169099
74.0 -0.0006046409557485437
75.0 -0.0005824030539420623
76.0 -0.000562300484394851
77.0 -0.0005442502811859154
78.0 -0.0005266298670927651
79.0 -0.0005093801999032521
80.0 -0.0004910542778727971
81.0 -0.0004717768752632094
82.0 -0.0004497748748561797
83.0 -0.00042471409482102617
84.0 -0.0003973287383792082
85.0 -0.00036377155719856836
86.0 -0.0003280682261197075
87.0 -0.000286581869304173
88.0 -0.00024209949686927355
89.0 -0.000194250721486141
90.0 -0.00014354997209726722
91.0 -9.164252731671142e-05
92.0 -3.916250620212784e-05
93.0 1.3186766528546695e-05
94.0 6.238769027156756e-05
95.0 0.00011025712722067255
96.0 0.00015209560149368533
97.0 0.00019100524393564716
98.0 0.00022180710007858702
99.0 0.0002482930577285184
100.0 0.00026522654867573915
101.0 0.0002773153660081238
102.0 0.00027899284090859096
103.0 0.000276505972996082
104.0 0.00026350153328010456
105.0 0.0002480065559801821
106.0 0.0002230644777204357
107.0 0.00019743315537160044
108.0 0.00016497498474377976
109.0 0.00013251681411595903
110.0 9.781319890550073e-05
111.0 6.294578177194316e-05
112.0 2.9731618404686258e-05
113.0 -2.86699974791847e-06
114.0 -3.275687220270234e-05
115.0 -5.97223764181425e-05
116.0 -8.530541586105727e-05
117.0 -0.00010490256773565827
118.0 -0.00012449971961025927
119.0 -0.00013762813255470765
120.0 -0.00014959756065262587
121.0 -0.00015842082187949907
122.0 -0.0001635689694155594
123.0 -0.00016857512256008328
124.0 -0.00016830011297238318
125.0 -0.00016802510338468312
126.0 -0.00016565885677425273
127.0 -0.00016152509595647753
128.0 -0.0001573734753707532
129.0 -0.0001508664070135592
130.0 -0.0001443593386563652
131.0 -0.0001373769040956014
132.0 -0.0001297431225242133
133.0 -0.00012210934095282524
134.0 -0.00011433711328601605
135.0 -0.0001065267540652308
136.0 -9.875895000053288e-05
137.0 -9.140661143070827e-05
138.0 -8.405427286088366e-05
139.0 -7.699622199793796e-05
140.0 -7.049098581076132e-05
141.0 -6.398574962358471e-05
142.0 -5.8037755976277726e-05
143.0 -5.255229556565367e-05
144.0 -4.706683515502962e-05
145.0 -4.229551324605082e-05
146.0 -3.7846712529147185e-05
147.0 -3.339791181224355e-05
148.0 -2.9706512659255935e-05
149.0 -2.6236765690629937e-05
150.0 -2.276701872200394e-05
151.0 -1.998098011835113e-05
152.0 -1.73664729978651e-05
153.0 -1.4751965877379075e-05
154.0 -1.2665886275723494e-05
155.0 -1.0741970385000337e-05
156.0 -8.818054494277178e-06
157.0 -7.264343710574936e-06
158.0 -5.893276386658222e-06
159.0 -4.522209062741509e-06
160.0 -3.3679877329226977e-06
161.0 -2.420821581679528e-06
162.0 -1.4736554304363578e-06
163.0 -6.167935396617903e-07
164.0 1.8621029354799514e-08
165.0 6.540355983713892e-07
166.0 1.2888422839559978e-06
167.0 1.6991101328245028e-06
168.0 2.109377981693008e-06
169.0 2.5196458305615134e-06
170.0 2.8186153392641932e-06
171.0 3.0574786521736557e-06
172.0 3.296341965083119e-06
173.0 3.5036021261341583e-06
174.0 3.6039888754641238e-06
175.0 3.704375624794089e-06
176.0 3.804762374124054e-06
177.0 3.848021673866515e-06
178.0 3.870999749226545e-06
179.0 3.893977824586573e-06
180.0 3.908597497114018e-06
181.0 3.884424530775461e-06
182.0 3.860251564436902e-06
183.0 3.836078598098345e-06
184.0 3.807891103333058e-06
185.0 3.7763467250511923e-06
186.0 3.7448023467693257e-06
187.0 3.7132579684874595e-06
188.0 3.6842356394552586e-06
189.0 3.655698848437592e-06
190.0 3.627162057419926e-06
191.0 3.5984054383888484e-06
192.0 3.5660554771266575e-06
193.0 3.5337055158644657e-06
194.0 3.5013555546022747e-06
195.0 3.46630440696564e-06
196.0 3.4204726154021166e-06
197.0 3.3746408238385933e-06
198.0 3.32880903227507e-06
199.0 3.2739505613558657e-06
200.0 3.19407419046826e-06
201.0 3.1141978195806546e-06
202.0 3.034321448693049e-06
203.0 2.951296141034062e-06
204.0 2.8588457351260347e-06
205.0 2.766395329218008e-06
206.0 2.6739449233099805e-06
207.0 2.583611448034041e-06
208.0 2.50485241228837e-06
209.0 2.4260933765426987e-06
210.0 2.3473343407970275e-06
211.0 2.2685753050513563e-06
212.0 2.216822950769467e-06
213.0 2.1657329054662286e-06
214.0 2.1146428601629904e-06
215.0 2.063552814859752e-06
216.0 2.036107949150061e-06
217.0 2.0181763858660783e-06
218.0 2.0002448225820955e-06
219.0 1.982313259298113e-06
220.0 1.964572310958043e-06
221.0 1.947164399100935e-06
222.0 1.9297564872438264e-06
223.0 1.912348575386718e-06
224.0 1.8949406635296098e-06
225.0 1.8406905906900502e-06
226.0 1.7835422021891487e-06
227.0 1.7263938136882475e-06
228.0 1.6692454251873463e-06
229.0 1.5932616477601815e-06
230.0 1.4890829319349208e-06
231.0 1.3849042161096598e-06
232.0 1.280725500284399e-06
233.0 1.176546784459138e-06
234.0 1.072871439671786e-06
235.0 9.693360282201473e-07
236.0 8.658006167685088e-07
237.0 7.6226520531687e-07
238.0 6.623307242726872e-07
239.0 6.093916289289368e-07
240.0 5.564525335851862e-07
241.0 5.035134382414358e-07
242.0 4.505743428976852e-07
243.0 4.1907026173322957e-07
244.0 4.471134693937851e-07
245.0 4.7515667705434065e-07
246.0 5.031998847148961e-07
247.0 5.312430923754517e-07
248.0 5.795262980185897e-07
249.0 6.63619205466419e-07
250.0 7.477121129142483e-07
251.0 8.318050203620776e-07
252.0 9.158979278099068e-07
253.0 1.0003260521068532e-06
254.0 1.0853540928918892e-06
255.0 1.1703821336769254e-06
256.0 1.2554101744619615e-06
257.0 1.3404382152469973e-06
258.0 1.4155758202685785e-06
259.0 1.4617829869414583e-06
260.0 1.5079901536143381e-06
261.0 1.554197320287218e-06
262.0 1.6004044869600978e-06
263.0 1.6438549780704143e-06
264.0 1.6325966883226826e-06
265.0 1.6213383985749511e-06
266.0 1.6100801088272195e-06
267.0 1.5988218190794878e-06
268.0 1.5875635293317561e-06
269.0 1.5456879600318756e-06
270.0 1.4928293466907573e-06
271.0 1.4399707333496393e-06
272.0 1.3871121200085209e-06
273.0 1.3342535066674029e-06
274.0 1.27799700792276e-06
275.0 1.214409119514235e-06
276.0 1.1508212311057102e-06
277.0 1.0872333426971854e-06
278.0 1.0236454542886605e-06
279.0 9.600575658801357e-07
280.0 9.119607454368947e-07
281.0 8.680335127592364e-07
282.0 8.241062800815779e-07
283.0 7.801790474039195e-07
284.0 7.36251814726261e-07
285.0 6.958240231108306e-07
286.0 6.756277720016522e-07
287.0 6.554315208924737e-07
288.0 6.352352697832952e-07
289.0 6.150390186741167e-07
290.0 5.948427675649382e-07
291.0 5.759653976206456e-07
292.0 5.591245758425757e-07
293.0 5.422837540645059e-07
294.0 5.254429322864361e-07
295.0 5.086021105083662e-07
296.0 4.917612887302963e-07
297.0 4.6829317734976924e-07
298.0 4.387663143150042e-07
299.0 4.092394512802393e-07
