10.0 -0.26874305195518355
11.0 -0.2409258010853433
12.0 -0.21659752307962896
13.0 -0.1951310571567704
14.0 -0.1760483703721708
15.0 -0.15897644305041908
16.0 -0.14361960765793838
17.0 -0.12974320256165667
18.0 -0.11716064302516603
19.0 -0.10572123399850779
20.0 -0.09530059533137274
21.0 -0.08579449777780965
22.0 -0.07711492346476016
23.0 -0.06918702345572911
24.0 -0.061946352355818
25.0 -0.05533640737563133
26.0 -0.049306753391919714
27.0 -0.04381182668825165
28.0 -0.03881018902150277
29.0 -0.03426393249956342
30.0 -0.030138130240378275
31.0 -0.026400392063923035
32.0 -0.02302056378940228
33.0 -0.019970521498361198
34.0 -0.0172239906785233
35.0 -0.014756367458457143
36.0 -0.012544572041485853
37.0 -0.01056696556219438
38.0 -0.008803311232892698
39.0 -0.007234725803263183
40.0 -0.0058435976759764014
41.0 -0.004613503905733899
42.0 -0.0035291659673745823
43.0 -0.0025764374292091058
44.0 -0.0017422800394268165
45.0 -0.001014703226085016
46.0 -0.0003826865276153322
47.0 0.000163881617158881
48.0 0.0006342421522398666
49.0 0.00103680159099784
50.0 0.0013791828459950107
51.0 0.0016682845594949791
52.0 0.001910332924609915
53.0 0.0021109216878617367
54.0 0.0022750504271318024
55.0 0.002407171102803486
56.0 0.0025112419879512906
57.0 0.0025907809906132173
58.0 0.0026489132918174198
59.0 0.0026884147294651784
60.0 0.002711754174578126
61.0 0.0027211345106079136
62.0 0.002718528173432765
63.0 0.002705703950474167
64.0 0.002684246102202756
65.0 0.0026555707027680346
66.0 0.0026209441698169735
67.0 0.0025815054802442307
68.0 0.002538289454956614
69.0 0.002492246675108606
70.0 0.0024442568101425144
71.0 0.0023951347954948386
72.0 0.0023456311855223743
73.0 0.0022964282375751367
74.0 0.0022481327143963397
75.0 0.002201266367295728
76.0 0.0021562559009109007
77.0 0.0021134249877999664
78.0 0.002072990542925759
79.0 0.0020350639835892722
80.0 0.001999656637117048
81.0 0.0019666878578076647
82.0 0.001935994893174406
83.0 0.0019073443804628258
84.0 0.0018804458209751456
85.0 0.0018549673114081032
86.0 0.0018305534947062286
87.0 0.001806845354192587
88.0 0.001783501042435256
89.0 0.0017602162753905316
90.0 0.001736742078301335
91.0 0.0017128972898575315
92.0 0.0016885736285366325
93.0 0.0016637323259729468
94.0 0.0016383929291577638
95.0 0.0016126162933417579
96.0 0.0015864846211763738
97.0 0.0015600815520491916
98.0 0.0015334749099551214
99.0 0.0015067040027521117
100.0 0.0014797725281567716
101.0 0.0014526473254335716
102.0 0.0014252625130873656
103.0 0.0013975280280193161
104.0 0.0013693412483584296
105.0 0.0013406002321931958
106.0 0.0013112171199078978
107.0 0.0012811304061385342
108.0 0.001250315050731824
109.0 0.001218789707654489
110.0 0.0011866206430708114
111.0 0.0011539221532893297
112.0 0.0011208534928879902
113.0 0.0010876125301093097
114.0 0.0010544265988068945
115.0 0.0010215413029077366
116.0 0.0009892082837268125
117.0 0.0009576730927105105
118.0 0.0009271642599580528
119.0 0.0008978844125219885
120.0 0.0008700039388346621
121.0 0.0008436573102669873
122.0 0.0008189418415027244
123.0 0.0007959184455831094
124.0 0.0007746138263749988
125.0 0.0007550235371549958
126.0 0.0007371153994606494
127.0 0.000720832903244243
128.0 0.0007060983774396725
129.0 0.0006928159003772488
130.0 0.0006808740738607642
131.0 0.0006701488744102804
132.0 0.0006605067949781075
133.0 0.0006518084004562049
134.0 0.0006439122686964351
135.0 0.0006366791237925149
136.0 0.0006299758423599181
137.0 0.0006236789654727396
138.0 0.000617677392057322
139.0 0.0006118740487413887
140.0 0.0006061864901210855
141.0 0.0006005465385160331
142.0 0.0005948991871047605
143.0 0.0005892010454636735
144.0 0.0005834186019104154
145.0 0.0005775265275073369
146.0 0.0005715061737125475
147.0 0.0005653443399218018
148.0 0.0005590323228401746
149.0 0.000552565213716696
150.0 0.000545941383198395
151.0 0.0005391620850905736
152.0 0.000532231116842801
153.0 0.0005251544929632694
154.0 0.000517940113744668
155.0 0.0005105974399175224
156.0 0.0005031372067563764
157.0 0.0004955712212047877
158.0 0.00048791227760587466
159.0 0.0004801742014344998
160.0 0.00047237199206259247
161.0 0.0004645219963480549
162.0 0.00045664201807835863
163.0 0.0004487512650199665
164.0 0.0004408700601161161
165.0 0.0004330192923425065
166.0 0.00042521964420752083
167.0 0.00041749069077363064
168.0 0.0004098500036511415
169.0 0.00040231240196616456
170.0 0.00039488946818807386
171.0 0.0003875893959092793
172.0 0.00038041717196477063
173.0 0.0003733750325600389
174.0 0.0003664630871293365
175.0 0.0003596799843996772
176.0 0.0003530235053697861
177.0 0.0003464910029075491
178.0 0.00034007965681844297
179.0 0.00033378656314038207
180.0 0.0003276087145931702
181.0 0.00032154294725172505
182.0 0.00031558592439422025
183.0 0.0003097342059530426
184.0 0.0003039844192422219
185.0 0.0002983335133201263
186.0 0.00029277905376695927
187.0 0.00028731950175414465
188.0 0.00028195442204090895
189.0 0.00027668457666959475
190.0 0.0002715118805310305
191.0 0.00026643921716522
192.0 0.00026147013430615536
193.0 0.0002566084558923947
194.0 0.0002518578585146339
195.0 0.00024722146418612226
196.0 0.00024270149722451612
197.0 0.0002382990412555408
198.0 0.00023401391460857533
199.0 0.0002298446618928003
200.0 0.00022578864062230565
201.0 0.0002218421688082948
202.0 0.00021800069569384377
203.0 0.00021425896421376755
204.0 0.00021061114843102808
205.0 0.00020705096775093445
206.0 0.00020357179642633747
207.0 0.00020016679633753703
208.0 0.00019682909980822812
209.0 0.00019355205691199074
210.0 0.0001903295412297177
211.0 0.00018715628480533948
212.0 0.00018402819368635475
213.0 0.0001809425858200549
214.0 0.00017789829680894348
215.0 0.00017489561643242935
216.0 0.00017193604681994747
217.0 0.00016902190593654813
218.0 0.0001661558305420135
219.0 0.00016334025430248957
220.0 0.00016057694445439802
221.0 0.00015786667245770727
222.0 0.00015520907181208285
223.0 0.000152602703920609
224.0 0.00015004531677535773
225.0 0.00014753424813370298
226.0 0.00014506690084383498
227.0 0.00014264120726591943
228.0 0.00014025600390508414
229.0 0.00013791125517734567
230.0 0.0001356080929282272
231.0 0.00013334867047510692
232.0 0.0001311358605127009
233.0 0.00012897284976838444
234.0 0.00012686269602677508
235.0 0.00012480791359712175
236.0 0.00012281014251039592
237.0 0.00012086993788017699
238.0 0.00011898669342487233
239.0 0.00011715869184444136
240.0 0.00011538325845348754
241.0 0.00011365698544533153
242.0 0.00011197599268500544
243.0 0.00011033619550372606
244.0 0.00010873355792839603
245.0 0.00010716431815372535
246.0 0.0001056251794197114
247.0 0.000104113462513559
248.0 0.00010262721596303152
249.0 0.0001011652778984779
250.0 9.972728146432368e-05
251.0 9.831359548283496e-05
252.0 9.692519511562003e-05
253.0 9.556346380736231e-05
254.0 9.42299369890469e-05
255.0 9.292600811794701e-05
256.0 9.165262643349276e-05
257.0 9.041002119442569e-05
258.0 8.91974876091338e-05
259.0 8.80132646002907e-05
260.0 8.685452445535956e-05
261.0 8.571748077676323e-05
262.0 8.459760610329718e-05
263.0 8.348993652556233e-05
264.0 8.238942976455835e-05
265.0 8.129133714156523e-05
266.0 8.019154940782705e-05
267.0 7.908688135229092e-05
268.0 7.79752694325251e-05
269.0 7.685586871558697e-05
270.0 7.572904820648644e-05
271.0 7.459629526910124e-05
272.0 7.346004876580527e-05
273.0 7.232348580866827e-05
274.0 7.119028836333827e-05
275.0 7.006441375838283e-05
276.0 6.89498882988441e-05
277.0 6.785063680205867e-05
278.0 6.677035413225716e-05
279.0 6.57124186998003e-05
280.0 6.46798430942182e-05
281.0 6.367525386933247e-05
282.0 6.270089100641102e-05
283.0 6.175861753204204e-05
284.0 6.084993082560433e-05
285.0 5.9975968959865226e-05
286.0 5.913750766375298e-05
287.0 5.833494593107381e-05
288.0 5.756828073260762e-05
289.0 5.683707355981643e-05
290.0 5.6140413477211204e-05
291.0 5.54768828212147e-05
292.0 5.484453249309937e-05
293.0 5.4240873823058646e-05
294.0 5.366289317003611e-05
295.0 5.310709380388728e-05
296.0 5.256956733689625e-05
297.0 5.204609427026243e-05
298.0 5.153227040249302e-05
299.0 5.102365323119457e-05
