10.0 -0.0148831553948
11.0 -0.0313134643432
12.0 -0.042709150972
13.0 -0.0503033990953
14.0 -0.0550630362502
15.0 -0.0577345689209
16.0 -0.0588876351826
17.0 -0.0589515900385
18.0 -0.0582466308699
19.0 -0.0570101769552
20.0 -0.0554177728305
21.0 -0.0535986145302
22.0 -0.0516469447728
23.0 -0.0496306760014
24.0 -0.0475981291185
25.0 -0.0455832868537
26.0 -0.0436097191846
27.0 -0.0416933761174
28.0 -0.0398445678587
29.0 -0.0380694455388
30.0 -0.0363711516135
31.0 -0.0347506890197
32.0 -0.0332075455259
33.0 -0.0317401418088
34.0 -0.0303461735079
35.0 -0.0290228825833
36.0 -0.0277672575935
37.0 -0.026576159262
38.0 -0.0254463936804
39.0 -0.0243747710844
40.0 -0.0233581674485
41.0 -0.0223935734827
42.0 -0.0214781116676
43.0 -0.0206090282291
44.0 -0.0197836865177
45.0 -0.0189995767886
46.0 -0.018254332079
47.0 -0.0175457322975
48.0 -0.0168716937778
49.0 -0.0162302566331
50.0 -0.0156195796612
51.0 -0.0150379396215
52.0 -0.0144837261577
53.0 -0.0139554301376
54.0 -0.0134516311831
55.0 -0.0129709901062
56.0 -0.0125122459154
57.0 -0.0120742131782
58.0 -0.0116557772444
59.0 -0.011255888543
60.0 -0.0108735581035
61.0 -0.0105078541972
62.0 -0.010157897701
63.0 -0.00982285409116
64.0 -0.00950192251855
65.0 -0.00919432476573
66.0 -0.00889929710704
67.0 -0.00861608624488
68.0 -0.00834394825424
69.0 -0.00808214853873
70.0 -0.00782996159197
71.0 -0.00758667089834
72.0 -0.00735157028557
73.0 -0.00712396794931
74.0 -0.00690319372077
75.0 -0.00668860973581
76.0 -0.00647962466975
77.0 -0.00627571159872
78.0 -0.00607642876669
79.0 -0.00588144115995
80.0 -0.00569053952992
81.0 -0.00550365307838
82.0 -0.00532085259351
83.0 -0.00514234205338
84.0 -0.00496843816755
85.0 -0.00479953882894
86.0 -0.00463608297557
87.0 -0.0044785057859
88.0 -0.00432719411381
89.0 -0.00418244726495
90.0 -0.0040444475321
91.0 -0.00391324356638
92.0 -0.00378874802684
93.0 -0.00367074930756
94.0 -0.00355893561859
95.0 -0.00345292835439
96.0 -0.00335232062678
97.0 -0.00325671623973
98.0 -0.00316576440077
99.0 -0.00307918614524
100.0 -0.00299678969379
101.0 -0.00291847354912
102.0 -0.00284421779367
103.0 -0.00277406551304
104.0 -0.00270809733803
105.0 -0.00264640265645
106.0 -0.00258905108057
107.0 -0.00253606733959
108.0 -0.00248741202101
109.0 -0.00244296964794
110.0 -0.00240254458359
111.0 -0.00236586432312
112.0 -0.00233258897883
113.0 -0.00230232527682
114.0 -0.00227464320178
115.0 -0.00224909352852
116.0 -0.00222522478253
117.0 -0.00220259856697
118.0 -0.00218080258094
119.0 -0.00215946097402
120.0 -0.0021382419201
121.0 -0.00211686246464
122.0 -0.00209509082457
123.0 -0.00207274641307
124.0 -0.00204969792492
125.0 -0.00202585985104
126.0 -0.00200118779927
127.0 -0.00197567299066
128.0 -0.00194933628935
129.0 -0.00192222211221
130.0 -0.00189439254751
131.0 -0.00186592197711
132.0 -0.00183689243413
133.0 -0.00180738983668
134.0 -0.00177750112808
135.0 -0.00174731224666
136.0 -0.00171690676598
137.0 -0.00168636500668
138.0 -0.00165576342835
139.0 -0.00162517415541
140.0 -0.00159466455583
141.0 -0.00156429685497
142.0 -0.00153412781114
143.0 -0.00150420849818
144.0 -0.00147458423469
145.0 -0.00144529467817
146.0 -0.00141637407693
147.0 -0.00138785165001
148.0 -0.00135975205228
149.0 -0.00133209587684
150.0 -0.00130490014918
151.0 -0.00127817877455
152.0 -0.00125194291054
153.0 -0.00122620124948
154.0 -0.00120096021122
155.0 -0.00117622406279
156.0 -0.00115199499598
157.0 -0.00112827320239
158.0 -0.00110505698488
159.0 -0.00108234293301
160.0 -0.00106012617035
161.0 -0.00103840065774
162.0 -0.0010171595169
163.0 -0.000996395327496
164.0 -0.000976100354309
165.0 -0.00095626667627
166.0 -0.000936886213878
167.0 -0.000917950677082
168.0 -0.000899451475508
169.0 -0.000881379641039
170.0 -0.000863725807055
171.0 -0.000846480271121
172.0 -0.000829633143396
173.0 -0.000813174558515
174.0 -0.000797094910423
175.0 -0.000781385062346
176.0 -0.000766036489108
177.0 -0.000751041324532
178.0 -0.000736392308193
179.0 -0.000722082647408
180.0 -0.00070810582667
181.0 -0.000694455404084
182.0 -0.000681124831993
183.0 -0.000668107328697
184.0 -0.000655395813793
185.0 -0.000642982905361
186.0 -0.000630860966437
187.0 -0.000619022182599
188.0 -0.000607458651975
189.0 -0.000596162472203
190.0 -0.000585125814004
191.0 -0.000574340976507
192.0 -0.000563800424354
193.0 -0.00055349681056
194.0 -0.000543422991862
195.0 -0.000533572044687
196.0 -0.000523937289436
197.0 -0.000514512328253
198.0 -0.000505291096817
199.0 -0.000496267924805
200.0 -0.000487437594004
201.0 -0.000478795379343
202.0 -0.000470337058066
203.0 -0.000462058876522
204.0 -0.000453957472006
205.0 -0.000446029757113
206.0 -0.000438272783365
207.0 -0.000430683607013
208.0 -0.000423259180786
209.0 -0.000415996290583
210.0 -0.000408891546451
211.0 -0.000401941425117
212.0 -0.000395142349629
213.0 -0.000388490783326
214.0 -0.000381983312327
215.0 -0.000375616693744
216.0 -0.00036938785513
217.0 -0.000363293842143
218.0 -0.000357331723568
219.0 -0.000351498472711
220.0 -0.000345790849879
221.0 -0.000340205310979
222.0 -0.000334737962366
223.0 -0.000329384573176
224.0 -0.000324140645441
225.0 -0.000319001531612
226.0 -0.000313962580757
227.0 -0.000309019290248
228.0 -0.000304167439853
229.0 -0.00029940318959
230.0 -0.000294723130343
231.0 -0.00029012428548
232.0 -0.000285604070517
233.0 -0.000281160224533
234.0 -0.00027679073033
235.0 -0.000272493739752
236.0 -0.000268267516641
237.0 -0.000264110403776
238.0 -0.000260020813389
239.0 -0.000255997235279
240.0 -0.000252038253256
241.0 -0.000248142560354
242.0 -0.000244308965672
243.0 -0.000240536389943
244.0 -0.000236823851563
245.0 -0.000233170448605
246.0 -0.000229575344112
247.0 -0.000226037761388
248.0 -0.000222556993279
249.0 -0.000219132425413
250.0 -0.000215763569177
251.0 -0.000212450096942
252.0 -0.000209191870611
253.0 -0.00020598895519
254.0 -0.000202841611705
255.0 -0.000199750267608
256.0 -0.000196715467084
257.0 -0.000193737807291
258.0 -0.000190817868957
259.0 -0.000187956150344
260.0 -0.000185153012466
261.0 -0.000182408640914
262.0 -0.000179723026275
263.0 -0.000177095961712
264.0 -0.000174527053432
265.0 -0.000172015738016
266.0 -0.000169561300225
267.0 -0.000167162885806
268.0 -0.00016481950581
269.0 -0.000162530031431
270.0 -0.000160293180941
271.0 -0.000158107502345
272.0 -0.000155971356575
273.0 -0.000153882906272
274.0 -0.00015184011444
275.0 -0.000149840755793
276.0 -0.000147882441738
277.0 -0.000145962658134
278.0 -0.000144078813413
279.0 -0.000142228293694
280.0 -0.000140408521124
281.0 -0.000138617011852
282.0 -0.00013685143058
283.0 -0.000135109639353
284.0 -0.000133389738953
285.0 -0.000131690101893
286.0 -0.000130009396397
287.0 -0.00012834660107
288.0 -0.000126701010145
289.0 -0.000125072229389
290.0 -0.000123460162984
291.0 -0.000121864991993
292.0 -0.000120287145326
293.0 -0.000118727264469
294.0 -0.000117186163426
295.0 -0.000115664785497
296.0 -0.000114164158487
297.0 -0.000112685349825
298.0 -0.000111229422874
299.0 -0.000109797395479
