10.0 -0.2693541810740109
11.0 -0.24164610250815935
12.0 -0.21743068635669208
13.0 -0.1960793673250025
14.0 -0.17711273091314794
15.0 -0.16015642047033607
16.0 -0.1449134957075083
17.0 -0.13114810377458214
18.0 -0.11867256499618424
19.0 -0.1073351976485399
20.0 -0.09701075231745517
21.0 -0.08759425419598157
22.0 -0.07899706705919916
23.0 -0.07114385167944294
24.0 -0.06396979881779216
25.0 -0.05741816444609806
26.0 -0.05143838901032656
27.0 -0.04598489371637593
28.0 -0.04101632579605659
29.0 -0.036494953554258434
30.0 -0.03238610647740118
31.0 -0.0286577199509092
32.0 -0.025280023433417936
33.0 -0.022225323697666496
34.0 -0.019467813271997658
35.0 -0.016983381478948994
36.0 -0.014749458331761365
37.0 -0.012744922630575969
38.0 -0.01095005521112452
39.0 -0.009346483423526775
40.0 -0.007917093209910962
41.0 -0.006645941008911901
42.0 -0.005518205351396328
43.0 -0.004520171244033404
44.0 -0.003639203794393435
45.0 -0.00286368601285148
46.0 -0.0021829402352634662
47.0 -0.0015871665177616433
48.0 -0.0010674044913102422
49.0 -0.0006154977666921941
50.0 -0.0002240440730554394
51.0 0.00011366280041275421
52.0 0.00040368331758805015
53.0 0.0006514705160990114
54.0 0.0008619064851690852
55.0 0.0010393470473078414
56.0 0.0011876737918825734
57.0 0.0013103455092429554
58.0 0.0014104439784900437
59.0 0.0014907155626334447
60.0 0.0015536118760243523
61.0 0.0016013291484429262
62.0 0.0016358422530274707
63.0 0.0016589301025060142
64.0 0.0016721934800510395
65.0 0.001677070202096561
66.0 0.0016748525818241294
67.0 0.001666708687174475
68.0 0.0016537047724358952
69.0 0.0016368244410178627
70.0 0.00161698131435332
71.0 0.001595024639084884
72.0 0.0015717391522436868
73.0 0.0015478407545013518
74.0 0.0015239689729254404
75.0 0.001500677170098888
76.0 0.0014784222950364068
77.0 0.001457556738982689
78.0 0.0014383245012197434
79.0 0.0014208623857236112
80.0 0.0014052053864558175
81.0 0.0013912948184512104
82.0 0.0013789882305480742
83.0 0.0013680709766783897
84.0 0.001358269789300892
85.0 0.0013492686303314039
86.0 0.001340726778309649
87.0 0.0013322987718891747
88.0 0.0013236553975251545
89.0 0.0013145042484209416
90.0 0.001304607637851414
91.0 0.0012937952701511342
92.0 0.001281969470234533
93.0 0.0012691019736401244
94.0 0.0012552228762709697
95.0 0.0012404037633267403
96.0 0.0012247378708718786
97.0 0.001208320282211449
98.0 0.0011912307659641545
99.0 0.0011735211475768317
100.0 0.0011552082688909974
101.0 0.0011362727743347313
102.0 0.0011166632640321615
103.0 0.0010963048296273945
104.0 0.0010751106557103933
105.0 0.0010529952200612853
106.0 0.0010298876416976767
107.0 0.001005743884274468
108.0 0.0009805567859702046
109.0 0.0009543631967318254
110.0 0.0009272477961498784
111.0 0.0008993434048027335
112.0 0.0008708278015539172
113.0 0.0008419172660606589
114.0 0.0008128573178898806
115.0 0.000783911410228442
116.0 0.0007553485904175562
117.0 0.0007274312716196386
118.0 0.000700404207510112
119.0 0.0006744855253281309
120.0 0.0006498603147401168
121.0 0.0006266768843933351
122.0 0.0006050454684733243
123.0 0.0005850389395119831
124.0 0.0005666949703590741
125.0 0.0005500190739483207
126.0 0.0005349880147424485
127.0 0.0005215532124391769
128.0 0.0005096439264304265
129.0 0.0004991701896899792
130.0 0.0004900256150282822
131.0 0.00048209028625175934
132.0 0.0004752339465031666
133.0 0.00046931960603054335
134.0 0.0004642075400195023
135.0 0.0004597594821571129
136.0 0.00045584269360937727
137.0 0.00045233353906096467
138.0 0.00044912024466600665
139.0 0.00044610463202945184
140.0 0.0004432027813838328
141.0 0.00044034473232297116
142.0 0.0004374734453699302
143.0 0.00043454330288315683
144.0 0.0004315184232783602
145.0 0.00042837101309247495
146.0 0.0004250799086381484
147.0 0.0004216293833382882
148.0 0.0004180082326049077
149.0 0.00041420910229271425
150.0 0.00041022800054539056
151.0 0.0004060639244389493
152.0 0.0004017185394071095
153.0 0.00039719586785641345
154.0 0.0003925019695909223
155.0 0.0003876446249231103
156.0 0.00038263305427387544
157.0 0.00037747771811527593
158.0 0.00037219023313474344
159.0 0.0003667834143076982
160.0 0.00036127141419523744
161.0 0.0003556698915328973
162.0 0.00034999611440424583
163.0 0.00034426889999752486
164.0 0.0003385083177175336
165.0 0.00033273513137287245
166.0 0.0003269700176159797
167.0 0.00032123265568295944
168.0 0.0003155408220344113
169.0 0.0003099096320291172
170.0 0.00030435104662634814
171.0 0.00029887371130165826
172.0 0.00029348312963818016
173.0 0.00028818211132044884
174.0 0.00028297138829636454
175.0 0.0002778502736130711
176.0 0.000272817247654544
177.0 0.00026787039149279946
178.0 0.00026300763620488174
179.0 0.00025822684690343916
180.0 0.00025352579839565904
181.0 0.00024890211752173535
182.0 0.00024435326310272146
183.0 0.00023987659190208817
184.0 0.00023546952624977916
185.0 0.0002311298056621855
186.0 0.0002268557792123971
187.0 0.00022264668250333554
188.0 0.0002185028438556915
189.0 0.0002144257764602213
190.0 0.0002104181326452662
191.0 0.00020648351860585694
192.0 0.0002026261890858861
193.0 0.0001988506587190874
194.0 0.00019516127798540356
195.0 0.00019156182565500406
196.0 0.00018805516549580867
197.0 0.00018464300324270438
198.0 0.00018132576208678192
199.0 0.00017810257446155482
200.0 0.0001749713689829029
201.0 0.00017192901844900589
202.0 0.00016897151106362227
203.0 0.00016609411345281923
204.0 0.00016329150871386504
205.0 0.00016055791128450364
206.0 0.0001578871771326302
207.0 0.00015527293723682678
208.0 0.00015270878110597142
209.0 0.00015018850477954712
210.0 0.00014770641725670648
211.0 0.0001452576760897663
212.0 0.00014283860351788517
213.0 0.00014044692490212021
214.0 0.0001380818749569813
215.0 0.00013574413467855195
216.0 0.00013343558984894776
217.0 0.00013115893477436328
218.0 0.0001289171754157186
219.0 0.00012671310759059751
220.0 0.00012454885364762203
221.0 0.00012242553305347024
222.0 0.00012034312007071994
223.0 0.00011830050941738314
224.0 0.00011629577468990466
225.0 0.00011432657122718939
226.0 0.00011239061108377015
227.0 0.00011048612706896809
228.0 0.00010861224697923818
229.0 0.00010676921695612384
230.0 0.00010495844060106283
231.0 0.00010318233262944808
232.0 0.00010144401641444236
233.0 9.974691831786173e-05
234.0 9.809432443749624e-05
235.0 9.648896585354065e-05
236.0 9.493268766918141e-05
237.0 9.342623828652172e-05
238.0 9.196919292125933e-05
239.0 9.056000405390096e-05
240.0 8.91961552226761e-05
241.0 8.78743855346743e-05
242.0 8.659095079366796e-05
243.0 8.53418917162918e-05
244.0 8.41232876678787e-05
245.0 8.293148272188557e-05
246.0 8.176327720070702e-05
247.0 8.061608091069618e-05
248.0 7.948802413095295e-05
249.0 7.837802032453841e-05
250.0 7.728577244328981e-05
251.0 7.621171451849348e-05
252.0 7.515688327153677e-05
253.0 7.412272101699807e-05
254.0 7.311082032291539e-05
255.0 7.212263099262082e-05
256.0 7.115915873423038e-05
257.0 7.02206902702157e-05
258.0 6.930658008624139e-05
259.0 6.841512894817209e-05
260.0 6.754357422731452e-05
261.0 6.66881984371708e-05
262.0 6.584454734395212e-05
263.0 6.500773496571972e-05
264.0 6.417280192303611e-05
265.0 6.333508756480297e-05
266.0 6.249057583534644e-05
267.0 6.163617980066431e-05
268.0 6.076993908080234e-05
269.0 5.9891116479228965e-05
270.0 5.900019289316043e-05
271.0 5.809877121816994e-05
272.0 5.718940888384546e-05
273.0 5.627540392572809e-05
274.0 5.5360560848660345e-05
275.0 5.444896034968833e-05
276.0 5.354475211569315e-05
277.0 5.265198353091862e-05
278.0 5.1774470388331445e-05
279.0 5.091570958800902e-05
280.0 5.007882900856863e-05
281.0 4.9266566585885324e-05
282.0 4.8481269139722226e-05
283.0 4.772490143802079e-05
284.0 4.699905704481937e-05
285.0 4.6304964304211794e-05
286.0 4.564348305581681e-05
287.0 4.50150901093519e-05
288.0 4.4419853936884294e-05
289.0 4.38574013094115e-05
290.0 4.3326880550583e-05
291.0 4.2826927538628246e-05
292.0 4.23556413949543e-05
293.0 4.1910576825255655e-05
294.0 4.1488759264753174e-05
295.0 4.108672735971472e-05
296.0 4.070060503677077e-05
297.0 4.032620270954028e-05
298.0 3.995914435316938e-05
299.0 3.959501456217154e-05
