10.0 -0.2780554700101757
11.0 -0.2517955752529256
12.0 -0.22902016642461206
13.0 -0.20911878546657148
14.0 -0.1916229792802029
15.0 -0.17616026957582784
16.0 -0.16242741614805364
17.0 -0.15017622563496869
18.0 -0.1392029943478476
19.0 -0.1293384028312497
20.0 -0.12043955344326064
21.0 -0.11238494365199637
22.0 -0.10507125721316159
23.0 -0.09841073444494092
24.0 -0.09232858481346039
25.0 -0.08676053773214898
26.0 -0.08165086573023268
27.0 -0.07695101209357072
28.0 -0.07261862421827008
29.0 -0.06861671537032998
30.0 -0.06491286593646664
31.0 -0.06147853424219546
32.0 -0.05828852201600574
33.0 -0.0553205493413888
34.0 -0.05255487077757648
35.0 -0.04997391086673843
36.0 -0.04756194983901591
37.0 -0.045304891191507345
38.0 -0.04319009208726191
39.0 -0.04120620220089805
40.0 -0.03934298651198833
41.0 -0.037591163146403726
42.0 -0.035942294936558795
43.0 -0.03438872666134871
44.0 -0.032923523343948095
45.0 -0.03154038345384092
46.0 -0.03023354529514798
47.0 -0.028997718710533936
48.0 -0.027828047379102997
49.0 -0.026720079679957688
50.0 -0.02566973031198579
51.0 -0.024673237861469455
52.0 -0.023727133458850726
53.0 -0.02282822401337939
54.0 -0.021973579145906016
55.0 -0.021160511083744678
56.0 -0.02038654775256481
57.0 -0.019649406503738705
58.0 -0.018946973124761363
59.0 -0.018277284368750278
60.0 -0.017638510466897028
61.0 -0.017028937716509717
62.0 -0.01644695485555352
63.0 -0.015891046162457834
64.0 -0.015359789846751183
65.0 -0.014851856476941087
66.0 -0.014366002143763103
67.0 -0.013901054558551422
68.0 -0.013455894440790067
69.0 -0.013029436448192565
70.0 -0.012620612833114369
71.0 -0.012228360593062388
72.0 -0.01185161133454117
73.0 -0.011489283256863799
74.0 -0.011140275685450127
75.0 -0.01080346703784012
76.0 -0.010477716596404946
77.0 -0.010161869844958734
78.0 -0.009854767386252353
79.0 -0.009555258545663432
80.0 -0.009262221622240299
81.0 -0.008974592362486168
82.0 -0.008691400570021662
83.0 -0.008411812670212094
84.0 -0.00813517641881319
85.0 -0.007861063104553359
86.0 -0.007589302405473921
87.0 -0.007320005386971577
88.0 -0.007053572075513285
89.0 -0.00679068169728653
90.0 -0.006532265784321668
91.0 -0.006279466326671474
92.0 -0.006033582408806772
93.0 -0.005796009123854994
94.0 -0.005568172277961886
95.0 -0.005351461943054772
96.0 -0.005147167626308876
97.0 -0.004956417761667869
98.0 -0.004780126252380843
99.0 -0.004618948716068697
100.0 -0.004473250778112192
101.0 -0.004343090183235409
102.0 -0.004228213677050777
103.0 -0.00412806863030319
104.0 -0.004041828356630558
105.0 -0.003968429137112137
106.0 -0.003906616217374933
107.0 -0.003854995554849613
108.0 -0.0038120879038000483
109.0 -0.0037763819508184297
110.0 -0.00374638364023827
111.0 -0.003720659493844918
112.0 -0.0036978725125892046
113.0 -0.003676810001670289
114.0 -0.0036564032618916897
115.0 -0.0036357394902153846
116.0 -0.0036140664642265747
117.0 -0.003590790730962156
118.0 -0.003565470156889988
119.0 -0.003537801852855966
120.0 -0.0035076066426933334
121.0 -0.0034748113464421813
122.0 -0.00343943015605879
123.0 -0.0034015462806978977
124.0 -0.0033612948479199802
125.0 -0.0033188477985224532
126.0 -0.0032744012358090504
127.0 -0.0032281654063184267
128.0 -0.0031803572164322397
129.0 -0.0031311949509656763
130.0 -0.0030808946859438675
131.0 -0.0030296678080971085
132.0 -0.002977719084590746
133.0 -0.0029252448601897276
134.0 -0.002872431160750648
135.0 -0.0028194516983761886
136.0 -0.002766465948811555
137.0 -0.0027136175643193467
138.0 -0.0026610333805907136
139.0 -0.0026088231886800327
140.0 -0.0025570803086431854
141.0 -0.0025058828644789186
142.0 -0.0024552955572735803
143.0 -0.0024053716855124137
144.0 -0.0023561551695073313
145.0 -0.0023076823870292556
146.0 -0.002259983698828432
147.0 -0.002213084616018528
148.0 -0.0021670066224477023
149.0 -0.002121767707537731
150.0 -0.0020773826876451674
151.0 -0.0020338633988146227
152.0 -0.001991218833861182
153.0 -0.0019494552753752132
154.0 -0.0019085764476690868
155.0 -0.0018685836806648282
156.0 -0.0018294760545683449
157.0 -0.0017912504832908662
158.0 -0.0017539017019258698
159.0 -0.0017174221491953372
160.0 -0.0016818017734920834
161.0 -0.0016470278296386953
162.0 -0.0016130847594557562
163.0 -0.0015799542517898556
164.0 -0.001547615552333799
165.0 -0.001516046044378062
166.0 -0.001485222060285231
167.0 -0.0014551198260651526
168.0 -0.0014257164035990485
169.0 -0.0013969904874097043
170.0 -0.0013689229379062107
171.0 -0.0013414969846310795
172.0 -0.0013146980983513611
173.0 -0.0012885135939155212
174.0 -0.0012629320718478094
175.0 -0.001237942825760737
176.0 -0.001213535332076084
177.0 -0.0011896989030001895
178.0 -0.0011664225338213713
179.0 -0.0011436949248173995
180.0 -0.0011215046189045187
181.0 -0.0010998401770084356
182.0 -0.0010786903163305438
183.0 -0.001058043958497495
184.0 -0.001037890166974612
185.0 -0.001018217986517612
186.0 -0.0009990162235761822
187.0 -0.000980273220472004
188.0 -0.000961976676774546
189.0 -0.0009441135607261023
190.0 -0.0009266701357795152
191.0 -0.0009096321066199123
192.0 -0.0008929848691619799
193.0 -0.0008767138327381317
194.0 -0.000860804771994668
195.0 -0.0008452441622433879
196.0 -0.0008300194558526072
197.0 -0.0008151192684039276
198.0 -0.0008005334601194415
199.0 -0.0007862531173395271
200.0 -0.0007722704564017037
201.0 -0.0007585786838502293
202.0 -0.0007451718493807026
203.0 -0.0007320447204651137
204.0 -0.0007191926921828233
205.0 -0.0007066117268269735
206.0 -0.0006942983010785942
207.0 -0.0006822493293037895
208.0 -0.0006704620332069547
209.0 -0.0006589337409700869
210.0 -0.0006476616201362655
211.0 -0.0006366423723149646
212.0 -0.000625871937672051
213.0 -0.0006153452672007987
214.0 -0.0006050562173423843
215.0 -0.0005949976043276757
216.0 -0.000585161427768023
217.0 -0.0005755392403416527
218.0 -0.0005661226100124985
219.0 -0.0005569035998177944
220.0 -0.0005478751827127622
221.0 -0.0005390315171628854
222.0 -0.0005303680317488386
223.0 -0.0005218812997010675
224.0 -0.0005135687207737309
225.0 -0.0005054280613265965
226.0 -0.0004974569277606136
227.0 -0.000489652259286298
228.0 -0.00048200992175920785
229.0 -0.00047452446620755497
230.0 -0.00046718908743102327
231.0 -0.00045999578512772064
232.0 -0.0004529356984830235
233.0 -0.00044599956053620755
234.0 -0.00043917820480469813
235.0 -0.0004324630551488732
236.0 -0.0004258465397572129
237.0 -0.00041932238833056006
238.0 -0.0004128857936288626
239.0 -0.00040653343983615984
240.0 -0.00040026341683010276
241.0 -0.0003940750491365941
242.0 -0.00038796867076978643
243.0 -0.00038194537372403194
244.0 -0.0003760067511650611
245.0 -0.00037015464923464644
246.0 -0.0003643909361636823
247.0 -0.00035871729527709194
248.0 -0.0003531350493106234
249.0 -0.0003476450259349246
250.0 -0.00034224747655465533
251.0 -0.00033694206041271196
252.0 -0.0003317279025238691
253.0 -0.00032660372677404634
254.0 -0.00032156805556746756
255.0 -0.00031661945650737213
256.0 -0.0003117568070344224
257.0 -0.0003069795419000636
258.0 -0.00030228784739037
259.0 -0.0002976827709449574
260.0 -0.000293166224745395
261.0 -0.00028874087549680044
262.0 -0.00028440992782567356
263.0 -0.00028017682302979946
264.0 -0.0002760448860942167
265.0 -0.00027201696026728076
266.0 -0.00026809506925838005
267.0 -0.00026428014241003573
268.0 -0.0002605718290190869
269.0 -0.000256968415982542
270.0 -0.00025346685009113376
271.0 -0.00025006285451069837
272.0 -0.00024675111984370725
273.0 -0.00024352554462678852
274.0 -0.00024037949849021564
275.0 -0.00023730608313207906
276.0 -0.00023429837089915427
277.0 -0.0002313496070014877
278.0 -0.00022845336806693749
279.0 -0.00022560367587858593
280.0 -0.00022279507004595848
281.0 -0.00022002264669800556
282.0 -0.00021728207202231946
283.0 -0.0002145695798054103
284.0 -0.00021188196136702033
285.0 -0.00020921655476187272
286.0 -0.00020657123813983694
287.0 -0.0002039444299420911
288.0 -0.00020133509634545486
289.0 -0.0001987427642060431
290.0 -0.00019616753585396983
291.0 -0.00019361010062124716
292.0 -0.0001910717371150919
293.0 -0.0001885543001150024
294.0 -0.00018606018664678244
295.0 -0.00018359227724368407
296.0 -0.0001811538505125119
297.0 -0.00017874847164991439
298.0 -0.00017637985820824557
299.0 -0.00017405172887748828
