10.0 -0.277398259099701
11.0 -0.2511248034547092
12.0 -0.2283914536364461
13.0 -0.20855093746456727
14.0 -0.1911054266314738
15.0 -0.17566273095969206
16.0 -0.16190891825805517
17.0 -0.14959221638725909
18.0 -0.13851029619953145
19.0 -0.1284982574060903
20.0 -0.11941918667768302
21.0 -0.11115808615465272
22.0 -0.10361798690080695
23.0 -0.09671692174016097
24.0 -0.09038514004634697
25.0 -0.08456259519599361
26.0 -0.07919699003356667
27.0 -0.07424247719956661
28.0 -0.06965879034207245
29.0 -0.06541051113208063
30.0 -0.061466371416816504
31.0 -0.057798653940106456
32.0 -0.05438273409595991
33.0 -0.05119671760914184
34.0 -0.048221107172968486
35.0 -0.0454384779151415
36.0 -0.042833193987671145
37.0 -0.040391199217418176
38.0 -0.03809986393674482
39.0 -0.03594783483441213
40.0 -0.03392486458683595
41.0 -0.03202165355780322
42.0 -0.030229743203897187
43.0 -0.02854145381450287
44.0 -0.026949822378578445
45.0 -0.025448514703876064
46.0 -0.024031730317984622
47.0 -0.02269413252243844
48.0 -0.021430809077097192
49.0 -0.02023724159509342
50.0 -0.019109265846574873
51.0 -0.01804302810182185
52.0 -0.017034952578411505
53.0 -0.016081723434949378
54.0 -0.015180270437045881
55.0 -0.014327747607605652
56.0 -0.01352150515628424
57.0 -0.012759062164564159
58.0 -0.01203808467688818
59.0 -0.011356367420736957
60.0 -0.010711815634182414
61.0 -0.010102427179811574
62.0 -0.009526278833749142
63.0 -0.008981519946671858
64.0 -0.00846637235031185
65.0 -0.007979131583826356
66.0 -0.0075181644689038905
67.0 -0.007081901557766232
68.0 -0.006668827108699842
69.0 -0.006277471076767219
70.0 -0.0059064063981461535
71.0 -0.005554252194652014
72.0 -0.005219681640527762
73.0 -0.004901433004585767
74.0 -0.004598322949550851
75.0 -0.004309261194279673
76.0 -0.004033264804678488
77.0 -0.0037694696099360644
78.0 -0.0035171365970192423
79.0 -0.0032756526191094464
80.0 -0.0030445263153196125
81.0 -0.002823380738473888
82.0 -0.002611943708086943
83.0 -0.002410036063848584
84.0 -0.002217557527648742
85.0 -0.002034469949891346
86.0 -0.0018607780319611392
87.0 -0.001696507954792128
88.0 -0.001541684774981784
89.0 -0.0013963101097624602
90.0 -0.0012603423748387054
91.0 -0.001133682217324613
92.0 -0.001016165386425863
93.0 -0.0009075640809441493
94.0 -0.000807596212610894
95.0 -0.0007159406006060705
96.0 -0.000632255274921586
97.0 -0.0005561959133799618
98.0 -0.0004874318279565368
99.0 -0.00042565762650292763
100.0 -0.0003705995082336396
101.0 -0.00032201596242089345
102.0 -0.0002796933330777527
103.0 -0.00024343723206140798
104.0 -0.00021306111129236436
105.0 -0.00018837345009736997
106.0 -0.00016916499392849728
107.0 -0.00015519731860314738
108.0 -0.00014619372759055126
109.0 -0.00014183317765536482
110.0 -0.0001417476338843101
111.0 -0.00014552301428449475
112.0 -0.00015270368384262385
113.0 -0.00016280025111623688
114.0 -0.00017530016882666405
115.0 -0.00018968035441806145
116.0 -0.0002054207938825291
117.0 -0.0002220179620913112
118.0 -0.0002389969476732099
119.0 -0.00025592140972483424
120.0 -0.0002724008544206201
121.0 -0.00028809510821436
122.0 -0.00030271619700171347
123.0 -0.0003160280697845474
124.0 -0.00032784472174289363
125.0 -0.00033802728879148283
126.0 -0.00034648062314040844
127.0 -0.00035314973513761764
128.0 -0.00035801632093552507
129.0 -0.00036109541721189543
130.0 -0.0003624320714552046
131.0 -0.0003620978279357428
132.0 -0.00036018683062014604
133.0 -0.0003568114348618141
134.0 -0.0003520973715485243
135.0 -0.000346178672296808
136.0 -0.0003391926899462624
137.0 -0.00033127559608229725
138.0 -0.0003225586933529747
139.0 -0.0003131657601456378
140.0 -0.0003032114850804422
141.0 -0.0002928008924177848
142.0 -0.0002820295433350571
143.0 -0.0002709842415392884
144.0 -0.0002597439749437643
145.0 -0.00024838087334378263
146.0 -0.00023696103360441604
147.0 -0.00022554513839577895
148.0 -0.00021418885767942428
149.0 -0.00020294306701621983
150.0 -0.0001918539421123266
151.0 -0.00018096299667210233
152.0 -0.00017030712339199003
153.0 -0.00015991867896064755
154.0 -0.00014982562727767663
155.0 -0.00014005172650624194
156.0 -0.00013061672240345667
157.0 -0.00012153650016551179
158.0 -0.00011282315492173752
159.0 -0.00010448496719909912
160.0 -9.652630810674142e-05
161.0 -8.894753835209309e-05
162.0 -8.17449921300997e-05
163.0 -7.491114041628837e-05
164.0 -6.843500364356623e-05
165.0 -6.2302835038932e-05
166.0 -5.649903469796842e-05
167.0 -5.100719687322033e-05
168.0 -4.5811154667400224e-05
169.0 -4.0895878060617244e-05
170.0 -3.6248105598074646e-05
171.0 -3.1856641127050464e-05
172.0 -2.7712311933535312e-05
173.0 -2.3807647587243217e-05
174.0 -2.013638497098262e-05
175.0 -1.6692924417904843e-05
176.0 -1.3471851826301424e-05
177.0 -1.0467606786690904e-05
178.0 -7.67432774373817e-06
179.0 -5.085855430660425e-06
180.0 -2.6958377379547197e-06
181.0 -4.978611157623924e-07
182.0 1.5144622113634433e-06
183.0 3.34749936978598e-06
184.0 5.00770966876647e-06
185.0 6.5018471715909845e-06
186.0 7.837209449635773e-06
187.0 9.021876060097069e-06
188.0 1.0064881051304759e-05
189.0 1.0976275946944046e-05
190.0 1.1767059073025293e-05
191.0 1.244896930036306e-05
192.0 1.3034163434725452e-05
193.0 1.3534813713866632e-05
194.0 1.3962673133687668e-05
195.0 1.4328660251188162e-05
196.0 1.4642511023758149e-05
197.0 1.491253347159374e-05
198.0 1.5145483213799755e-05
199.0 1.5346557448040194e-05
200.0 1.551948602299915e-05
201.0 1.566668530032896e-05
202.0 1.57894367569863e-05
203.0 1.5888058682764612e-05
204.0 1.5962053993905047e-05
205.0 1.601023573123499e-05
206.0 1.6030848523233648e-05
207.0 1.6021713766083786e-05
208.0 1.5980425054979423e-05
209.0 1.59046081003669e-05
210.0 1.5792238878793015e-05
211.0 1.564199056722701e-05
212.0 1.5453560464814237e-05
213.0 1.522791850840982e-05
214.0 1.4967422741834852e-05
215.0 1.4675764525202477e-05
216.0 1.435773427357923e-05
217.0 1.4018831316100594e-05
218.0 1.3664771993228333e-05
219.0 1.3300971655164754e-05
220.0 1.2932083971160555e-05
221.0 1.2561673023438921e-05
222.0 1.2192071419866214e-05
223.0 1.1824445393416693e-05
224.0 1.14590517668782e-05
225.0 1.1095638573648356e-05
226.0 1.0733917130367951e-05
227.0 1.0374022657105995e-05
228.0 1.0016884719918007e-05
229.0 9.664446580712947e-06
230.0 9.319700241279639e-06
231.0 8.986536118424704e-06
232.0 8.669436852034811e-06
233.0 8.373068288755058e-06
234.0 8.101833407359833e-06
235.0 7.859455394543417e-06
236.0 7.648645279354498e-06
237.0 7.470890666392071e-06
238.0 7.326379654011006e-06
239.0 7.214052701377195e-06
240.0 7.131758897599045e-06
241.0 7.076484039112052e-06
242.0 7.044616424698254e-06
243.0 7.032220831573425e-06
244.0 7.035299077282106e-06
245.0 7.050023925852172e-06
246.0 7.0729394329190786e-06
247.0 7.101123862136264e-06
248.0 7.132311135747018e-06
249.0 7.164964676044406e-06
250.0 7.198295382955934e-06
251.0 7.2322153016753295e-06
252.0 7.267221565286754e-06
253.0 7.304211726820338e-06
254.0 7.344240780645699e-06
255.0 7.388240268324773e-06
256.0 7.436728663730527e-06
257.0 7.489547619494769e-06
258.0 7.545659107225116e-06
259.0 7.603033420423592e-06
260.0 7.658647929968422e-06
261.0 7.708602858294748e-06
262.0 7.748345313463507e-06
263.0 7.772978795828824e-06
264.0 7.777624560110733e-06
265.0 7.757795200579789e-06
266.0 7.709740395865022e-06
267.0 7.630729729924526e-06
268.0 7.5192468635979834e-06
269.0 7.3750814049312244e-06
270.0 7.199317648651779e-06
271.0 6.994231013207872e-06
272.0 6.763111953853225e-06
273.0 6.510042423318579e-06
274.0 6.239651323020141e-06
275.0 5.956873218413282e-06
276.0 5.6667297528195025e-06
277.0 5.374146822953188e-06
278.0 5.083813841974515e-06
279.0 4.800085303741333e-06
280.0 4.526920058084017e-06
281.0 4.26785054318743e-06
282.0 4.025972710355609e-06
283.0 3.8039473038891524e-06
284.0 3.6040041889627835e-06
285.0 3.4279431973013232e-06
286.0 3.2771271710229316e-06
287.0 3.1524652826048403e-06
288.0 3.0543871042927292e-06
289.0 2.9828101324505016e-06
290.0 2.9371053831841318e-06
291.0 2.9160671004565393e-06
292.0 2.9178933940538955e-06
293.0 2.940184624558567e-06
294.0 2.979965514401053e-06
295.0 3.0337353258282305e-06
296.0 3.0975481517552233e-06
297.0 3.167122655349127e-06
298.0 3.237977772282243e-06
299.0 3.305588277285677e-06
