10.0 -0.164280991901
11.0 -0.150152341747
12.0 -0.137844024081
13.0 -0.127032836665
14.0 -0.117468451903
15.0 -0.108952380818
16.0 -0.101324856298
17.0 -0.0944572064533
18.0 -0.0882457064299
19.0 -0.082605597092
20.0 -0.0774663284098
21.0 -0.0727685019254
22.0 -0.0684619181672
23.0 -0.0645040432303
24.0 -0.0608585777416
25.0 -0.0574941546851
26.0 -0.0543833260155
27.0 -0.0515018945067
28.0 -0.0488284738703
29.0 -0.046344120739
30.0 -0.0440319846611
31.0 -0.0418770093158
32.0 -0.0398657072299
33.0 -0.0379859838595
34.0 -0.0362269753356
35.0 -0.034578889259
36.0 -0.0330328658872
37.0 -0.0315808772263
38.0 -0.030215654383
39.0 -0.0289306149021
40.0 -0.0277197779466
41.0 -0.0265776847566
42.0 -0.0254993455988
43.0 -0.0244802093072
44.0 -0.0235161319651
45.0 -0.0226033311467
46.0 -0.0217383358107
47.0 -0.0209179492462
48.0 -0.020139228082
49.0 -0.0193994657433
50.0 -0.0186961709227
51.0 -0.0180270438312
52.0 -0.0173899582661
53.0 -0.0167829513335
54.0 -0.0162042150362
55.0 -0.015652084049
56.0 -0.015125019863
57.0 -0.0146215953131
58.0 -0.0141404819905
59.0 -0.0136804396109
60.0 -0.0132403054622
61.0 -0.0128189840151
62.0 -0.0124154387344
63.0 -0.0120286877215
64.0 -0.0116578024736
65.0 -0.0113019069982
66.0 -0.0109601745021
67.0 -0.0106318207832
68.0 -0.0103160957047
69.0 -0.0100122751652
70.0 -0.00971965538039
71.0 -0.00943754993048
72.0 -0.00916528909245
73.0 -0.00890222093401
74.0 -0.0086477140363
75.0 -0.00840116180086
76.0 -0.00816198789964
77.0 -0.0079296520272
78.0 -0.00770365526021
79.0 -0.00748354500447
80.0 -0.00726892014758
81.0 -0.00705943708493
82.0 -0.00685481670719
83.0 -0.00665485164796
84.0 -0.0064594125323
85.0 -0.00626845177568
86.0 -0.00608200355341
87.0 -0.00590017880598
88.0 -0.00572315461793
89.0 -0.00555115807071
90.0 -0.00538444560762
91.0 -0.00522327976627
92.0 -0.00506790553683
93.0 -0.00491852850305
94.0 -0.00477529646374
95.0 -0.00463828566696
96.0 -0.00450749230332
97.0 -0.00438282954588
98.0 -0.00426413014099
99.0 -0.00415115427862
100.0 -0.00404360216854
101.0 -0.00394113043058
102.0 -0.00384337110597
103.0 -0.00374995186034
104.0 -0.00366051582129
105.0 -0.00357473950793
106.0 -0.00349234747309
107.0 -0.00341312257394
108.0 -0.00333691118086
109.0 -0.00326362309303
110.0 -0.00319322641486
111.0 -0.00312573811034
112.0 -0.00306121133135
113.0 -0.00299972084539
114.0 -0.00294134792998
115.0 -0.00288616596217
116.0 -0.00283422766638
117.0 -0.00278555467131
118.0 -0.00274012973799
119.0 -0.00269789179609
120.0 -0.00265873376535
121.0 -0.00262250302519
122.0 -0.00258900430342
123.0 -0.00255800467347
124.0 -0.0025292402785
125.0 -0.00250242434538
126.0 -0.00247725601506
127.0 -0.00245342949707
128.0 -0.00243064305266
129.0 -0.00240860732556
130.0 -0.00238705258077
131.0 -0.00236573448865
132.0 -0.00234443821063
133.0 -0.0023229806963
134.0 -0.00230121127012
135.0 -0.00227901074169
136.0 -0.00225628938711
137.0 -0.00223298420052
138.0 -0.00220905580008
139.0 -0.00218448530272
140.0 -0.00215927137954
141.0 -0.0021334275976
142.0 -0.00210698006527
143.0 -0.00207996534182
144.0 -0.00205242854865
145.0 -0.00202442162355
146.0 -0.00199600167866
147.0 -0.00196722944712
148.0 -0.00193816782484
149.0 -0.00190888052806
150.0 -0.00187943089333
151.0 -0.00184988084516
152.0 -0.00182029004903
153.0 -0.00179071525429
154.0 -0.00176120981618
155.0 -0.00173182337024
156.0 -0.00170260162041
157.0 -0.00167358619795
158.0 -0.0016448145544
159.0 -0.00161631986788
160.0 -0.00158813096526
161.0 -0.00156027228554
162.0 -0.00153276392624
163.0 -0.00150562181689
164.0 -0.00147885805127
165.0 -0.00145248138315
166.0 -0.00142649785734
167.0 -0.00140091151635
168.0 -0.0013757251028
169.0 -0.00135094067375
170.0 -0.00132656005826
171.0 -0.00130258511833
172.0 -0.00127901781093
173.0 -0.00125586008456
174.0 -0.00123311366996
175.0 -0.00121077983617
176.0 -0.00118885917767
177.0 -0.0011673514787
178.0 -0.00114625567401
179.0 -0.00112556989672
180.0 -0.00110529158272
181.0 -0.0010854175905
182.0 -0.00106594429703
183.0 -0.0010468676428
184.0 -0.00102818311664
185.0 -0.00100988568978
186.0 -0.000991969722415
187.0 -0.0009744288734
188.0 -0.00095725604337
189.0 -0.000940443374811
190.0 -0.000923982321982
191.0 -0.000907863791297
192.0 -0.000892078341121
193.0 -0.0008766164205
194.0 -0.000861468620322
195.0 -0.000846625908484
196.0 -0.000832079823234
197.0 -0.000817822605727
198.0 -0.000803847262914
199.0 -0.000790147563465
200.0 -0.000776717979924
201.0 -0.000763553597409
202.0 -0.000750650011037
203.0 -0.000738003230392
204.0 -0.000725609600897
205.0 -0.000713465741339
206.0 -0.00070156848724
207.0 -0.000689914824316
208.0 -0.000678501796813
209.0 -0.000667326382266
210.0 -0.000656385335597
211.0 -0.00064567501832
212.0 -0.000635191239389
213.0 -0.000624929139509
214.0 -0.000614883148597
215.0 -0.00060504703636
216.0 -0.000595414060322
217.0 -0.00058597719741
218.0 -0.000576729428281
219.0 -0.000567664031738
220.0 -0.000558774842468
221.0 -0.000550056430089
222.0 -0.000541504170154
223.0 -0.000533114196138
224.0 -0.000524883241762
225.0 -0.000516808401734
226.0 -0.000508886852423
227.0 -0.000501115579935
228.0 -0.000493491160604
229.0 -0.000486009628698
230.0 -0.000478666450382
231.0 -0.000471456604683
232.0 -0.000464374754807
233.0 -0.000457415479713
234.0 -0.000450573528548
235.0 -0.000443844060126
236.0 -0.000437222835664
237.0 -0.000430706343516
238.0 -0.000424291847357
239.0 -0.000417977361293
240.0 -0.000411761564753
241.0 -0.000405643675266
242.0 -0.000399623298317
243.0 -0.000393700271127
244.0 -0.000387874512923
245.0 -0.000382145889687
246.0 -0.000376514097885
247.0 -0.000370978569888
248.0 -0.000365538403817
249.0 -0.000360192321548
250.0 -0.000354938659597
251.0 -0.000349775397519
252.0 -0.000344700226576
253.0 -0.000339710657631
254.0 -0.000334804161989
255.0 -0.000329978333215
256.0 -0.000325231053079
257.0 -0.000320560641825
258.0 -0.00031596597285
259.0 -0.00031144653489
260.0 -0.000307002430608
261.0 -0.000302634308284
262.0 -0.0002983432319
263.0 -0.000294130502807
264.0 -0.000289997452352
265.0 -0.000285945228144
266.0 -0.00028197459686
267.0 -0.000278085783563
268.0 -0.000274278362136
269.0 -0.000270551204492
270.0 -0.00026690248891
271.0 -0.000263329761132
272.0 -0.000259830036775
273.0 -0.000256399930556
274.0 -0.000253035797064
275.0 -0.000249733869054
276.0 -0.000246490382024
277.0 -0.000243301677528
278.0 -0.000240164281564
279.0 -0.00023707495796
280.0 -0.000234030739453
281.0 -0.000231028941085
282.0 -0.000228067161393
283.0 -0.000225143276985
284.0 -0.000222255435462
285.0 -0.00021940205063
286.0 -0.000216581802619
287.0 -0.000213793644057
288.0 -0.000211036812066
289.0 -0.00020831084442
290.0 -0.000205615597148
291.0 -0.000202951259917
292.0 -0.00020031836518
293.0 -0.000197717786989
294.0 -0.000195150725958
295.0 -0.000192618677799
296.0 -0.000190123384256
297.0 -0.000187666766845
298.0 -0.000185250845508
299.0 -0.000182877645816
