10.0 -0.164258121001
11.0 -0.150077324383
12.0 -0.137714741245
13.0 -0.126851161632
14.0 -0.117239600725
15.0 -0.108684018925
16.0 -0.101026128184
17.0 -0.0941378211964
18.0 -0.0879151674212
19.0 -0.0822726207194
20.0 -0.0771384604073
21.0 -0.0724519146789
22.0 -0.0681613574782
23.0 -0.064222887145
24.0 -0.0605989705783
25.0 -0.057257183887
26.0 -0.0541692158793
27.0 -0.0513101977084
28.0 -0.0486582480864
29.0 -0.0461940830367
30.0 -0.0439006405055
31.0 -0.0417627560249
32.0 -0.0397669136395
33.0 -0.0379010490355
34.0 -0.0361543696083
35.0 -0.0345171808679
36.0 -0.0329807362841
37.0 -0.0315371277248
38.0 -0.0301792064452
39.0 -0.0289005059703
40.0 -0.0276951543713
41.0 -0.0265577930472
42.0 -0.0254835229299
43.0 -0.0244678739483
44.0 -0.023506774076
45.0 -0.0225965041909
46.0 -0.0217336487039
47.0 -0.0209150592638
48.0 -0.020137834503
49.0 -0.0193993041889
50.0 -0.0186970083526
51.0 -0.0180286741649
52.0 -0.0173921986041
53.0 -0.0167856387509
54.0 -0.0162072039176
55.0 -0.0156552439277
56.0 -0.0151282337272
57.0 -0.0146247583508
58.0 -0.014143500763
59.0 -0.0136832316672
60.0 -0.0132427994322
61.0 -0.0128211202413
62.0 -0.0124171705126
63.0 -0.0120299832225
64.0 -0.0116586474047
65.0 -0.0113023080374
66.0 -0.0109601635
67.0 -0.0106314596768
68.0 -0.0103154820254
69.0 -0.0100115479417
70.0 -0.00971900114482
71.0 -0.00943720842294
72.0 -0.00916555813551
73.0 -0.00890345981919
74.0 -0.0086503446445
75.0 -0.00840566658613
76.0 -0.00816890382234
77.0 -0.00793955955471
78.0 -0.00771716168158
79.0 -0.00750126154982
80.0 -0.00729143277124
81.0 -0.007087271261
82.0 -0.00688839717769
83.0 -0.00669445872135
84.0 -0.00650513719977
85.0 -0.00632015252675
86.0 -0.00613926825343
87.0 -0.00596229526687
88.0 -0.00578909348025
89.0 -0.00561957126745
90.0 -0.00545368297646
91.0 -0.00529142533258
92.0 -0.00513283365973
93.0 -0.0049779785581
94.0 -0.00482696315705
95.0 -0.00467992058737
96.0 -0.00453701107537
97.0 -0.00439841808912
98.0 -0.00426434317933
99.0 -0.00413499943979
100.0 -0.00401060377573
101.0 -0.00389136836277
102.0 -0.00377749178455
103.0 -0.00366915035729
104.0 -0.00356649010289
105.0 -0.00346961974649
106.0 -0.00337860500851
107.0 -0.00329346435205
108.0 -0.00321416624437
109.0 -0.00314062791547
110.0 -0.0030727155613
111.0 -0.00301024594451
112.0 -0.00295298936464
113.0 -0.0029006739635
114.0 -0.00285299127002
115.0 -0.00280960277333
116.0 -0.00277014718234
117.0 -0.00273424793672
118.0 -0.00270152052031
119.0 -0.00267157920099
120.0 -0.00264404295548
121.0 -0.00261854048929
122.0 -0.00259471439108
123.0 -0.00257222454458
124.0 -0.00255075095717
125.0 -0.00252999615859
126.0 -0.00250968728774
127.0 -0.00248957792647
128.0 -0.00246944966682
129.0 -0.00244911332566
130.0 -0.00242840966594
131.0 -0.0024072094667
132.0 -0.00238541281457
133.0 -0.00236294756768
134.0 -0.00233976704965
135.0 -0.00231584714096
136.0 -0.00229118301662
137.0 -0.00226578581324
138.0 -0.00223967948599
139.0 -0.00221289804836
140.0 -0.00218548329359
141.0 -0.00215748300301
142.0 -0.00212894957321
143.0 -0.00209993895319
144.0 -0.0020705097753
145.0 -0.00204072258149
146.0 -0.00201063907878
147.0 -0.00198032139263
148.0 -0.00194983131686
149.0 -0.00191922957957
150.0 -0.00188857515545
151.0 -0.00185792465656
152.0 -0.00182733182796
153.0 -0.00179684716282
154.0 -0.00176651763566
155.0 -0.00173638653694
156.0 -0.00170649337871
157.0 -0.00167687383654
158.0 -0.00164755969756
159.0 -0.00161857880007
160.0 -0.00158995497198
161.0 -0.00156170799784
162.0 -0.00153385365957
163.0 -0.00150640389811
164.0 -0.0014793671297
165.0 -0.00145274872371
166.0 -0.00142655161498
167.0 -0.00140077699231
168.0 -0.00137542498351
169.0 -0.00135049525411
170.0 -0.00132598745068
171.0 -0.00130190144926
172.0 -0.00127823740625
173.0 -0.00125499564499
174.0 -0.00123217643754
175.0 -0.00120977975231
176.0 -0.00118780503308
177.0 -0.0011662510553
178.0 -0.00114511587838
179.0 -0.0011243968846
180.0 -0.00110409087365
181.0 -0.00108419417154
182.0 -0.00106470271444
183.0 -0.00104561208037
184.0 -0.00102691745976
185.0 -0.00100861357439
186.0 -0.00099069456859
187.0 -0.000973153903854
188.0 -0.000955984287877
189.0 -0.000939177662341
190.0 -0.000922725263091
191.0 -0.000906617753969
192.0 -0.000890845423804
193.0 -0.000875398426353
194.0 -0.000860267036699
195.0 -0.000845441895416
196.0 -0.000830914214055
197.0 -0.000816675922118
198.0 -0.000802719745559
199.0 -0.00078903921821
200.0 -0.000775628638062
201.0 -0.000762482987398
202.0 -0.000749597837858
203.0 -0.000736969257864
204.0 -0.000724593731717
205.0 -0.000712468089452
206.0 -0.000700589437381
207.0 -0.000688955074235
208.0 -0.000677562378688
209.0 -0.000666408661128
210.0 -0.000655490984086
211.0 -0.000644805968651
212.0 -0.000634349614945
213.0 -0.000624117169796
214.0 -0.000614103072402
215.0 -0.000604300998627
216.0 -0.000594704008606
217.0 -0.000585304783631
218.0 -0.000576095921032
219.0 -0.000567070243559
220.0 -0.000558221075443
221.0 -0.000549542441913
222.0 -0.000541029161577
223.0 -0.000532676819491
224.0 -0.000524481629267
225.0 -0.000516440211434
226.0 -0.000508549328994
227.0 -0.000500805627298
228.0 -0.000493205423131
229.0 -0.000485744577866
230.0 -0.000478418473973
231.0 -0.000471222095893
232.0 -0.00046415019898
233.0 -0.000457197536742
234.0 -0.000450359109243
235.0 -0.000443630395103
236.0 -0.000437007535437
237.0 -0.00043048744862
238.0 -0.000424067867377
239.0 -0.000417747301771
240.0 -0.000411524941056
241.0 -0.000405400512632
242.0 -0.00039937411757
243.0 -0.00039344605983
244.0 -0.000387616682194
245.0 -0.000381886217375
246.0 -0.000376254659364
247.0 -0.000370721658317
248.0 -0.000365286442297
249.0 -0.00035994777011
250.0 -0.000354703920407
251.0 -0.000349552721936
252.0 -0.000344491627824
253.0 -0.000339517832723
254.0 -0.000334628426233
255.0 -0.000329820570102
256.0 -0.000325091681645
257.0 -0.000320439602729
258.0 -0.000315862733477
259.0 -0.000311360112814
260.0 -0.000306931433848
261.0 -0.000302576989968
262.0 -0.000298297556291
263.0 -0.000294094219231
264.0 -0.000289968173322
265.0 -0.000285920508018
266.0 -0.000281952007598
267.0 -0.000278062984584
268.0 -0.000274253161864
269.0 -0.000270521611848
270.0 -0.000266866753711
271.0 -0.000263286403079
272.0 -0.000259777863324
273.0 -0.000256338044514
274.0 -0.000252963595154
275.0 -0.000249651032954
276.0 -0.000246396863501
277.0 -0.00024319767929
278.0 -0.000240050235313
279.0 -0.000236951500912
280.0 -0.000233898690352
281.0 -0.000230889276393
282.0 -0.000227920992094
283.0 -0.000224991826142
284.0 -0.000222100016485
285.0 -0.000219244046045
286.0 -0.000216422643061
287.0 -0.000213634787221
288.0 -0.000210879721394
289.0 -0.000208156967441
290.0 -0.000205466343514
291.0 -0.000202807979377
292.0 -0.00020018232587
293.0 -0.000197590154583
294.0 -0.000195032544302
295.0 -0.000192510851725
296.0 -0.000190026665243
297.0 -0.000187581742142
298.0 -0.000185177931197
299.0 -0.000182817084151
