10.0 -0.164151957991
11.0 -0.149910941617
12.0 -0.137486817013
13.0 -0.126564191872
14.0 -0.116899249267
15.0 -0.108298272563
16.0 -0.100604404826
17.0 -0.0936901427323
18.0 -0.0874514668781
19.0 -0.0818022150884
20.0 -0.076669691237
21.0 -0.0719919394419
22.0 -0.0677160647915
23.0 -0.0637969059334
24.0 -0.0601957448039
25.0 -0.0568790884474
26.0 -0.0538176942053
27.0 -0.0509859065014
28.0 -0.048361199019
29.0 -0.0459237748577
30.0 -0.0436561778041
31.0 -0.0415429529711
32.0 -0.039570382428
33.0 -0.0377262736495
34.0 -0.0359997660281
35.0 -0.0343811450898
36.0 -0.0328616816009
37.0 -0.0314335127181
38.0 -0.0300895550984
39.0 -0.0288234212439
40.0 -0.027629326495
41.0 -0.0265020036697
42.0 -0.0254366461282
43.0 -0.0244288749416
44.0 -0.023474706322
45.0 -0.0225705053921
46.0 -0.0217129361166
47.0 -0.0208989246078
48.0 -0.0201256387006
49.0 -0.0193904721224
50.0 -0.0186910238028
51.0 -0.0180250750732
52.0 -0.0173905727764
53.0 -0.0167856200946
54.0 -0.0162084692712
55.0 -0.0156575105141
56.0 -0.0151312572393
57.0 -0.0146283316638
58.0 -0.014147453267
59.0 -0.0136874292123
60.0 -0.0132471448844
61.0 -0.0128255546442
62.0 -0.012421674837
63.0 -0.0120345806613
64.0 -0.011663406134
65.0 -0.0113073443162
66.0 -0.0109656449255
67.0 -0.0106376083536
68.0 -0.01032257734
69.0 -0.0100199285744
70.0 -0.00972906587953
71.0 -0.00944941525648
72.0 -0.00918042112703
73.0 -0.00892154307644
74.0 -0.00867225282296
75.0 -0.00843203129389
76.0 -0.00820036539471
77.0 -0.00797674380192
78.0 -0.00776065143472
79.0 -0.00755156314091
80.0 -0.00734893798308
81.0 -0.00715221575938
82.0 -0.00696081696974
83.0 -0.00677414673163
84.0 -0.00659160257099
85.0 -0.00641258567579
86.0 -0.00623651497992
87.0 -0.0060628432592
88.0 -0.00589107433833
89.0 -0.00572078062852
90.0 -0.00555162048324
91.0 -0.00538335504608
92.0 -0.00521586415629
93.0 -0.00504916045599
94.0 -0.0048834003177
95.0 -0.00471888986872
96.0 -0.004556084423
97.0 -0.00439558005985
98.0 -0.00423809679754
99.0 -0.00408445363933
100.0 -0.00393553657756
101.0 -0.00379226132315
102.0 -0.00365553301336
103.0 -0.00352620540429
104.0 -0.00340504207145
105.0 -0.00329268194385
106.0 -0.00318961111867
107.0 -0.0030961423899
108.0 -0.00301240332976
109.0 -0.00293833315479
110.0 -0.00287368805287
111.0 -0.0028180541898
112.0 -0.00277086726299
113.0 -0.00273143721037
114.0 -0.0026989764942
115.0 -0.00267263026122
116.0 -0.00265150665609
117.0 -0.00263470566495
118.0 -0.00262134510491
119.0 -0.00261058273217
120.0 -0.00260163386398
121.0 -0.00259378433102
122.0 -0.00258639893877
123.0 -0.00257892588705
124.0 -0.00257089776533
125.0 -0.00256192981739
126.0 -0.0025517161649
127.0 -0.00254002461178
128.0 -0.0025266905371
129.0 -0.00251161024733
130.0 -0.00249473402573
131.0 -0.00247605901544
132.0 -0.00245562202047
133.0 -0.00243349230951
134.0 -0.00240976454699
135.0 -0.00238455202883
136.0 -0.00235798043813
137.0 -0.00233018233769
138.0 -0.00230129257272
139.0 -0.002271444677
140.0 -0.00224076827821
141.0 -0.00220938740579
142.0 -0.00217741953808
143.0 -0.00214497519385
144.0 -0.00211215787675
145.0 -0.00207906421089
146.0 -0.00204578414948
147.0 -0.00201240118428
148.0 -0.00197899252349
149.0 -0.00194562923527
150.0 -0.00191237637223
151.0 -0.00187929310036
152.0 -0.00184643285457
153.0 -0.00181384353517
154.0 -0.00178156774641
155.0 -0.00174964306432
156.0 -0.00171810230922
157.0 -0.00168697379406
158.0 -0.00165628152488
159.0 -0.00162604534535
160.0 -0.00159628103871
161.0 -0.00156700042302
162.0 -0.00153821149021
163.0 -0.00150991864123
164.0 -0.00148212305555
165.0 -0.00145482320596
166.0 -0.001428015495
167.0 -0.00140169495744
168.0 -0.00137585595185
169.0 -0.00135049275988
170.0 -0.00132560002588
171.0 -0.00130117299828
172.0 -0.00127720757101
173.0 -0.00125370015856
174.0 -0.00123064746474
175.0 -0.00120804621594
176.0 -0.00118589292454
177.0 -0.00116418372862
178.0 -0.00114291432647
179.0 -0.00112207999671
180.0 -0.00110167567297
181.0 -0.00108169603188
182.0 -0.00106213555506
183.0 -0.00104298853824
184.0 -0.0010242490387
185.0 -0.00100591077116
186.0 -0.00098796697637
187.0 -0.00097041029428
188.0 -0.000953232673572
189.0 -0.000936425342523
190.0 -0.000919978855569
191.0 -0.000903883217418
192.0 -0.000888128074553
193.0 -0.000872702954096
194.0 -0.000857597523376
195.0 -0.000842801841072
196.0 -0.000828306572772
197.0 -0.000814103150105
198.0 -0.000800183862302
199.0 -0.000786541880292
200.0 -0.000773171223894
201.0 -0.000760066689886
202.0 -0.000747223760918
203.0 -0.000734638511907
204.0 -0.000722307522765
205.0 -0.000710227796463
206.0 -0.000698396672733
207.0 -0.000686811723049
208.0 -0.000675470613788
209.0 -0.000664370931837
210.0 -0.000653509978591
211.0 -0.000642884551345
212.0 -0.000632490741691
213.0 -0.000622323785468
214.0 -0.000612377996152
215.0 -0.000602646803084
216.0 -0.000593122899527
217.0 -0.00058379848644
218.0 -0.000574665580187
219.0 -0.000565716339836
220.0 -0.000556943365135
221.0 -0.000548339920646
222.0 -0.000539900054121
223.0 -0.00053161859562
224.0 -0.000523491044533
225.0 -0.000515513370715
226.0 -0.00050768176988
227.0 -0.00049999241983
228.0 -0.000492441282074
229.0 -0.000485023983616
230.0 -0.0004777357982
231.0 -0.000470571728233
232.0 -0.000463526671317
233.0 -0.000456595641914
234.0 -0.000449774011311
235.0 -0.000443057728608
236.0 -0.000436443491346
237.0 -0.000429928844951
238.0 -0.000423512202739
239.0 -0.000417192790401
240.0 -0.000410970528211
241.0 -0.000404845869669
242.0 -0.000398819616436
243.0 -0.000392892727283
244.0 -0.000387066134628
245.0 -0.000381340577814
246.0 -0.000375716458817
247.0 -0.000370193724391
248.0 -0.000364771778533
249.0 -0.000359449430066
250.0 -0.000354224880844
251.0 -0.000349095759706
252.0 -0.000344059205036
253.0 -0.000339111994541
254.0 -0.000334250715211
255.0 -0.000329471960292
256.0 -0.00032477253486
257.0 -0.000320149648349
258.0 -0.00031560107213
259.0 -0.000311125243151
260.0 -0.000306721300616
261.0 -0.000302389050665
262.0 -0.000298128862932
263.0 -0.000293941511248
264.0 -0.000289827977321
265.0 -0.000285789240093
266.0 -0.000281826074101
267.0 -0.000277938877667
268.0 -0.000274127546668
269.0 -0.000270391402921
270.0 -0.000266729178983
271.0 -0.000263139054454
272.0 -0.00025961873368
273.0 -0.000256165551498
274.0 -0.000252776592671
275.0 -0.00024944881161
276.0 -0.000246179141508
277.0 -0.0002429645854
278.0 -0.000239802285366
279.0 -0.000236689569449
280.0 -0.000233623978543
281.0 -0.000230603277348
282.0 -0.000227625454343
283.0 -0.000224688715882
284.0 -0.00022179147899
285.0 -0.000218932366494
286.0 -0.000216110206976
287.0 -0.000213324040665
288.0 -0.000210573131134
289.0 -0.00020785698134
290.0 -0.000205175351535
291.0 -0.000202528275713
292.0 -0.000199916072798
293.0 -0.000197339348765
294.0 -0.000194798986293
295.0 -0.000192296119462
296.0 -0.000189832092233
297.0 -0.00018740840098
298.0 -0.000185026622884
299.0 -0.000182688333472
