10.0 0.0399561162989
11.0 0.0397832272494
12.0 0.0394774287302
13.0 0.039069179863
14.0 0.0385820290812
15.0 0.0380343400024
16.0 0.0374405631121
17.0 0.0368122197203
18.0 0.0361585927831
19.0 0.035487176733
20.0 0.0348040050327
21.0 0.0341139304785
22.0 0.0334208674241
23.0 0.0327279839171
24.0 0.0320378420794
25.0 0.0313525004388
26.0 0.0306735969378
27.0 0.03000242357
28.0 0.0293399925931
29.0 0.0286870905743
30.0 0.0280443203215
31.0 0.0274121343916
32.0 0.0267908631817
33.0 0.0261807381565
34.0 0.0255819099283
35.0 0.0249944619463
36.0 0.0244184216722
37.0 0.0238537707363
38.0 0.0233004539802
39.0 0.022758386413
40.0 0.0222274579919
41.0 0.0217075374929
42.0 0.0211984766892
43.0 0.0207001146727
44.0 0.0202122812151
45.0 0.0197347986489
46.0 0.0192674829504
47.0 0.0188101450224
48.0 0.0183625924114
49.0 0.0179246309458
50.0 0.0174960658806
51.0 0.017076702711
52.0 0.0166663480472
53.0 0.0162648106169
54.0 0.0158719020819
55.0 0.0154874373794
56.0 0.0151112346154
57.0 0.0147431147564
58.0 0.0143829013073
59.0 0.0140304199987
60.0 0.0136854984586
61.0 0.0133479659257
62.0 0.0130176531355
63.0 0.0126943924429
64.0 0.0123780180835
65.0 0.0120683663525
66.0 0.0117652754965
67.0 0.0114685852588
68.0 0.0111781361849
69.0 0.0108937688748
70.0 0.010615323343
71.0 0.010342638556
72.0 0.0100755521457
73.0 0.00981390027529
74.0 0.00955751764216
75.0 0.00930623760486
76.0 0.00905989241236
77.0 0.00881831351799
78.0 0.00858133200113
79.0 0.00834877918737
80.0 0.00812048761005
81.0 0.00789629245778
82.0 0.00767603359862
83.0 0.00745955819008
84.0 0.00724672380332
85.0 0.00703740192793
86.0 0.00683148167962
87.0 0.0066288735093
88.0 0.0064295127098
89.0 0.00623336253801
90.0 0.00604041680479
91.0 0.0058507018131
92.0 0.00566427753257
93.0 0.00548123788512
94.0 0.00530170999819
95.0 0.00512585228086
96.0 0.00495385120958
97.0 0.00478591677551
98.0 0.00462227663645
99.0 0.00446316911782
100.0 0.00430883530376
101.0 0.00415951053972
102.0 0.00401541572283
103.0 0.00387674878176
104.0 0.00374367674294
105.0 0.00361632874756
106.0 0.0034947903283
107.0 0.00337909918109
108.0 0.0032692425837
109.0 0.00316515652536
110.0 0.00306672652767
111.0 0.00297379006051
112.0 0.00288614039087
113.0 0.00280353164653
114.0 0.00272568483255
115.0 0.00265229450699
116.0 0.00258303580761
117.0 0.00251757152569
118.0 0.00245555894846
119.0 0.00239665623466
120.0 0.00234052814275
121.0 0.00228685099169
122.0 0.0022353167917
123.0 0.00218563653268
124.0 0.00213754265752
125.0 0.00209079077578
126.0 0.00204516069001
127.0 0.00200045681422
128.0 0.00195650806373
129.0 0.00191316729038
130.0 0.00187031033077
131.0 0.0018278347298
132.0 0.00178565820033
133.0 0.00174371688124
134.0 0.00170196345967
135.0 0.00166036522682
136.0 0.00161890213637
137.0 0.00157756492952
138.0 0.00153635338011
139.0 0.00149527469802
140.0 0.00145434211199
141.0 0.00141357363601
142.0 0.00137299101057
143.0 0.0013326188001
144.0 0.00129248362449
145.0 0.00125261350166
146.0 0.0012130372815
147.0 0.00117378415505
148.0 0.0011348832277
149.0 0.00109636314881
150.0 0.00105825179306
151.0 0.0010205759906
152.0 0.00098336130351
153.0 0.000946631845823
154.0 0.000910410143291
155.0 0.000874717028186
156.0 0.000839571563673
157.0 0.000804990992488
158.0 0.000770990705871
159.0 0.000737584230717
160.0 0.000704783235459
161.0 0.000672597557326
162.0 0.000641035254732
163.0 0.000610102688044
164.0 0.000579804629704
165.0 0.0005501444011
166.0 0.000521124029462
167.0 0.000492744414507
168.0 0.000465005492488
169.0 0.000437906385391
170.0 0.000411445525317
171.0 0.000385620748136
172.0 0.000360429355466
173.0 0.000335868148735
174.0 0.000311933442657
175.0 0.000288621067144
176.0 0.000265926366347
177.0 0.000243844201431
178.0 0.000222368960593
179.0 0.000201494576566
180.0 0.00018121454921
181.0 0.000161521969427
182.0 0.000142409540647
183.0 0.000123869595355
184.0 0.000105894106131
185.0 8.84746927158e-05
186.0 7.16026283272e-05
187.0 5.5268849276e-05
188.0 3.9463971896e-05
189.0 2.41783198627e-05
190.0 9.40196347323e-06
191.0 -4.87522935846e-06
192.0 -1.86635324143e-05
193.0 -3.19732942991e-05
194.0 -4.48148698577e-05
195.0 -5.71985546847e-05
196.0 -6.91345271738e-05
197.0 -8.06328015845e-05
198.0 -9.1703194185e-05
199.0 -0.000102355302942
200.0 -0.000112598499769
201.0 -0.000122441933295
202.0 -0.00013189453971
203.0 -0.000140965059398
204.0 -0.00014966205781
205.0 -0.000157993949858
206.0 -0.000165969027896
207.0 -0.000173595493587
208.0 -0.000180881493636
209.0 -0.000187835158411
210.0 -0.000194464641157
211.0 -0.000200778154215
212.0 -0.000206783997761
213.0 -0.000212490576491
214.0 -0.000217906400529
215.0 -0.000223040068614
216.0 -0.000227900234024
217.0 -0.000232495556319
218.0 -0.000236834644273
219.0 -0.00024092599685
220.0 -0.000244777949459
221.0 -0.000248398631863
222.0 -0.000251795942166
223.0 -0.000254977538598
224.0 -0.000257950847873
225.0 -0.000260723086217
226.0 -0.000263301287232
227.0 -0.000265692329896
228.0 -0.000267902960345
229.0 -0.000269939802488
230.0 -0.000271809354742
231.0 -0.000273517972734
232.0 -0.000275071840328
233.0 -0.000276476933291
234.0 -0.000277738981047
235.0 -0.000278863432142
236.0 -0.000279855428323
237.0 -0.000280719790741
238.0 -0.000281461019974
239.0 -0.0002820833098
240.0 -0.0002825905731
241.0 -0.000282986477192
242.0 -0.00028327448539
243.0 -0.000283457901476
244.0 -0.000283539914096
245.0 -0.000283523638474
246.0 -0.000283412153354
247.0 -0.000283208531424
248.0 -0.0002829158618
249.0 -0.000282537263442
250.0 -0.000282075888685
251.0 -0.000281534916571
252.0 -0.000280917536337
253.0 -0.00028022692224
254.0 -0.000279466201834
255.0 -0.000278638420663
256.0 -0.000277746506954
257.0 -0.0002767932402
258.0 -0.000275781227269
259.0 -0.000274712889064
260.0 -0.000273590459611
261.0 -0.000272415998118
262.0 -0.000271191413055
263.0 -0.000269918495966
264.0 -0.000268598961652
265.0 -0.000267234490759
266.0 -0.00026582677067
267.0 -0.000264377530998
268.0 -0.000262888570768
269.0 -0.000261361775429
270.0 -0.000259799123075
271.0 -0.000258202680329
272.0 -0.000256574589341
273.0 -0.000254917047969
274.0 -0.000253232285554
275.0 -0.000251522536694
276.0 -0.000249790015145
277.0 -0.000248036889549
278.0 -0.000246265262113
279.0 -0.000244477150838
280.0 -0.000242674475396
281.0 -0.000240859046382
282.0 -0.000239032557434
283.0 -0.000237196579577
284.0 -0.000235352557179
285.0 -0.000233501804992
286.0 -0.000231645505911
287.0 -0.000229784709299
288.0 -0.00022792032993
289.0 -0.000226053147819
290.0 -0.000224183809352
291.0 -0.000222312830285
292.0 -0.000220440601159
293.0 -0.000218567395703
294.0 -0.000216693382622
295.0 -0.000214818640994
296.0 -0.000212943179214
297.0 -0.000211066957174
298.0 -0.000209189911
299.0 -0.000207311979486
