10.0 -0.0161512943421
11.0 -0.0311753106425
12.0 -0.0417939646184
13.0 -0.0490573358873
14.0 -0.0537917271156
15.0 -0.0566376550066
16.0 -0.0580863859647
17.0 -0.0585108264768
18.0 -0.0581917633237
19.0 -0.0573400268873
20.0 -0.0561139891157
21.0 -0.0546325092111
22.0 -0.0529844013076
23.0 -0.0512355894788
24.0 -0.0494347099228
25.0 -0.0476174986118
26.0 -0.0458100933474
27.0 -0.0440314089398
28.0 -0.0422948486742
29.0 -0.0406096092584
30.0 -0.0389817155321
31.0 -0.037414821188
32.0 -0.0359108025873
33.0 -0.0344702012632
34.0 -0.0330925731391
35.0 -0.031776773423
36.0 -0.0305211762062
37.0 -0.0293238253919
38.0 -0.0281825358425
39.0 -0.0270949769543
40.0 -0.0260587534794
41.0 -0.0250714709862
42.0 -0.0241307701902
43.0 -0.0232343366227
44.0 -0.0223799085277
45.0 -0.0215652960599
46.0 -0.0207884034288
47.0 -0.0200472392575
48.0 -0.0193399132053
49.0 -0.0186646295802
50.0 -0.0180196863844
51.0 -0.0174034772401
52.0 -0.0168144889434
53.0 -0.0162512929055
54.0 -0.0157125355252
55.0 -0.0151969324898
56.0 -0.0147032668563
57.0 -0.014230387424
58.0 -0.0137772053169
59.0 -0.0133426897878
60.0 -0.0129258650536
61.0 -0.0125258080931
62.0 -0.0121416454406
63.0 -0.0117725473147
64.0 -0.0114177195818
65.0 -0.0110763960147
66.0 -0.0107478334155
67.0 -0.0104313105077
68.0 -0.0101261295038
69.0 -0.00983161838278
70.0 -0.00954713251452
71.0 -0.00927205551357
72.0 -0.00900580000165
73.0 -0.00874780888048
74.0 -0.00849755724302
75.0 -0.00825455487067
76.0 -0.00801834954399
77.0 -0.00778853167088
78.0 -0.00756474048696
79.0 -0.00734667131627
80.0 -0.00713408261773
81.0 -0.00692680130555
82.0 -0.00672472518339
83.0 -0.00652782193083
84.0 -0.00633612457008
85.0 -0.00614972363642
86.0 -0.00596875649475
87.0 -0.0057933944592
88.0 -0.00562382849848
89.0 -0.00546025423274
90.0 -0.00530285668248
91.0 -0.00515179501574
92.0 -0.00500718756183
93.0 -0.0048690976503
94.0 -0.00473752122858
95.0 -0.004612377473
96.0 -0.00449350358153
97.0 -0.00438065461842
98.0 -0.00427350877449
99.0 -0.00417167784564
100.0 -0.00407472221894
101.0 -0.00398216925432
102.0 -0.00389353369048
103.0 -0.00380833859245
104.0 -0.00372613538408
105.0 -0.00364652164979
106.0 -0.00356915562489
107.0 -0.00349376659822
108.0 -0.00342016079546
109.0 -0.00334822265548
110.0 -0.0032779117133
111.0 -0.00320925553703
112.0 -0.00314233933403
113.0 -0.00307729296827
114.0 -0.00301427623922
115.0 -0.00295346336392
116.0 -0.0028950276548
117.0 -0.00283912735983
118.0 -0.00278589350619
119.0 -0.00273542037226
120.0 -0.00268775894032
121.0 -0.00264291340476
122.0 -0.00260084056919
123.0 -0.00256145178428
124.0 -0.00252461696018
125.0 -0.00249017012701
126.0 -0.00245791600567
127.0 -0.00242763708472
128.0 -0.00239910077084
129.0 -0.00237206627938
130.0 -0.00234629103956
131.0 -0.00232153648617
132.0 -0.00229757317682
133.0 -0.00227418520572
134.0 -0.0022511738858
135.0 -0.00222836065723
136.0 -0.00220558917073
137.0 -0.00218272650475
138.0 -0.00215966351064
139.0 -0.00213631433468
140.0 -0.00211261522615
141.0 -0.00208852278981
142.0 -0.00206401186769
143.0 -0.00203907323387
144.0 -0.0020137112611
145.0 -0.00198794167835
146.0 -0.00196178949453
147.0 -0.00193528712485
148.0 -0.00190847272639
149.0 -0.00188138873041
150.0 -0.00185408054886
151.0 -0.00182659542905
152.0 -0.00179898143265
153.0 -0.00177128652112
154.0 -0.00174355773984
155.0 -0.0017158405037
156.0 -0.00168817799814
157.0 -0.00166061071482
158.0 -0.00163317613977
159.0 -0.00160590860215
160.0 -0.00157883927427
161.0 -0.00155199629493
162.0 -0.00152540497144
163.0 -0.00149908800864
164.0 -0.0014730657172
165.0 -0.00144735616852
166.0 -0.00142197528602
167.0 -0.00139693688536
168.0 -0.00137225269418
169.0 -0.00134793238889
170.0 -0.00132398368217
171.0 -0.00130041248
172.0 -0.001277223107
173.0 -0.00125441857894
174.0 -0.00123200088678
175.0 -0.00120997125189
176.0 -0.00118833031729
177.0 -0.00116707825425
178.0 -0.00114621478204
179.0 -0.00112573911749
180.0 -0.00110564988388
181.0 -0.0010859450142
182.0 -0.00106662168056
183.0 -0.00104767627131
184.0 -0.00102910442391
185.0 -0.00101090110883
186.0 -0.000993060749942
187.0 -0.000975577362072
188.0 -0.000958444686985
189.0 -0.000941656312318
190.0 -0.000925205763915
191.0 -0.000909086567929
192.0 -0.000893292284462
193.0 -0.000877816518897
194.0 -0.000862652920063
195.0 -0.000847795175738
196.0 -0.000833237015482
197.0 -0.000818972228018
198.0 -0.00080499469568
199.0 -0.000791298442527
200.0 -0.000777877687049
201.0 -0.000764726886518
202.0 -0.000751840759559
203.0 -0.000739214276833
204.0 -0.000726842616538
205.0 -0.000714721089998
206.0 -0.000702845050747
207.0 -0.000691209805853
208.0 -0.00067981054912
209.0 -0.000668642331744
210.0 -0.000657700077822
211.0 -0.000646978641791
212.0 -0.000636472894963
213.0 -0.000626177821269
214.0 -0.000616088599926
215.0 -0.000606200655472
216.0 -0.000596509662897
217.0 -0.000587011505589
218.0 -0.00057770219421
219.0 -0.000568577763127
220.0 -0.000559634165741
221.0 -0.000550867190223
222.0 -0.000542272412785
223.0 -0.000533845197901
224.0 -0.000525580745489
225.0 -0.000517474176016
226.0 -0.000509520637554
227.0 -0.000501715415361
228.0 -0.00049405402499
229.0 -0.00048653227421
230.0 -0.000479146285828
231.0 -0.000471892481614
232.0 -0.000464767535036
233.0 -0.000457768305928
234.0 -0.000450891772537
235.0 -0.00044413497526
236.0 -0.000437494982264
237.0 -0.000430968881194
238.0 -0.00042455379486
239.0 -0.000418246913582
240.0 -0.000412045534013
241.0 -0.000405947094116
242.0 -0.000399949196531
243.0 -0.000394049616702
244.0 -0.000388246296844
245.0 -0.000382537330717
246.0 -0.000376920946232
247.0 -0.000371395492882
248.0 -0.000365959438814
249.0 -0.000360611379004
250.0 -0.000355350052195
251.0 -0.000350174361254
252.0 -0.000345083389992
253.0 -0.000340076409694
254.0 -0.00033515287049
255.0 -0.000330312375711
256.0 -0.000325554640803
257.0 -0.000320879441385
258.0 -0.000316286557016
259.0 -0.000311775717776
260.0 -0.000307346559919
261.0 -0.000302998594778
262.0 -0.000298731192397
263.0 -0.00029454357859
264.0 -0.000290434841842
265.0 -0.000286403945126
266.0 -0.000282449737487
267.0 -0.000278570961116
268.0 -0.000274766251367
269.0 -0.000271034129311
270.0 -0.000267372988544
271.0 -0.000263781079625
272.0 -0.000260256496467
273.0 -0.000256797168989
274.0 -0.000253400865607
275.0 -0.000250065207685
276.0 -0.000246787696445
277.0 -0.000243565751133
278.0 -0.000240396755933
279.0 -0.000237278112324
280.0 -0.000234207293254
281.0 -0.000231181895791
282.0 -0.000228199689435
283.0 -0.000225258658016
284.0 -0.000222357033831
285.0 -0.000219493323262
286.0 -0.000216666323569
287.0 -0.000213875130814
288.0 -0.000211119139086
289.0 -0.000208398031329
290.0 -0.000205711762262
291.0 -0.000203060534067
292.0 -0.00020044476578
293.0 -0.000197865057511
294.0 -0.000195322150805
295.0 -0.000192816886535
296.0 -0.000190350161693
297.0 -0.000187922886365
298.0 -0.000185535941995
299.0 -0.000183190141868
