10.0 -0.164380133324
11.0 -0.150236642932
12.0 -0.13791267938
13.0 -0.127087088327
14.0 -0.117511042199
15.0 -0.10898691381
16.0 -0.101355187684
17.0 -0.0944869422974
18.0 -0.0882778513855
19.0 -0.0826423583086
20.0 -0.0775090570269
21.0 -0.0728177406297
22.0 -0.0685175191164
23.0 -0.0645653230509
24.0 -0.06092448246
25.0 -0.0575634150341
26.0 -0.0544545909431
27.0 -0.0515738369676
28.0 -0.0488998677252
29.0 -0.0464138908015
30.0 -0.0440992338062
31.0 -0.0419410273779
32.0 -0.0399259664652
33.0 -0.0380421253022
34.0 -0.0362787896669
35.0 -0.0346262950121
36.0 -0.0330758870521
37.0 -0.031619621667
38.0 -0.0302502939645
39.0 -0.0289613678424
40.0 -0.0277468936376
41.0 -0.0266014311006
42.0 -0.0255199987716
43.0 -0.0244980457562
44.0 -0.02353142238
45.0 -0.0226163360962
46.0 -0.0217493027251
47.0 -0.0209271104404
48.0 -0.0201467995458
49.0 -0.0194056464767
50.0 -0.0187011426453
51.0 -0.0180309709379
52.0 -0.0173929879363
53.0 -0.0167852137189
54.0 -0.0162058234627
55.0 -0.0156531351726
56.0 -0.0151255937258
57.0 -0.0146217552558
58.0 -0.0141402744006
59.0 -0.0136798935078
60.0 -0.0132394319528
61.0 -0.0128177756828
62.0 -0.0124138690497
63.0 -0.0120267105882
64.0 -0.0116553520426
65.0 -0.0112988978955
66.0 -0.0109565026327
67.0 -0.0106273648815
68.0 -0.0103107198066
69.0 -0.0100058321698
70.0 -0.00971199184674
71.0 -0.00942851221005
72.0 -0.00915473082475
73.0 -0.00889001183154
74.0 -0.00863374975709
75.0 -0.00838537455868
76.0 -0.00814435730551
77.0 -0.00791021550734
78.0 -0.00768251727362
79.0 -0.00746088420838
80.0 -0.00724499365087
81.0 -0.00703458100325
82.0 -0.006829442399
83.0 -0.00662943726711
84.0 -0.00643448986927
85.0 -0.00624458875251
86.0 -0.00605978315152
87.0 -0.00588017559823
88.0 -0.00570591039877
89.0 -0.00553715828494
90.0 -0.00537409833295
91.0 -0.00521689888484
92.0 -0.0050656994352
93.0 -0.00492059518818
94.0 -0.00478162541762
95.0 -0.00464876614338
96.0 -0.00452192716641
97.0 -0.00440095323333
98.0 -0.00428562896649
99.0 -0.00417568711361
100.0 -0.00407081958366
101.0 -0.00397069062595
102.0 -0.00387495138496
103.0 -0.00378325494943
104.0 -0.00369527094159
105.0 -0.00361069868914
106.0 -0.003529278101
107.0 -0.00345079752434
108.0 -0.00337509808152
109.0 -0.00330207426144
110.0 -0.00323167085318
111.0 -0.00316387663305
112.0 -0.0030987154996
113.0 -0.00303623593794
114.0 -0.00297649974553
115.0 -0.00291957086788
116.0 -0.00286550501694
117.0 -0.00281434054301
118.0 -0.0027660908594
119.0 -0.00272073860398
120.0 -0.00267823165449
121.0 -0.00263848106811
122.0 -0.00260136096417
123.0 -0.0025667102991
124.0 -0.00253433639929
125.0 -0.00250402002956
126.0 -0.00247552169266
127.0 -0.00244858878387
128.0 -0.00242296316683
129.0 -0.0023983887018
130.0 -0.00237461825541
131.0 -0.00235141976515
132.0 -0.00232858102812
133.0 -0.0023059130244
134.0 -0.00228325175131
135.0 -0.00226045870453
136.0 -0.00223742026626
137.0 -0.00221404632588
138.0 -0.00219026845991
139.0 -0.00216603794394
140.0 -0.00214132378277
141.0 -0.00211611085199
142.0 -0.00209039816736
143.0 -0.00206419725075
144.0 -0.00203753054469
145.0 -0.00201042983552
146.0 -0.00198293466693
147.0 -0.0019550907504
148.0 -0.0019269483998
149.0 -0.00189856103018
150.0 -0.00186998376442
151.0 -0.0018412721877
152.0 -0.00181248127923
153.0 -0.00178366453557
154.0 -0.00175487328151
155.0 -0.00172615614684
156.0 -0.00169755867352
157.0 -0.00166912301204
158.0 -0.00164088767053
159.0 -0.0016128872959
160.0 -0.00158515248839
161.0 -0.00155770967376
162.0 -0.00153058107336
163.0 -0.00150378481474
164.0 -0.00147733521285
165.0 -0.00145124322516
166.0 -0.00142551705118
167.0 -0.00140016281533
168.0 -0.001375185252
169.0 -0.0013505883083
170.0 -0.00132637559418
171.0 -0.00130255063978
172.0 -0.00127911695676
173.0 -0.00125607793626
174.0 -0.00123343664289
175.0 -0.00121119557542
176.0 -0.00118935645938
177.0 -0.00116792011776
178.0 -0.00114688643839
179.0 -0.00112625442876
180.0 -0.00110602232724
181.0 -0.00108618772946
182.0 -0.00106674769023
183.0 -0.00104769877373
184.0 -0.00102903704278
185.0 -0.00101075799615
186.0 -0.000992856477461
187.0 -0.000975326586302
188.0 -0.000958161621943
189.0 -0.000941354083549
190.0 -0.000924895740008
191.0 -0.000908777770348
192.0 -0.000892990963992
193.0 -0.000877525960683
194.0 -0.000862373503756
195.0 -0.000847524678477
196.0 -0.000832971109621
197.0 -0.000818705099237
198.0 -0.000804719695536
199.0 -0.000791008695276
200.0 -0.000777566592538
201.0 -0.000764388493778
202.0 -0.00075147002098
203.0 -0.000738807220861
204.0 -0.000726396489722
205.0 -0.000714234513001
206.0 -0.000702318209165
207.0 -0.000690644662229
208.0 -0.000679211027873
209.0 -0.000668014404984
210.0 -0.000657051675875
211.0 -0.000646319331376
212.0 -0.000635813307707
213.0 -0.000625528867318
214.0 -0.000615460553673
215.0 -0.000605602240116
216.0 -0.000595947277222
217.0 -0.000586488724669
218.0 -0.000577219636657
219.0 -0.000568133357958
220.0 -0.000559223783532
221.0 -0.000550485539371
222.0 -0.000541914054939
223.0 -0.000533505515997
224.0 -0.000525256707042
225.0 -0.000517164771378
226.0 -0.000509226930413
227.0 -0.00050144020981
228.0 -0.000493801217703
229.0 -0.000486306010071
230.0 -0.000478950062559
231.0 -0.000471728349773
232.0 -0.000464635515578
233.0 -0.000457666104475
234.0 -0.000450814816692
235.0 -0.000444076749187
236.0 -0.000437447590653
237.0 -0.000430923749133
238.0 -0.000424502403475
239.0 -0.000418181481886
240.0 -0.000411959580198
241.0 -0.000405835837722
242.0 -0.000399809789717
243.0 -0.000393881213141
244.0 -0.000388049978194
245.0 -0.000382315913603
246.0 -0.000376678690179
247.0 -0.000371137725456
248.0 -0.000365692112284
249.0 -0.00036034057527
250.0 -0.000355081459977
251.0 -0.000349912759688
252.0 -0.000344832182658
253.0 -0.000339837258912
254.0 -0.000334925480399
255.0 -0.000330094462526
256.0 -0.000325342110182
257.0 -0.000320666768365
258.0 -0.000316067337337
259.0 -0.000311543335276
260.0 -0.000307094897137
261.0 -0.000302722706318
262.0 -0.000298427864263
263.0 -0.000294211711211
264.0 -0.000290075617398
265.0 -0.00028602076751
266.0 -0.000282047961355
267.0 -0.000278157450911
268.0 -0.000274348828504
269.0 -0.000270620973988
270.0 -0.00026697206141
271.0 -0.000263399618972
272.0 -0.000259900630938
273.0 -0.000256471667033
274.0 -0.000253109024088
275.0 -0.000249808865846
276.0 -0.000246567349628
277.0 -0.000243380732156
278.0 -0.00024024545076
279.0 -0.000237158179701
280.0 -0.000234115864172
281.0 -0.000231115736425
282.0 -0.00022815531939
283.0 -0.000225232423257
284.0 -0.000222345139929
285.0 -0.000219491839226
286.0 -0.000216671169471
287.0 -0.000213882063632
288.0 -0.000211123750837
289.0 -0.00020839577169
290.0 -0.000205697994748
291.0 -0.000203030630618
292.0 -0.000200394239728
293.0 -0.000197789729794
294.0 -0.000195218339509
295.0 -0.000192681605964
296.0 -0.000190181314633
297.0 -0.00018771943236
298.0 -0.000185298025431
299.0 -0.000182919166345
