10.0 -0.0762422530489
11.0 -0.0697099164007
12.0 -0.0640213502243
13.0 -0.0590266847133
14.0 -0.0546096185136
15.0 -0.0506777112384
16.0 -0.0471563748644
17.0 -0.0439854191493
18.0 -0.0411162756796
19.0 -0.0385092816418
20.0 -0.0361315083332
21.0 -0.0339553542652
22.0 -0.0319576312041
23.0 -0.0301188308735
24.0 -0.0284224313929
25.0 -0.0268542609168
26.0 -0.0254019965827
27.0 -0.0240548275713
28.0 -0.0228032294896
29.0 -0.0216387780161
30.0 -0.0205539765566
31.0 -0.0195421125602
32.0 -0.0185971518624
33.0 -0.0177136588628
34.0 -0.016886725048
35.0 -0.0161119001275
36.0 -0.0153851331676
37.0 -0.0147027313581
38.0 -0.0140613316158
39.0 -0.0134578717238
40.0 -0.0128895552765
41.0 -0.0123538184741
42.0 -0.0118483085983
43.0 -0.0113708723936
44.0 -0.0109195435323
45.0 -0.0104925229213
46.0 -0.0100881565866
47.0 -0.00970491925856
48.0 -0.00934140511731
49.0 -0.00899632037327
50.0 -0.00866847336654
51.0 -0.00835676350914
52.0 -0.00806017282774
53.0 -0.00777776098023
54.0 -0.00750866107924
55.0 -0.00725207370099
56.0 -0.00700725917227
57.0 -0.00677353000488
58.0 -0.00655024465018
59.0 -0.00633680215759
60.0 -0.00613263688698
61.0 -0.00593721333486
62.0 -0.00575002204099
63.0 -0.00557057735714
64.0 -0.00539841677498
65.0 -0.00523310056453
66.0 -0.00507421047075
67.0 -0.00492134710091
68.0 -0.00477412668069
69.0 -0.00463217833101
70.0 -0.00449514273204
71.0 -0.00436267239535
72.0 -0.00423443330889
73.0 -0.00411010767283
74.0 -0.00398939759188
75.0 -0.00387202959539
76.0 -0.00375775963677
77.0 -0.00364637800706
78.0 -0.00353771364045
79.0 -0.00343163758954
80.0 -0.00332806574584
81.0 -0.00322696092474
82.0 -0.00312833420588
83.0 -0.00303224511429
84.0 -0.00293880004639
85.0 -0.0028481483463
86.0 -0.00276047556705
87.0 -0.00267599365826
88.0 -0.00259492812422
89.0 -0.00251750261292
90.0 -0.00244392186886
91.0 -0.00237435436676
92.0 -0.00230891610389
93.0 -0.00224765692257
94.0 -0.00219055043564
95.0 -0.00213748825819
96.0 -0.00208827890257
97.0 -0.00204265140271
98.0 -0.00200026348121
99.0 -0.00196071383602
100.0 -0.0019235578926
101.0 -0.00188832615208
102.0 -0.00185454408459
103.0 -0.00182175239253
104.0 -0.00178952642207
105.0 -0.00175749354583
106.0 -0.00172534747759
107.0 -0.00169285869756
108.0 -0.0016598804468
109.0 -0.0016263500688
110.0 -0.00159228581339
111.0 -0.00155777954194
112.0 -0.00152298605037
113.0 -0.00148810991975
114.0 -0.00145339089167
115.0 -0.00141908874618
116.0 -0.00138546855613
117.0 -0.00135278704116
118.0 -0.00132128058025
119.0 -0.00129115528676
120.0 -0.00126257940862
121.0 -0.0012356781866
122.0 -0.00121053117908
123.0 -0.00118717194441
124.0 -0.00116558986527
125.0 -0.00114573381119
126.0 -0.00112751726937
127.0 -0.00111082453092
128.0 -0.00109551749888
129.0 -0.00108144268643
130.0 -0.00106843799984
131.0 -0.00105633895396
132.0 -0.00104498404756
133.0 -0.0010342191257
134.0 -0.00102390066558
135.0 -0.00101389802495
136.0 -0.00100409477306
137.0 -0.000994389273762
138.0 -0.000984694704128
139.0 -0.000974938676312
140.0 -0.000965062595146
141.0 -0.000955020842412
142.0 -0.000944779842008
143.0 -0.000934317035036
144.0 -0.000923619781656
145.0 -0.000912684205059
146.0 -0.000901513997438
147.0 -0.000890119213955
148.0 -0.000878515085151
149.0 -0.000866720879503
150.0 -0.000854758845625
151.0 -0.000842653258414
152.0 -0.000830429585905
153.0 -0.000818113784326
154.0 -0.000805731718892
155.0 -0.000793308698411
156.0 -0.00078086910463
157.0 -0.000768436094124
158.0 -0.000756031352588
159.0 -0.0007436748885
160.0 -0.000731384863518
161.0 -0.000719177467792
162.0 -0.000707066855875
163.0 -0.000695065160493
164.0 -0.000683182595701
165.0 -0.000671427649026
166.0 -0.000659807347123
167.0 -0.00064832756524
168.0 -0.000636993341716
169.0 -0.000625809157269
170.0 -0.000614779145919
171.0 -0.000603907218216
172.0 -0.000593197094875
173.0 -0.000582652265711
174.0 -0.000572275901127
175.0 -0.000562070748776
176.0 -0.00055203904559
177.0 -0.000542182466507
178.0 -0.000532502118509
179.0 -0.000522998575649
180.0 -0.00051367194071
181.0 -0.000504521914275
182.0 -0.000495547852813
183.0 -0.000486748803002
184.0 -0.000478123507819
185.0 -0.000469670388386
186.0 -0.000461387512168
187.0 -0.000453272561453
188.0 -0.000445322815892
189.0 -0.000437535159888
190.0 -0.000429906120668
191.0 -0.000422431937312
192.0 -0.000415108655661
193.0 -0.000407932239758
194.0 -0.000400898687767
195.0 -0.000394004139476
196.0 -0.000387244963782
197.0 -0.00038061781776
198.0 -0.000374119673613
199.0 -0.000367747815147
200.0 -0.000361499810269
201.0 -0.000355373469208
202.0 -0.000349366798977
203.0 -0.000343477962672
204.0 -0.000337705248202
205.0 -0.000332047045982
206.0 -0.00032650183063
207.0 -0.000321068139021
208.0 -0.0003157445373
209.0 -0.000310529572472
210.0 -0.000305421709456
211.0 -0.000300419260455
212.0 -0.000295520318505
213.0 -0.000290722709545
214.0 -0.000286023976499
215.0 -0.000281421404378
216.0 -0.000276912088324
217.0 -0.000272493038138
218.0 -0.000268161305132
219.0 -0.00026391411172
220.0 -0.00025974896236
221.0 -0.000255663716743
222.0 -0.000251656612012
223.0 -0.00024772622935
224.0 -0.00024387140974
225.0 -0.000240091132307
226.0 -0.000236384374904
227.0 -0.000232749979293
228.0 -0.000229186542087
229.0 -0.000225692347826
230.0 -0.000222265353174
231.0 -0.000218903222701
232.0 -0.000215603408559
233.0 -0.000212363260086
234.0 -0.000209180145897
235.0 -0.000206051570824
236.0 -0.000202975272751
237.0 -0.000199949289286
238.0 -0.000196971990021
239.0 -0.000194042075709
240.0 -0.000191158549983
241.0 -0.000188320671692
242.0 -0.00018552789639
243.0 -0.000182779814444
244.0 -0.00018007609126
245.0 -0.000177416413014
246.0 -0.000174800439683
247.0 -0.000172227766409
248.0 -0.000169697894277
249.0 -0.000167210212117
250.0 -0.000164763991474
251.0 -0.00016235839694
252.0 -0.00015999251322
253.0 -0.000157665388649
254.0 -0.000155376092497
255.0 -0.000153123780841
256.0 -0.000150907763536
257.0 -0.0001487275635
258.0 -0.000146582959475
259.0 -0.000144474004802
260.0 -0.000142401017434
261.0 -0.000140364539964
262.0 -0.000138365272374
263.0 -0.000136403983823
264.0 -0.000134481412579
265.0 -0.000132598164645
266.0 -0.000130754621694
267.0 -0.000128950867471
268.0 -0.000127186639298
269.0 -0.000125461308045
270.0 -0.000123773886501
271.0 -0.000122123062965
272.0 -0.000120507254501
273.0 -0.000118924672892
274.0 -0.000117373396
275.0 -0.000115851437832
276.0 -0.000114356811944
277.0 -0.000112887584552
278.0 -0.000111441915582
279.0 -0.000110018087533
280.0 -0.00010861452343
281.0 -0.000107229795959
282.0 -0.000105862630387
283.0 -0.000104511903859
284.0 -0.000103176643436
285.0 -0.00010185602472
286.0 -0.000100549372323
287.0 -9.92561627515e-05
288.0 -9.79760296058e-05
289.0 -9.6708770361e-05
290.0 -9.54543534663e-05
291.0 -9.42129241e-05
292.0 -9.29848067099e-05
293.0 -9.17705024775e-05
294.0 -9.05706800875e-05
295.0 -8.93861586514e-05
296.0 -8.82178822741e-05
297.0 -8.70668865099e-05
298.0 -8.59342577394e-05
299.0 -8.48210872181e-05
