10.0 -0.0437666687023
11.0 -0.0395564656604
12.0 -0.0359246771931
13.0 -0.0327649895516
14.0 -0.0299961669821
15.0 -0.027555004348
16.0 -0.0253913381939
17.0 -0.0234646328384
18.0 -0.0217416482656
19.0 -0.020194790911
20.0 -0.0188009248296
21.0 -0.0175405130781
22.0 -0.0163969824246
23.0 -0.0153562298095
24.0 -0.0144062228483
25.0 -0.0135366686131
26.0 -0.0127387336559
27.0 -0.012004804102
28.0 -0.0113282811745
29.0 -0.0107034111128
30.0 -0.0101251474634
31.0 -0.00958904125755
32.0 -0.00909115385373
33.0 -0.00862798799238
34.0 -0.00819643303809
35.0 -0.00779372004099
36.0 -0.00741738233129
37.0 -0.00706521876707
38.0 -0.00673525897186
39.0 -0.00642573163228
40.0 -0.00613503734056
41.0 -0.00586172670614
42.0 -0.00560448330057
43.0 -0.00536211018398
44.0 -0.00513351859529
45.0 -0.00491771774122
46.0 -0.00471380515792
47.0 -0.00452095756536
48.0 -0.00433842236589
49.0 -0.00416550997977
50.0 -0.00400158714133
51.0 -0.0038460711761
52.0 -0.0036984251833
53.0 -0.00355815397681
54.0 -0.00342480059988
55.0 -0.00329794322697
56.0 -0.00317719230054
57.0 -0.0030621878094
58.0 -0.00295259667979
59.0 -0.00284811030044
60.0 -0.00274844222418
61.0 -0.00265332607872
62.0 -0.002562513688
63.0 -0.00247577336775
64.0 -0.00239288833074
65.0 -0.00231365512657
66.0 -0.00223788204972
67.0 -0.00216538747007
68.0 -0.00209599806556
69.0 -0.00202954695776
70.0 -0.00196587176643
71.0 -0.00190481261009
72.0 -0.00184621009202
73.0 -0.00178990333118
74.0 -0.00173572812849
75.0 -0.00168351540147
76.0 -0.00163309006766
77.0 -0.00158427060076
78.0 -0.00153686951061
79.0 -0.00149069499624
80.0 -0.00144555397968
81.0 -0.00140125664129
82.0 -0.00135762244524
83.0 -0.00131448747378
84.0 -0.00127171269809
85.0 -0.00122919262336
86.0 -0.00118686358568
87.0 -0.00114471087497
88.0 -0.00110277383841
89.0 -0.00106114819683
90.0 -0.00101998498701
91.0 -0.00097948581298
92.0 -0.000939894422913
93.0 -0.000901484986931
94.0 -0.00086454779014
95.0 -0.000829373331098
96.0 -0.000796235992459
97.0 -0.000765378505131
98.0 -0.000736998354148
99.0 -0.000711237085171
100.0 -0.000688173191279
101.0 -0.000667818927321
102.0 -0.000650121054007
103.0 -0.000634965195339
104.0 -0.000622183232533
105.0 -0.000611562976705
106.0 -0.000602859270605
107.0 -0.000595805664178
108.0 -0.0005901258781
109.0 -0.000585544395262
110.0 -0.000581795681096
111.0 -0.00057863170844
112.0 -0.00057582763235
113.0 -0.000573185610672
114.0 -0.000570536887485
115.0 -0.000567742344506
116.0 -0.000564691779709
117.0 -0.000561302196054
118.0 -0.00055751538151
119.0 -0.000553295040748
120.0 -0.000548623705414
121.0 -0.000543499609635
122.0 -0.000537933675082
123.0 -0.000531946709338
124.0 -0.000525566884839
125.0 -0.000518827534785
126.0 -0.000511765277638
127.0 -0.000504418463127
128.0 -0.000496825919447
129.0 -0.000489025972904
130.0 -0.000481055706684
131.0 -0.000472950423895
132.0 -0.000464743280741
133.0 -0.000456465057918
134.0 -0.000448144041549
135.0 -0.00043980598869
136.0 -0.000431474156276
137.0 -0.000423169376141
138.0 -0.000414910162168
139.0 -0.000406712838694
140.0 -0.000398591681859
141.0 -0.000390559067703
142.0 -0.000382625622508
143.0 -0.000374800372098
144.0 -0.000367090887742
145.0 -0.000359503426949
146.0 -0.000352043067858
147.0 -0.000344713836244
148.0 -0.000337518824419
149.0 -0.000330460301501
150.0 -0.000323539814767
151.0 -0.00031675828202
152.0 -0.000310116075089
153.0 -0.000303613094814
154.0 -0.000297248837942
155.0 -0.0002910224565
156.0 -0.000284932810204
157.0 -0.000278978512486
158.0 -0.000273157970662
159.0 -0.000267469420765
160.0 -0.000261910957509
161.0 -0.000256480559875
162.0 -0.00025117611278
163.0 -0.000245995425301
164.0 -0.00024093624591
165.0 -0.000235996275132
166.0 -0.000231173176011
167.0 -0.00022646458266
168.0 -0.000221868107145
169.0 -0.000217381344905
170.0 -0.000213001878882
171.0 -0.000208727282574
172.0 -0.000204555122309
173.0 -0.000200482959085
174.0 -0.000196508350429
175.0 -0.000192628852769
176.0 -0.000188842024827
177.0 -0.000185145432447
178.0 -0.000181536655184
179.0 -0.00017801329474
180.0 -0.000174572985127
181.0 -0.000171213404187
182.0 -0.000167932285855
183.0 -0.000164727432396
184.0 -0.000161596725709
185.0 -0.000158538136812
186.0 -0.00015554973266
187.0 -0.000152629679658
188.0 -0.000149776243438
189.0 -0.000146987784792
190.0 -0.000144262751934
191.0 -0.000141599669611
192.0 -0.000138997125787
193.0 -0.000136453756848
194.0 -0.000133968232379
195.0 -0.000131539240534
196.0 -0.000129165475005
197.0 -0.000126845624367
198.0 -0.000124578364419
199.0 -0.000122362353862
200.0 -0.000120196233401
201.0 -0.000118078628141
202.0 -0.000116008152907
203.0 -0.00011398341996
204.0 -0.000112003048508
205.0 -0.000110065675282
206.0 -0.000108169965518
207.0 -0.000106314623669
208.0 -0.000104498403282
209.0 -0.000102720115548
210.0 -0.000100978636187
211.0 -9.92729104091e-05
212.0 -9.76019558496e-05
213.0 -9.5964863443e-05
214.0 -9.43607963087e-05
215.0 -9.2788986766e-05
216.0 -9.12487316399e-05
217.0 -8.97393860385e-05
218.0 -8.82603557908e-05
219.0 -8.68110887365e-05
220.0 -8.53910650696e-05
221.0 -8.39997869488e-05
222.0 -8.26367676226e-05
223.0 -8.13015203572e-05
224.0 -7.99935475085e-05
225.0 -7.87123301396e-05
226.0 -7.74573186324e-05
227.0 -7.62279247787e-05
228.0 -7.50235158401e-05
229.0 -7.38434110336e-05
230.0 -7.26868808264e-05
231.0 -7.15531493012e-05
232.0 -7.04413996961e-05
233.0 -6.93507830345e-05
234.0 -6.82804295556e-05
235.0 -6.72294624554e-05
236.0 -6.61970132716e-05
237.0 -6.51822381058e-05
238.0 -6.41843337955e-05
239.0 -6.32025531297e-05
240.0 -6.22362182549e-05
241.0 -6.12847315337e-05
242.0 -6.03475832902e-05
243.0 -5.94243560881e-05
244.0 -5.85147254168e-05
245.0 -5.76184568969e-05
246.0 -5.67354003243e-05
247.0 -5.58654810499e-05
248.0 -5.50086893186e-05
249.0 -5.41650682587e-05
250.0 -5.33347012265e-05
251.0 -5.2517699169e-05
252.0 -5.17141885805e-05
253.0 -5.09243005084e-05
254.0 -5.01481609274e-05
255.0 -4.9385882658e-05
256.0 -4.86375588705e-05
257.0 -4.79032581069e-05
258.0 -4.71830206619e-05
259.0 -4.64768561173e-05
260.0 -4.57847417974e-05
261.0 -4.51066219264e-05
262.0 -4.44424072972e-05
263.0 -4.37919753141e-05
264.0 -4.3155170325e-05
265.0 -4.25318042173e-05
266.0 -4.19216573034e-05
267.0 -4.13244795529e-05
268.0 -4.0739992254e-05
269.0 -4.01678901821e-05
270.0 -3.96078443431e-05
271.0 -3.90595053206e-05
272.0 -3.85225072204e-05
273.0 -3.79964721517e-05
274.0 -3.74810151394e-05
275.0 -3.69757493143e-05
276.0 -3.64802911967e-05
277.0 -3.59942658623e-05
278.0 -3.5517311776e-05
279.0 -3.50490850848e-05
280.0 -3.45892631843e-05
281.0 -3.41375474131e-05
282.0 -3.36936647703e-05
283.0 -3.32573686086e-05
284.0 -3.28284383095e-05
285.0 -3.2406678e-05
286.0 -3.19919144185e-05
287.0 -3.15839940802e-05
288.0 -3.1182779918e-05
289.0 -3.07881475943e-05
290.0 -3.03999816857e-05
291.0 -3.00181719331e-05
292.0 -2.96426097342e-05
293.0 -2.92731850318e-05
294.0 -2.89097837154e-05
295.0 -2.85522856231e-05
296.0 -2.82005631896e-05
297.0 -2.7854480754e-05
298.0 -2.7513894504e-05
299.0 -2.71786530082e-05
