10.0 0.05118738061748684
11.0 0.02756271147896383
12.0 0.009463378772906572
13.0 -0.004087361363662485
14.0 -0.014058006680481796
15.0 -0.02120703289417571
16.0 -0.026113116768730738
17.0 -0.029347507318243402
18.0 -0.031239875413119608
19.0 -0.032143616837241054
20.0 -0.032263842201860266
21.0 -0.03183721466851357
22.0 -0.03098421655993459
23.0 -0.02984864596738834
24.0 -0.028513052981698542
25.0 -0.02704066379654841
26.0 -0.02550542480871326
27.0 -0.0239226475419805
28.0 -0.022360532273335756
29.0 -0.020810262384897516
30.0 -0.019318873583864825
31.0 -0.01786755723894855
32.0 -0.01649774993807852
33.0 -0.015190150980448508
34.0 -0.013968893717112525
35.0 -0.01279600621310618
36.0 -0.011763223164288208
37.0 -0.010709517414705431
38.0 -0.009807239911600488
39.0 -0.008980291054806602
40.0 -0.008151307252213979
41.0 -0.007403994196078161
42.0 -0.0067727021943948
43.0 -0.006196039580259808
44.0 -0.005640683437053533
45.0 -0.005113762477539833
46.0 -0.004623239962573595
47.0 -0.004175837404619139
48.0 -0.0037796652449397453
49.0 -0.003427587038357484
50.0 -0.003115733660638475
51.0 -0.0028285265950725143
52.0 -0.0025663971314267096
53.0 -0.0023390105450489095
54.0 -0.0021510200111125068
55.0 -0.002004217437680578
56.0 -0.0018743313822992098
57.0 -0.0017466380857951492
58.0 -0.0015885977204493714
59.0 -0.0013933174482504192
60.0 -0.0011997607602393856
61.0 -0.001093860984764049
62.0 -0.0010920364184489912
63.0 -0.0010945650965188368
64.0 -0.000953825486120603
65.0 -0.0007470777967782166
66.0 -0.0007078545204794193
67.0 -0.0008101757569520621
68.0 -0.0007333805161096932
69.0 -0.0005046651541580485
70.0 -0.0005341526909107945
71.0 -0.0006596030939123112
72.0 -0.0004484258669967895
73.0 -0.0003492537683018699
74.0 -0.0005549126191226262
75.0 -0.00038768961581242426
76.0 -0.00024428571073715604
77.0 -0.0004857920121393109
78.0 -0.00027374123835381437
79.0 -0.00021236688095202234
80.0 -0.00044818668407148684
81.0 -0.0001268295735989245
82.0 -0.00028873417422615365
83.0 -0.0002891261479034803
84.0 -7.167774647731525e-05
85.0 -0.0003888224189504526
86.0 -3.27290332788248e-05
87.0 -0.00027360634988467117
88.0 -0.00014943126497021528
89.0 -0.00010009180268065002
90.0 -0.00027363852529984587
91.0 2.8916573948931576e-05
92.0 -0.00033406284217602265
93.0 7.819874944281991e-05
94.0 -0.0003236797760468252
95.0 8.698750346924814e-05
96.0 -0.0003002942549185025
97.0 6.932745464539496e-05
98.0 -0.000262695041300456
99.0 7.375434683576512e-05
100.0 -0.00025100970055014704
101.0 8.036123478837888e-05
102.0 -0.0002567726757434841
103.0 0.00011301894061651344
104.0 -0.0002808131516205076
105.0 0.00016014000744562975
106.0 -0.00030933354288038736
107.0 0.00018800955146512158
108.0 -0.00031316236024447343
109.0 0.00018869756224910877
110.0 -0.0002474567546727022
111.0 0.0001008834320976921
112.0 -0.0001165872151859755
113.0 -6.664095952226286e-05
114.0 7.962380760302675e-05
115.0 -0.0002576501040118675
116.0 0.00022444157636724156
117.0 -0.00031427665125260506
118.0 0.00020436161401685347
119.0 -0.00015672812463142518
120.0 -4.6001792774884363e-05
121.0 0.00012878787760316063
122.0 -0.00030754546546673286
123.0 0.0002683205592629618
124.0 -0.0002442562016046643
125.0 4.264320741836828e-05
126.0 0.00010604152778718267
127.0 -0.0003135642313923244
128.0 0.00028258055737210013
129.0 -0.0002080170713932715
130.0 -2.8841117109638573e-05
131.0 0.00020144057107712244
132.0 -0.0003514028201300357
133.0 0.00023339160167379757
134.0 -2.682013860803984e-05
135.0 -0.0002517308075447834
136.0 0.0003171833755829259
137.0 -0.00023396614709455526
138.0 -6.192007178633406e-05
139.0 0.00026805325466802753
140.0 -0.00033749664213179187
141.0 0.00011349744530185632
142.0 0.0001719122394483645
143.0 -0.00037088629915160807
144.0 0.00022266484693082755
145.0 9.30578046398588e-05
146.0 -0.00036686801731668017
147.0 0.0002791208881938348
148.0 4.586384316058272e-05
149.0 -0.0003640820345881469
150.0 0.00030134404222688306
151.0 4.2578288640059145e-05
152.0 -0.0003720969292290597
153.0 0.00029359919980267746
154.0 7.776474097394553e-05
155.0 -0.0003918741724395656
156.0 0.0002541136789720926
157.0 0.0001555195984945993
158.0 -0.00040257568817755456
159.0 0.00015748942607255687
160.0 0.00025838834990832884
161.0 -0.00036345098159922044
162.0 -9.48890831176712e-06
163.0 0.00035635224083622465
164.0 -0.0002454621084991503
165.0 -0.00022673118626625075
166.0 0.00039563703222399307
167.0 -3.524339752554478e-05
168.0 -0.0003989709862429157
169.0 0.00028297864273659195
170.0 0.00021269915888559858
171.0 -0.00039497926803527415
172.0 -1.9774424053645524e-05
173.0 0.00039730782147204475
174.0 -0.00016492736062485576
175.0 -0.0003633678487487183
176.0 0.0003494075080090418
177.0 0.00018701565065519618
178.0 -0.0004153375491017355
179.0 -4.126727879733896e-05
180.0 0.00041863615449132984
181.0 -9.406685916731607e-05
182.0 -0.000421951217142974
183.0 0.0002637321559366365
184.0 0.00030739864995024154
185.0 -0.00031668177193087027
186.0 -0.0002757163979602139
187.0 0.00041140837417372666
188.0 0.0001615072517639215
189.0 -0.00042951659172267483
190.0 -9.90115778137481e-05
191.0 0.00044766488752988077
192.0 3.474807533622006e-05
193.0 -0.00046867659265481884
194.0 3.5786853162800436e-05
195.0 0.00044167730864567176
196.0 -4.5747966707074376e-05
197.0 -0.00047698949450570183
198.0 0.00010540879931924533
199.0 0.00043755069968472307
200.0 -7.154479982685746e-05
201.0 -0.0004817729319111263
202.0 0.00010418596889185607
203.0 0.00044280172038013515
204.0 -4.5022785732966995e-05
205.0 -0.0004883051314015834
206.0 4.395272001999573e-05
207.0 0.00046541907145343416
208.0 3.232117286255906e-05
209.0 -0.0004837499330216278
210.0 -8.84390097931604e-05
211.0 0.00047570367502177113
212.0 0.00015775234518315522
213.0 -0.00042713454214583226
214.0 -0.0002788813789186998
215.0 0.00042151940628098496
216.0 0.00030818523449651427
217.0 -0.0002791940793606412
218.0 -0.0004546144591837814
219.0 0.0002455063210716206
220.0 0.0004443399757385556
221.0 -4.7890259532713155e-05
222.0 -0.0005095121813167793
223.0 -7.85371941281124e-05
224.0 0.00048581919043782124
225.0 0.000217066186567891
226.0 -0.00036225608337678647
227.0 -0.0004220225655631604
228.0 0.00029716521602971604
229.0 0.0004448446325359308
230.0 -4.2174963172333136e-05
231.0 -0.0005181042508681668
232.0 -0.0001618297875597383
233.0 0.0004771313116375817
234.0 0.0003126422035717406
235.0 -0.0002496628924883212
236.0 -0.000520473418690466
237.0 8.695215883524855e-05
238.0 0.0005100812027135176
239.0 0.00018097581908427962
240.0 -0.00038340541889411657
241.0 -0.00045925935878326146
242.0 0.0002445271499622316
243.0 0.0004919800425886036
244.0 8.888670466051e-05
245.0 -0.00044941770409833435
246.0 -0.00039837006243271394
247.0 0.0003209813801804774
248.0 0.0004775198577550271
249.0 5.216569595885202e-05
250.0 -0.00047248805063357174
251.0 -0.00039037739768888846
252.0 0.0003297328063021677
253.0 0.0004822215906285203
254.0 6.903055177144937e-05
255.0 -0.0004542875835357763
256.0 -0.00042853164734649787
257.0 0.00027855690315556965
258.0 0.0005047239773117797
259.0 0.0001407297464245015
260.0 -0.00039093353222256397
261.0 -0.0005047738711189227
262.0 0.00014823382283468207
263.0 0.0005288514909953694
264.0 0.0002511857696138127
265.0 -0.0002687942171212612
266.0 -0.0005639790345434292
267.0 -7.641455477461156e-05
268.0 0.0005039002787685942
269.0 0.0003842033905957604
270.0 -8.001484965199368e-05
271.0 -0.0005305615797871603
272.0 -0.0003534657962939336
273.0 0.0003488046672495452
274.0 0.000504970803471673
275.0 0.00015253483699839918
276.0 -0.0003606752067156522
277.0 -0.0005551141750019663
278.0 2.2439645419519994e-06
279.0 0.0005231473172289876
280.0 0.00037640984882097474
281.0 -7.141458946865075e-05
282.0 -0.0005209790932667035
283.0 -0.00041395596094479767
284.0 0.000272809108404085
285.0 0.0005287415193915856
286.0 0.0002502250814400569
287.0 -0.00022954408736681093
288.0 -0.0005795891619192746
289.0 -0.0002549513512558298
290.0 0.0004174314834869004
291.0 0.0004968453770941215
292.0 0.00015624041293228776
293.0 -0.0003301005975709773
294.0 -0.0005821433769227606
295.0 -0.00013897686508165404
296.0 0.0004751386595137333
297.0 0.00046869481922908065
298.0 0.00011421324189654407
299.0 -0.00036668510924903235
