10.0 -0.07098213996888521
11.0 -0.08487582292532249
12.0 -0.09317281456271823
13.0 -0.09732535047989416
14.0 -0.09845871026504147
15.0 -0.09743237314261122
16.0 -0.09489578918308626
17.0 -0.09133435501770033
18.0 -0.08710741280402215
19.0 -0.08247952921795833
20.0 -0.07764483150894327
21.0 -0.07274491609099507
22.0 -0.06788189080810525
23.0 -0.0631281361900461
24.0 -0.05853383423506188
25.0 -0.05413277851059148
26.0 -0.04994670409117834
27.0 -0.04598838725045159
28.0 -0.04226386925629344
29.0 -0.038774137717866024
30.0 -0.03551644648453575
31.0 -0.03248533067258669
32.0 -0.029673358597609854
33.0 -0.027071693184407195
34.0 -0.024670536097871607
35.0 -0.02245949194438427
36.0 -0.020427853205156454
37.0 -0.018564802460228486
38.0 -0.016859554008360724
39.0 -0.015301472669410019
40.0 -0.013880187212097049
41.0 -0.01258568338569693
42.0 -0.011408357499201154
43.0 -0.010339037587752934
44.0 -0.00936899880433864
45.0 -0.008489988459903126
46.0 -0.007694251119693984
47.0 -0.00697453670387126
48.0 -0.006324089611559961
49.0 -0.0057366318476629995
50.0 -0.005206350451086149
51.0 -0.004727886540057256
52.0 -0.004296317694739173
53.0 -0.0039071318521107165
54.0 -0.0035561988816625993
55.0 -0.0032397459839715974
56.0 -0.0029543370449644493
57.0 -0.0026968521871967373
58.0 -0.0024644654341131507
59.0 -0.0022546220349451904
60.0 -0.0020650178909954898
61.0 -0.0018935812284433644
62.0 -0.0017384543059796725
63.0 -0.0015979731419374541
64.0 -0.0014706456424036294
65.0 -0.0013551307387378619
66.0 -0.0012502212937142996
67.0 -0.0011548316736450165
68.0 -0.0010679886435254436
69.0 -0.0009888232800363776
70.0 -0.0009165623022677308
71.0 -0.0008505186416239921
72.0 -0.0007900819486001885
73.0 -0.0007347096097850181
74.0 -0.0006839182899853767
75.0 -0.0006372758472012401
76.0 -0.0005943938920794457
77.0 -0.0005549217295334409
78.0 -0.000518542298533109
79.0 -0.00048496999057555656
80.0 -0.00045394945610603547
81.0 -0.00042525428287255277
82.0 -0.0003986848165393537
83.0 -0.0003740649952276119
84.0 -0.0003512384854503421
85.0 -0.0003300645596820369
86.0 -0.00031041420431892556
87.0 -0.00029216699077350144
88.0 -0.0002752091917691272
89.0 -0.00025943334690346276
90.0 -0.00024473901509794254
91.0 -0.00023103403424873796
92.0 -0.00021823549221220757
93.0 -0.00020626986077352293
94.0 -0.0001950721918246148
95.0 -0.00018458467122562595
96.0 -0.00017475500373499307
97.0 -0.00016553505062513515
98.0 -0.00015687995646234372
99.0 -0.0001487477960252261
100.0 -0.0001410996189119602
101.0 -0.0001338996933976212
102.0 -0.00012711574763631136
103.0 -0.00012071905457683572
104.0 -0.00011468427960501312
105.0 -0.00010898908298506863
106.0 -0.0001036135304917303
107.0 -9.85394132040356e-05
108.0 -9.374960837790114e-05
109.0 -8.922761574272581e-05
110.0 -8.495736304388327e-05
111.0 -8.092329144267209e-05
112.0 -7.711063192441418e-05
113.0 -7.350571255615484e-05
114.0 -7.009613055967108e-05
115.0 -6.687068864771119e-05
116.0 -6.38191010153465e-05
117.0 -6.093157059675103e-05
118.0 -5.8198384430018005e-05
119.0 -5.5609656423286064e-05
120.0 -5.3155285343647306e-05
121.0 -5.082512415141021e-05
122.0 -4.860930297719113e-05
123.0 -4.649862264768434e-05
124.0 -4.448493330724503e-05
125.0 -4.256142240465618e-05
126.0 -4.072275166514884e-05
127.0 -3.8965004493383886e-05
128.0 -3.728543706847906e-05
129.0 -3.5682067383892074e-05
130.0 -3.415317794052087e-05
131.0 -3.26968356265214e-05
132.0 -3.1310533829543046e-05
133.0 -2.9991032662509102e-05
134.0 -2.8734420478856153e-05
135.0 -2.7536360087397303e-05
136.0 -2.639243578297724e-05
137.0 -2.529849747084721e-05
138.0 -2.42509106470471e-05
139.0 -2.3246659245627293e-05
140.0 -2.22832976317941e-05
141.0 -2.1358791531938786e-05
142.0 -2.0471312894542555e-05
143.0 -1.9619056018896163e-05
144.0 -1.880012540645473e-05
145.0 -1.8012518563592575e-05
146.0 -1.725419931708859e-05
147.0 -1.6523236422777867e-05
148.0 -1.5817971424156404e-05
149.0 -1.5137178081913991e-05
150.0 -1.4480180413396001e-05
151.0 -1.3846904553264397e-05
152.0 -1.3237849564279736e-05
153.0 -1.2653973565112871e-05
154.0 -1.2096504100588167e-05
155.0 -1.1566694854056052e-05
156.0 -1.1065562522311943e-05
157.0 -1.0593644787644586e-05
158.0 -1.0150819747946564e-05
159.0 -9.736217420833654e-06
160.0 -9.348236240360662e-06
161.0 -8.984655845449622e-06
162.0 -8.642817688580963e-06
163.0 -8.319832696024109e-06
164.0 -8.012773911702888e-06
165.0 -7.718821920049322e-06
166.0 -7.435348603031371e-06
167.0 -7.159944857292902e-06
168.0 -6.890414221849455e-06
169.0 -6.624762320457572e-06
170.0 -6.361209723175621e-06
171.0 -6.098244527506837e-06
172.0 -5.834714447942716e-06
173.0 -5.569941587388576e-06
174.0 -5.303831244247913e-06
175.0 -5.03694244310617e-06
176.0 -4.770493328097335e-06
177.0 -4.5062875235301614e-06
178.0 -4.24656440710516e-06
179.0 -3.993792375626756e-06
180.0 -3.75043542739796e-06
181.0 -3.518727156165117e-06
182.0 -3.300482231028583e-06
183.0 -3.096965495463029e-06
184.0 -2.9088262320179493e-06
185.0 -2.736093415487292e-06
186.0 -2.5782195424923422e-06
187.0 -2.434156972434168e-06
188.0 -2.302451198313324e-06
189.0 -2.181338643938998e-06
190.0 -2.0688407930395743e-06
191.0 -1.962850446495666e-06
192.0 -1.8612091057992338e-06
193.0 -1.7617768560796166e-06
194.0 -1.6624977933978833e-06
195.0 -1.5614649541688259e-06
196.0 -1.4569885307461658e-06
197.0 -1.3476694870900847e-06
198.0 -1.2324773941380621e-06
199.0 -1.1108268544174695e-06
200.0 -9.826424087914712e-07
201.0 -8.483988443140262e-07
202.0 -7.091237705505554e-07
203.0 -5.663529491095011e-07
204.0 -4.220358446542981e-07
205.0 -2.7839782099234456e-07
206.0 -1.3777418684802714e-07
207.0 -2.4376110126139288e-09
208.0 1.2555748815669555e-07
209.0 2.444928274684118e-07
210.0 3.530529005670013e-07
211.0 4.5033680037523256e-07
212.0 5.358219673226959e-07
213.0 6.092949524291377e-07
214.0 6.707688649276508e-07
215.0 7.20407194039686e-07
216.0 7.584694775046528e-07
217.0 7.852871204056422e-07
218.0 8.012694057999059e-07
219.0 8.069323278910733e-07
220.0 8.02937888393339e-07
221.0 7.90129806294455e-07
222.0 7.695532623551633e-07
223.0 7.424506558648269e-07
224.0 7.10231198779938e-07
225.0 6.744181046109511e-07
226.0 6.365818377432017e-07
227.0 5.982704197131635e-07
228.0 5.609477139289466e-07
229.0 5.259480837094178e-07
230.0 4.944515273128884e-07
231.0 4.674783991854146e-07
232.0 4.4589833629038554e-07
233.0 4.3044510257814267e-07
234.0 4.2172844529505914e-07
235.0 4.202358702877781e-07
236.0 4.2632102669008556e-07
237.0 4.401801729928891e-07
238.0 4.618227266796351e-07
239.0 4.910449692945326e-07
240.0 5.274167332215174e-07
241.0 5.702890650477933e-07
242.0 6.188268338937093e-07
243.0 6.720649816543466e-07
244.0 7.289818584317606e-07
245.0 7.885790955231244e-07
246.0 8.499556559811116e-07
247.0 9.123644390156157e-07
248.0 9.75242860757878e-07
249.0 1.0382134402848302e-06
250.0 1.1010555414995312e-06
251.0 1.1636539905819088e-06
252.0 1.2259334625819028e-06
253.0 1.287788857180911e-06
254.0 1.3490213525987247e-06
255.0 1.4092878106975793e-06
256.0 1.4680683216294212e-06
257.0 1.5246536103983677e-06
258.0 1.5781513786120027e-06
259.0 1.6275088186933743e-06
260.0 1.671547659994233e-06
261.0 1.7090080944571047e-06
262.0 1.7385985174442633e-06
263.0 1.7590488569765902e-06
264.0 1.7691660117740047e-06
265.0 1.7678903238969056e-06
266.0 1.754351962223722e-06
267.0 1.7279256263152735e-06
268.0 1.6882812635794011e-06
269.0 1.6354277734899564e-06
270.0 1.5697462122673017e-06
271.0 1.4920090201028505e-06
272.0 1.4033823762883592e-06
273.0 1.3054099207438743e-06
274.0 1.1999776108956158e-06
275.0 1.0892611660629164e-06
276.0 9.756591049584353e-07
277.0 8.617155496373103e-07
278.0 7.500375763302589e-07
279.0 6.432118827257639e-07
280.0 5.437249770103336e-07
281.0 4.5389014167851456e-07
282.0 3.757833048163957e-07
283.0 3.1118888550504895e-07
284.0 2.615558425231726e-07
285.0 2.2796364153922995e-07
286.0 2.110976718387723e-07
287.0 2.1123372003520006e-07
288.0 2.2823133110865089e-07
289.0 2.6153613221316886e-07
290.0 3.101913596192301e-07
291.0 3.7285885336200705e-07
292.0 4.478496522051279e-07
293.0 5.331640569920396e-07
294.0 6.265406778605866e-07
295.0 7.255135904731286e-07
296.0 8.274763403160558e-07
297.0 9.297511812944712e-07
298.0 1.0296616323496652e-06
299.0 1.1246061936799251e-06
