10.0 -0.39195568702112443
11.0 -0.3523240207846361
12.0 -0.31774755488608925
13.0 -0.28732011944583474
14.0 -0.26034951163613357
15.0 -0.23629345109917133
16.0 -0.2147196825115461
17.0 -0.19528269980333987
18.0 -0.17770556453922973
19.0 -0.1617628447012998
20.0 -0.1472672924153506
21.0 -0.13406136070583066
22.0 -0.1220118206544042
23.0 -0.11100555862755193
24.0 -0.10094566956838895
25.0 -0.09174790540129106
26.0 -0.0833379071391909
27.0 -0.07564937538895705
28.0 -0.068622867141709
29.0 -0.0622048001080436
30.0 -0.056346522986010505
31.0 -0.05100354401915271
32.0 -0.046134977649337834
33.0 -0.04170314108598505
34.0 -0.03767320023250699
35.0 -0.03401283181636418
36.0 -0.03069194443691751
37.0 -0.027682502572306898
38.0 -0.024958424737401095
39.0 -0.02249547665198927
40.0 -0.02027112413813179
41.0 -0.01826439128527398
42.0 -0.01645578058747746
43.0 -0.01482724432812918
44.0 -0.013362143670725149
45.0 -0.012045158710492514
46.0 -0.01086217711891795
47.0 -0.009800209172261981
48.0 -0.008847338207664212
49.0 -0.007992676023357832
50.0 -0.0072262986924833865
51.0 -0.006539171355863941
52.0 -0.005923084851736018
53.0 -0.005370610174561388
54.0 -0.004875055982408532
55.0 -0.0044304145404749735
56.0 -0.004031297246137767
57.0 -0.003672871144523053
58.0 -0.003350803649267849
59.0 -0.003061213285398037
60.0 -0.0028006216377040307
61.0 -0.0025659069186597027
62.0 -0.0023542648137444963
63.0 -0.002163181148202656
64.0 -0.001990414562946383
65.0 -0.0018339817963377843
66.0 -0.001692138014665207
67.0 -0.001563349618772724
68.0 -0.0014462628907806435
69.0 -0.0013396745078906739
70.0 -0.0012425082740634944
71.0 -0.0011537987223757108
72.0 -0.0010726797152446651
73.0 -0.0009983760932409929
74.0 -0.0009301975415736785
75.0 -0.0008675341916009577
76.0 -0.0008098525579574515
77.0 -0.0007566895388162268
78.0 -0.0007076428585183666
79.0 -0.0006623584712324094
80.0 -0.0006205175313819395
81.0 -0.000581826058277152
82.0 -0.0005460092236516294
83.0 -0.0005128103457752159
84.0 -0.00048199330823451875
85.0 -0.00045334654550391757
86.0 -0.0004266866227621048
87.0 -0.0004018595377146049
88.0 -0.00037873835379588033
89.0 -0.0003572168664467143
90.0 -0.0003372004953515994
91.0 -0.0003185967997695793
92.0 -0.00030130826054270587
93.0 -0.00028522912491563157
94.0 -0.00027024664845532614
95.0 -0.0002562457154849999
96.0 -0.00024311508275264558
97.0 -0.0002307534606876609
98.0 -0.00021907410438887638
99.0 -0.00020800723368220438
100.0 -0.00019750021146000768
101.0 -0.0001875158586565338
102.0 -0.00017802952761775874
103.0 -0.00016902560477341586
104.0 -0.00016049402079956353
105.0 -0.00015242717870893397
106.0 -0.0001448175198529749
107.0 -0.0001376557653899971
108.0 -0.0001309297238592406
109.0 -0.00012462348339100708
110.0 -0.0001187168451241947
111.0 -0.00011318499517662365
112.0 -0.0001079985837045107
113.0 -0.00010312447017825174
114.0 -9.852731964396889e-05
115.0 -9.417199707443913e-05
116.0 -9.002640233999648e-05
117.0 -8.60641580749914e-05
118.0 -8.226651651071425e-05
119.0 -7.862301295241312e-05
120.0 -7.513069765573057e-05
121.0 -7.179211287195387e-05
122.0 -6.861244682843347e-05
123.0 -6.559643783767263e-05
124.0 -6.274561596476198e-05
125.0 -6.005638114130979e-05
126.0 -5.751925378881071e-05
127.0 -5.511941995975498e-05
128.0 -5.2838451556249035e-05
129.0 -5.0656848467554005e-05
130.0 -4.8556871551268364e-05
131.0 -4.6525062410812405e-05
132.0 -4.455390821347411e-05
133.0 -4.264230217608923e-05
134.0 -4.079472822658602e-05
135.0 -3.901938932726313e-05
136.0 -3.7325725747641616e-05
137.0 -3.572187513217151e-05
138.0 -3.421259129125337e-05
139.0 -3.279798565635726e-05
140.0 -3.147323758421594e-05
141.0 -3.0229201279470953e-05
142.0 -2.90536718492232e-05
143.0 -2.793299012611505e-05
144.0 -2.68536666016109e-05
145.0 -2.5803768657306913e-05
146.0 -2.4773911893619014e-05
147.0 -2.3757796850909848e-05
148.0 -2.27523166057583e-05
149.0 -2.1757318885979473e-05
150.0 -2.0775136907254112e-05
151.0 -1.9810008819898074e-05
152.0 -1.886749053800505e-05
153.0 -1.79539353278962e-05
154.0 -1.7076071654444243e-05
155.0 -1.624066665061189e-05
156.0 -1.5454226767731388e-05
157.0 -1.4722670510102994e-05
158.0 -1.4050918026111768e-05
159.0 -1.3442378928259844e-05
160.0 -1.2898374255225385e-05
161.0 -1.2417584584366744e-05
162.0 -1.1995654597293647e-05
163.0 -1.1625088957272505e-05
164.0 -1.1295538508267756e-05
165.0 -1.0994505161156187e-05
166.0 -1.0708405242440106e-05
167.0 -1.0423847806012926e-05
168.0 -1.0128929179002856e-05
169.0 -9.814333301332712e-06
170.0 -9.47406303079216e-06
171.0 -9.10570183396299e-06
172.0 -8.710199678918865e-06
173.0 -8.291268451800929e-06
174.0 -7.854539401979915e-06
175.0 -7.40666356779855e-06
176.0 -6.954521775737559e-06
177.0 -6.504660429678137e-06
178.0 -6.062998235636923e-06
179.0 -5.63477663327524e-06
180.0 -5.2246711216716496e-06
181.0 -4.836953944447958e-06
182.0 -4.475604041789957e-06
183.0 -4.1442922991349505e-06
184.0 -3.846217183587871e-06
185.0 -3.5838139347203133e-06
186.0 -3.3583975992008783e-06
187.0 -3.1698192193153454e-06
188.0 -3.0162139457656785e-06
189.0 -2.893902984307532e-06
190.0 -2.7974839786581404e-06
191.0 -2.7201130611119314e-06
192.0 -2.6539518530862107e-06
193.0 -2.590728277222367e-06
194.0 -2.5223440497845456e-06
195.0 -2.4414561244823183e-06
196.0 -2.3419651408829293e-06
197.0 -2.2193606417621998e-06
198.0 -2.0708980216944796e-06
199.0 -1.895611253637838e-06
200.0 -1.6941922498997228e-06
201.0 -1.4687859332580354e-06
202.0 -1.2227550908574804e-06
203.0 -9.604595308290721e-07
204.0 -6.870727066687781e-07
205.0 -4.0843215119636885e-07
206.0 -1.30896021406152e-07
207.0 1.3883541853612807e-07
208.0 3.9397250502639996e-07
209.0 6.279841141356237e-07
210.0 8.350319691725929e-07
211.0 1.0104486731008488e-06
212.0 1.1511886905785643e-06
213.0 1.256167554684246e-06
214.0 1.326410017619245e-06
215.0 1.364953159317315e-06
216.0 1.376491116762091e-06
217.0 1.3667957192527646e-06
218.0 1.3419916507574321e-06
219.0 1.3077960793453538e-06
220.0 1.268844001235832e-06
221.0 1.2282090923466907e-06
222.0 1.187197626398966e-06
223.0 1.1454461871227334e-06
224.0 1.1013014541914239e-06
225.0 1.0524121735862168e-06
226.0 9.964283734637129e-07
227.0 9.316870750655327e-07
228.0 8.577695060362904e-07
229.0 7.758403851299956e-07
230.0 6.887198315019319e-07
231.0 6.006850043398591e-07
232.0 5.170429721120905e-07
233.0 4.4355066371749963e-07
234.0 3.8577654922817885e-07
235.0 3.484997755939495e-07
236.0 3.352272944209699e-07
237.0 3.4788260635491236e-07
238.0 3.866875484028667e-07
239.0 4.5022785569532657e-07
240.0 5.35669634295629e-07
241.0 6.390806452174185e-07
242.0 7.558078567109428e-07
243.0 8.808689396442959e-07
244.0 1.0093264520405596e-06
245.0 1.136625133126826e-06
246.0 1.258881536964391e-06
247.0 1.373119369507362e-06
248.0 1.4774435106566702e-06
249.0 1.5711426554725289e-06
250.0 1.6547075872143064e-06
251.0 1.7297520677442601e-06
252.0 1.7988280537908e-06
253.0 1.8651367844980064e-06
254.0 1.9321509791818487e-06
255.0 2.003178370179533e-06
256.0 2.0809098506487555e-06
257.0 2.167003551823155e-06
258.0 2.2617569565086384e-06
259.0 2.363911862685095e-06
260.0 2.4706223565835234e-06
261.0 2.577596077377538e-06
262.0 2.6793970752681065e-06
263.0 2.7698779737902707e-06
264.0 2.842693157184606e-06
265.0 2.8918356802488674e-06
266.0 2.912139677646964e-06
267.0 2.899697002587239e-06
268.0 2.8521501713500243e-06
269.0 2.7688410330421417e-06
270.0 2.650813079419663e-06
271.0 2.500682185068025e-06
272.0 2.3224035810740474e-06
273.0 2.120970628188693e-06
274.0 1.9020830700986698e-06
275.0 1.6718194487957848e-06
276.0 1.4363414965932355e-06
277.0 1.2016492179174847e-06
278.0 9.733957160271122e-07
279.0 7.567620354345027e-07
280.0 5.563853679182028e-07
281.0 3.7632939205375705e-07
282.0 2.2008330833479227e-07
283.0 9.057599112319906e-08
284.0 -9.806871252659863e-09
285.0 -7.921224287673168e-08
286.0 -1.1632223523239022e-07
287.0 -1.2037259365106652e-07
288.0 -9.118666265561832e-08
289.0 -2.9221058128335066e-08
290.0 6.438353938300009e-08
291.0 1.877551818296688e-07
292.0 3.382569517730205e-07
293.0 5.124767529649505e-07
294.0 7.062494540014099e-07
295.0 9.147179509968464e-07
296.0 1.1324364605648863e-06
297.0 1.353515483721768e-06
298.0 1.5718038320933355e-06
299.0 1.781099342895648e-06
