10.0 0.052027313930789534
11.0 0.0281319920552703
12.0 0.010018060503580202
13.0 -0.0036677752549880587
14.0 -0.01369672678776973
15.0 -0.02091047463134075
16.0 -0.025941746312594778
17.0 -0.02918807285456748
18.0 -0.03112995196353854
19.0 -0.03204260014022412
20.0 -0.03220569939395451
21.0 -0.03179096226154251
22.0 -0.0309682687905064
23.0 -0.029839457371969868
24.0 -0.02850840410193178
25.0 -0.027047608512623143
26.0 -0.025511981093272393
27.0 -0.023944447581380295
28.0 -0.02237687972498543
29.0 -0.020836078137144703
30.0 -0.019338818490864745
31.0 -0.01789566068136302
32.0 -0.01652169491651127
33.0 -0.015216958218442272
34.0 -0.013988145611120216
35.0 -0.012834219957881745
36.0 -0.011759616714210419
37.0 -0.010754269234630227
38.0 -0.009829213624816193
39.0 -0.008972234007700015
40.0 -0.00817925855646332
41.0 -0.007451252496292317
42.0 -0.006787206536590667
43.0 -0.006177945739944333
44.0 -0.005620331505108841
45.0 -0.005111019112941685
46.0 -0.004646747703667598
47.0 -0.004224520113030978
48.0 -0.003841233403623203
49.0 -0.0034936178691754426
50.0 -0.00317870188817874
51.0 -0.002893308241597808
52.0 -0.0026352959881209086
53.0 -0.0024020131479319433
54.0 -0.0021909981395109228
55.0 -0.001999926269404897
56.0 -0.0018268989897419457
57.0 -0.0016702061905128555
58.0 -0.0015281576705518077
59.0 -0.0013992076470919462
60.0 -0.0012820067071081479
61.0 -0.0011761124978354848
62.0 -0.001081394809924148
63.0 -0.0009949607378228016
64.0 -0.0009159518409765
65.0 -0.0008436201079614187
66.0 -0.0007784786903709343
67.0 -0.0007197584770993235
68.0 -0.0006656146781350795
69.0 -0.0006156266117122411
70.0 -0.0005707438823055162
71.0 -0.0005298857185593137
72.0 -0.000491896596665948
73.0 -0.00045699669686744666
74.0 -0.00042570936605062143
75.0 -0.0003963975526369605
76.0 -0.00036925943679591984
77.0 -0.00034501424576265473
78.0 -0.0003221367325968338
79.0 -0.0003010865927889564
80.0 -0.0002818887059648874
81.0 -0.0002636274375089663
82.0 -0.0002472595571921133
83.0 -0.0002319857387782716
84.0 -0.00021754337303391512
85.0 -0.00020451627145926324
86.0 -0.00019198340174017437
87.0 -0.00018078481925840916
88.0 -0.00017016693329944242
89.0 -0.0001602015334202351
90.0 -0.0001510793980528438
91.0 -0.0001423140553484743
92.0 -0.00013442519636314016
93.0 -0.000126693270899563
94.0 -0.00011989989425869516
95.0 -0.00011323795657344453
96.0 -0.00010717137097064356
97.0 -0.00010129590699112501
98.0 -9.594951855027958e-05
99.0 -9.081022985059241e-05
100.0 -8.612931925798053e-05
101.0 -8.160173505409645e-05
102.0 -7.740365365345713e-05
103.0 -7.336605458336521e-05
104.0 -6.973377383372016e-05
105.0 -6.618416709830926e-05
106.0 -6.294815922776149e-05
107.0 -5.974782577125574e-05
108.0 -5.690084146342187e-05
109.0 -5.4053857155588e-05
110.0 -5.154648210101114e-05
111.0 -4.9063881048525424e-05
112.0 -4.676650087888454e-05
113.0 -4.453808279504848e-05
114.0 -4.244618018263814e-05
115.0 -4.0501659994918876e-05
116.0 -3.859761986531474e-05
117.0 -3.6868852973373906e-05
118.0 -3.5140086081433064e-05
119.0 -3.3593166994440616e-05
120.0 -3.2078829041512415e-05
121.0 -3.063776995509651e-05
122.0 -2.928230968673602e-05
123.0 -2.7931744501136048e-05
124.0 -2.6763240933366656e-05
125.0 -2.5594737365597257e-05
126.0 -2.4485247326027704e-05
127.0 -2.3425635539561465e-05
128.0 -2.23670983790207e-05
129.0 -2.145028899728131e-05
130.0 -2.053347961554192e-05
131.0 -1.9655874878966304e-05
132.0 -1.8831988366863213e-05
133.0 -1.8008101854760118e-05
134.0 -1.7268721440852504e-05
135.0 -1.6552616142323523e-05
136.0 -1.5843306592445974e-05
137.0 -1.5200343857763042e-05
138.0 -1.455738112308011e-05
139.0 -1.3943905267060046e-05
140.0 -1.338582003350374e-05
141.0 -1.2827734799947438e-05
142.0 -1.230055141669571e-05
143.0 -1.1799017785245434e-05
144.0 -1.1297484153795157e-05
145.0 -1.0834471299891629e-05
146.0 -1.0388855305372405e-05
147.0 -9.943239310853179e-06
148.0 -9.536065953436278e-06
149.0 -9.140142763555728e-06
150.0 -8.744219573675177e-06
151.0 -8.387251115490023e-06
152.0 -8.040055775854234e-06
153.0 -7.692860436218444e-06
154.0 -7.377562064235111e-06
155.0 -7.072052226076554e-06
156.0 -6.7665423879179974e-06
157.0 -6.4880568738703555e-06
158.0 -6.222904012345262e-06
159.0 -5.957751150820169e-06
160.0 -5.708516549375458e-06
161.0 -5.474481482500284e-06
162.0 -5.240446415625111e-06
163.0 -5.012508918065178e-06
164.0 -4.799524097013379e-06
165.0 -4.58653927596158e-06
166.0 -4.3736180373930555e-06
167.0 -4.184182776692389e-06
168.0 -3.994747515991723e-06
169.0 -3.8053122552910565e-06
170.0 -3.6277020727713322e-06
171.0 -3.4564779734883817e-06
172.0 -3.285253874205432e-06
173.0 -3.119370517913642e-06
174.0 -2.971548126779622e-06
175.0 -2.823725735645602e-06
176.0 -2.675903344511582e-06
177.0 -2.542230445583429e-06
178.0 -2.413580859062826e-06
179.0 -2.2849312725422233e-06
180.0 -2.1602209476664256e-06
181.0 -2.0537933446749867e-06
182.0 -1.9473657416835474e-06
183.0 -1.8409381386921082e-06
184.0 -1.7401773632325953e-06
185.0 -1.6441550969854134e-06
186.0 -1.548132830738231e-06
187.0 -1.4521105644910492e-06
188.0 -1.3689754307038458e-06
189.0 -1.2883212923644926e-06
190.0 -1.2076671540251397e-06
191.0 -1.1272255047332586e-06
192.0 -1.0502572338160494e-06
193.0 -9.7328896289884e-07
194.0 -8.963206919816307e-07
195.0 -8.210704053394274e-07
196.0 -7.526767269327981e-07
197.0 -6.84283048526169e-07
198.0 -6.158893701195397e-07
199.0 -5.496902600044405e-07
200.0 -4.895735072909885e-07
201.0 -4.2945675457753646e-07
202.0 -3.6934000186408436e-07
203.0 -3.1165063812699094e-07
204.0 -2.612267043593855e-07
205.0 -2.1080277059178007e-07
206.0 -1.6037883682417465e-07
207.0 -1.1200023225952358e-07
208.0 -7.48045823086179e-08
209.0 -3.760893235771222e-08
210.0 -4.1328240680653713e-10
211.0 3.6782367544099144e-08
212.0 6.827358912559301e-08
213.0 9.962491591356334e-08
214.0 1.309762427015337e-07
215.0 1.6232756948950404e-07
216.0 1.9087858568071152e-07
217.0 2.1830293664666563e-07
218.0 2.457272876126197e-07
219.0 2.7315163857857384e-07
220.0 2.995668278879891e-07
221.0 3.2421884143618634e-07
222.0 3.488708549843836e-07
223.0 3.735228685325808e-07
224.0 3.9817488208077804e-07
225.0 4.154642994836728e-07
226.0 4.3217451286739445e-07
227.0 4.48884726251116e-07
228.0 4.6559493963483764e-07
229.0 4.812167931195765e-07
230.0 4.952094665312671e-07
231.0 5.09202139942958e-07
232.0 5.231948133546487e-07
233.0 5.371874867663396e-07
234.0 5.503749408724267e-07
235.0 5.63338550110756e-07
236.0 5.763021593490852e-07
237.0 5.892657685874145e-07
238.0 6.020371083350323e-07
239.0 6.122991580236961e-07
240.0 6.2256120771236e-07
241.0 6.328232574010238e-07
242.0 6.430853070896875e-07
243.0 6.514244099494897e-07
244.0 6.544214930067584e-07
245.0 6.574185760640273e-07
246.0 6.604156591212962e-07
247.0 6.634127421785651e-07
248.0 6.659027903375126e-07
249.0 6.674957648638892e-07
250.0 6.69088739390266e-07
251.0 6.706817139166427e-07
252.0 6.722746884430194e-07
253.0 6.745953294868082e-07
254.0 6.782182294796219e-07
255.0 6.818411294724354e-07
256.0 6.85464029465249e-07
257.0 6.890869294580626e-07
258.0 6.92324960800798e-07
259.0 6.944372157854702e-07
260.0 6.965494707701425e-07
261.0 6.986617257548148e-07
262.0 7.007739807394871e-07
263.0 7.025586204127873e-07
264.0 6.978414306655313e-07
265.0 6.931242409182754e-07
266.0 6.884070511710196e-07
267.0 6.836898614237638e-07
268.0 6.789726716765079e-07
269.0 6.727486972005517e-07
270.0 6.65984208241335e-07
271.0 6.592197192821182e-07
272.0 6.524552303229014e-07
273.0 6.456907413636846e-07
274.0 6.399706477974558e-07
275.0 6.365039761921961e-07
276.0 6.330373045869364e-07
277.0 6.295706329816766e-07
278.0 6.261039613764168e-07
279.0 6.22637289771157e-07
280.0 6.194739606018386e-07
281.0 6.163922793158369e-07
282.0 6.133105980298353e-07
283.0 6.102289167438336e-07
284.0 6.071472354578319e-07
285.0 6.040900583395286e-07
286.0 6.011745487197051e-07
287.0 5.982590390998815e-07
288.0 5.95343529480058e-07
289.0 5.924280198602345e-07
290.0 5.89512510240411e-07
291.0 5.862680051352318e-07
292.0 5.825154821962737e-07
293.0 5.787629592573157e-07
294.0 5.750104363183576e-07
295.0 5.712579133793996e-07
296.0 5.675053904404413e-07
297.0 5.619119446192621e-07
298.0 5.546355039046881e-07
299.0 5.473590631901143e-07
