10.0 -0.10013634398475295
11.0 -0.10291777300145141
12.0 -0.10220256669956872
13.0 -0.09975717078334193
14.0 -0.0960962125837934
15.0 -0.0918828622340333
16.0 -0.08747782669029527
17.0 -0.0829269710571434
18.0 -0.07849470755463396
19.0 -0.07419849772081266
20.0 -0.0700938871464658
21.0 -0.06620523453657964
22.0 -0.062531135161175
23.0 -0.059082666320066035
24.0 -0.05584721393327542
25.0 -0.052815802209162356
26.0 -0.04997780937265747
27.0 -0.047321785075545415
28.0 -0.04483476094303009
29.0 -0.04251544853930518
30.0 -0.04034228778191272
31.0 -0.03830198810298487
32.0 -0.03639743387094829
33.0 -0.03460792595017196
34.0 -0.03293094693284391
35.0 -0.03135470026692384
36.0 -0.02987775997781574
37.0 -0.028482524604588493
38.0 -0.027177830177691775
39.0 -0.02594707163895099
40.0 -0.024784196050587848
41.0 -0.023688942756476893
42.0 -0.022659311007159146
43.0 -0.02168554059316698
44.0 -0.0207644633520496
45.0 -0.019892909870679654
46.0 -0.019067897303567522
47.0 -0.01828683751093661
48.0 -0.01754712306924177
49.0 -0.016846089432524265
50.0 -0.01618149539920018
51.0 -0.015550631308916854
52.0 -0.01495196418071035
53.0 -0.014383276816937652
54.0 -0.013842657716800676
55.0 -0.013328202264574467
56.0 -0.012838325124250934
57.0 -0.012371538843601593
58.0 -0.011926306130950439
59.0 -0.011501210144231878
60.0 -0.011094990050780735
61.0 -0.010707795735726496
62.0 -0.010340427048748433
63.0 -0.009988562457785378
64.0 -0.00965119536791096
65.0 -0.009327401521068462
66.0 -0.009018986950299053
67.0 -0.008725270675127749
68.0 -0.008442601374929384
69.0 -0.008170276965022207
70.0 -0.007911287309751856
71.0 -0.007663516391880094
72.0 -0.007424106328570547
73.0 -0.007194021507656187
74.0 -0.0069757467424818856
75.0 -0.006764172970679679
76.0 -0.006560050877944822
77.0 -0.006366704985332115
78.0 -0.006178697916393618
79.0 -0.005997916064911177
80.0 -0.0058255884341376065
81.0 -0.00565742380679536
82.0 -0.0054974544345363285
83.0 -0.005342916056270081
84.0 -0.005192505062789677
85.0 -0.005050168159458464
86.0 -0.004910469282171679
87.0 -0.004777674416372053
88.0 -0.004648629758927879
89.0 -0.004523798935477987
90.0 -0.004404376187454128
91.0 -0.004287241643909456
92.0 -0.004176499116117326
93.0 -0.004066874393151508
94.0 -0.003963664109761936
95.0 -0.00386159563007742
96.0 -0.0037646989444805974
97.0 -0.003669396440853801
98.0 -0.0035785070573651078
99.0 -0.0034893836944079855
100.0 -0.0034041691009345444
101.0 -0.0033206325337809648
102.0 -0.0032407020932759063
103.0 -0.0031622042680583295
104.0 -0.003087324693025606
105.0 -0.0030134228784095877
106.0 -0.002943229902170747
107.0 -0.002873443227786006
108.0 -0.0028076809058147608
109.0 -0.0027419185838435155
110.0 -0.0026800386085899437
111.0 -0.0026184418448943012
112.0 -0.0025596793339229254
113.0 -0.002501972081821723
114.0 -0.0024460324206845912
115.0 -0.0023920010549181307
116.0 -0.0023386110513261
117.0 -0.0022879980601708447
118.0 -0.0022373850690155894
119.0 -0.0021895264835175504
120.0 -0.002142161396745056
121.0 -0.00209619280791748
122.0 -0.002051855502148597
123.0 -0.002007593103245475
124.0 -0.0019661166971098173
125.0 -0.0019246402909741593
126.0 -0.001884602568305891
127.0 -0.0018457808213691365
128.0 -0.0018069779004815365
129.0 -0.0017706578660263478
130.0 -0.001734337831571159
131.0 -0.0016990013218238533
132.0 -0.001665012438124727
133.0 -0.0016310235544256008
134.0 -0.0015987698532925723
135.0 -0.0015669940652958895
136.0 -0.0015354101826278337
137.0 -0.0015056998694554097
138.0 -0.0014759895562829854
139.0 -0.0014469497645358998
140.0 -0.0014191695363916428
141.0 -0.001391389308247386
142.0 -0.0013645926017105117
143.0 -0.0013386122568112768
144.0 -0.001312631911912042
145.0 -0.0012878196051003946
146.0 -0.00126353481085883
147.0 -0.0012392500166172652
148.0 -0.0012161943317708019
149.0 -0.001193498343543969
150.0 -0.001170802355317136
151.0 -0.0011492994874508966
152.0 -0.0011280959543822603
153.0 -0.0011068924213136241
154.0 -0.0010867578167133589
155.0 -0.0010669512446264949
156.0 -0.0010471446725396308
157.0 -0.0010282134395105194
158.0 -0.001009714061555693
159.0 -0.0009912146836008667
160.0 -0.000973343929886487
161.0 -0.0009560734173935517
162.0 -0.0009388029049006164
163.0 -0.0009218648340188512
164.0 -0.0009057419882887285
165.0 -0.0008896191425586059
166.0 -0.0008734991745241405
167.0 -0.0008584421642893222
168.0 -0.0008433851540545037
169.0 -0.0008283281438196855
170.0 -0.0008139258021837915
171.0 -0.0007998770115436086
172.0 -0.0007858282209034257
173.0 -0.0007719972355841226
174.0 -0.0007589028096383182
175.0 -0.0007458083836925137
176.0 -0.0007327139577467093
177.0 -0.0007202746655514163
178.0 -0.0007080679570735932
179.0 -0.0006958612485957699
180.0 -0.0006838013304972134
181.0 -0.0006724226892270116
182.0 -0.0006610440479568099
183.0 -0.0006496654066866082
184.0 -0.000638715082499508
185.0 -0.0006281229101059186
186.0 -0.0006175307377123292
187.0 -0.0006069385653187399
188.0 -0.0005969583043279451
189.0 -0.000587095846844605
190.0 -0.0005772333893612649
191.0 -0.0005674103489101027
192.0 -0.0005582316252780368
193.0 -0.0005490529016459706
194.0 -0.0005398741780139046
195.0 -0.0005308234470220216
196.0 -0.0005222835445653825
197.0 -0.0005137436421087432
198.0 -0.0005052037396521041
199.0 -0.0004968248874124047
200.0 -0.0004888923940227904
201.0 -0.00048095990063317615
202.0 -0.0004730274072435619
203.0 -0.00046523723116111213
204.0 -0.0004578730257157212
205.0 -0.00045050882027033036
206.0 -0.00044314461482493947
207.0 -0.0004358621695328219
208.0 -0.000429026752563552
209.0 -0.0004221913355942821
210.0 -0.0004153559186250122
211.0 -0.00040852050165574234
212.0 -0.0004021800406191221
213.0 -0.0003958517178290565
214.0 -0.00038952339503899085
215.0 -0.0003831950722489253
216.0 -0.0003771946968965744
217.0 -0.0003713262665414002
218.0 -0.00036545783618622613
219.0 -0.000359589405831052
220.0 -0.000353878162728032
221.0 -0.0003484415522878515
222.0 -0.0003430049418476711
223.0 -0.0003375683314074906
224.0 -0.0003321317209673101
225.0 -0.00032708391640014906
226.0 -0.00032206669858797043
227.0 -0.00031704948077579187
228.0 -0.00031203226296361324
229.0 -0.000307168272244987
230.0 -0.0003025336491534662
231.0 -0.0002978990260619454
232.0 -0.00029326440297042466
233.0 -0.00028862977987890385
234.0 -0.00028426865788579804
235.0 -0.00027998356712639503
236.0 -0.000275698476366992
237.0 -0.00027141338560758907
238.0 -0.000267152771658607
239.0 -0.0002632116021354508
240.0 -0.0002592704326122945
241.0 -0.00025532926308913825
242.0 -0.000251388093565982
243.0 -0.00024752952318808863
244.0 -0.00024390041639340187
245.0 -0.00024027130959871514
246.0 -0.0002366422028040284
247.0 -0.00023301309600934166
248.0 -0.00022949089056015213
249.0 -0.00022615782076740236
250.0 -0.0002228247509746526
251.0 -0.00021949168118190284
252.0 -0.0002161586113891531
253.0 -0.00021292239794121716
254.0 -0.00020985952219507924
255.0 -0.00020679664644894134
256.0 -0.00020373377070280344
257.0 -0.00020067089495666554
258.0 -0.00019767190031273773
259.0 -0.00019485976379451204
260.0 -0.00019204762727628637
261.0 -0.0001892354907580607
262.0 -0.000186423354239835
263.0 -0.00018362304222856453
264.0 -0.0001810573985143367
265.0 -0.00017849175480010889
266.0 -0.00017592611108588105
267.0 -0.00017336046737165324
268.0 -0.00017079482365742543
269.0 -0.00016838852529455804
270.0 -0.000166039387366496
271.0 -0.00016369024943843396
272.0 -0.0001613411115103719
273.0 -0.0001589919735823099
274.0 -0.00015670663816219263
275.0 -0.00015455896513845606
276.0 -0.0001524112921147195
277.0 -0.00015026361909098297
278.0 -0.0001481159460672464
279.0 -0.00014596827304350985
280.0 -0.00014396961142970928
281.0 -0.00014201105784159118
282.0 -0.00014005250425347312
283.0 -0.00013809395066535503
284.0 -0.00013613539707723693
285.0 -0.00013420259894309208
286.0 -0.0001324187024481089
287.0 -0.00013063480595312574
288.0 -0.00012885090945814257
289.0 -0.00012706701296315943
290.0 -0.00012528311646817624
291.0 -0.00012356262867242336
292.0 -0.00012194005331455953
293.0 -0.00012031747795669571
294.0 -0.0001186949025988319
295.0 -0.00011707232724096808
296.0 -0.00011544975188310427
297.0 -0.00011390629478826153
298.0 -0.00011243516860631287
299.0 -0.00011096404242436421
