10.0 -0.164758422373
11.0 -0.150315643971
12.0 -0.1377609975
13.0 -0.126756447942
14.0 -0.11704096812
15.0 -0.108409723031
16.0 -0.100699045628
17.0 -0.0937761055877
18.0 -0.0875320330394
19.0 -0.0818771865651
20.0 -0.0767372769061
21.0 -0.0720499989215
22.0 -0.0677624893553
23.0 -0.063829583334
24.0 -0.060212547681
25.0 -0.056878077271
26.0 -0.0537974099758
27.0 -0.0509454726475
28.0 -0.0483001597323
29.0 -0.0458419074022
30.0 -0.0435535017609
31.0 -0.041419861384
32.0 -0.0394276602736
33.0 -0.0375649301421
34.0 -0.0358208356839
35.0 -0.0341856219364
36.0 -0.0326505762901
37.0 -0.0312079051978
38.0 -0.0298505712726
39.0 -0.0285721768017
40.0 -0.027366906248
41.0 -0.0262294805587
42.0 -0.0251550943053
43.0 -0.0241393498571
44.0 -0.0231782097409
45.0 -0.0222679673092
46.0 -0.0214052245587
47.0 -0.0205868712835
48.0 -0.0198100636868
49.0 -0.0190721976672
50.0 -0.0183708734386
51.0 -0.0177038578237
52.0 -0.0170690571658
53.0 -0.0164645079167
54.0 -0.0158883793428
55.0 -0.0153389765343
56.0 -0.0148147365865
57.0 -0.0143142192187
58.0 -0.0138360963046
59.0 -0.0133791418387
60.0 -0.0129422204687
61.0 -0.0125242733625
62.0 -0.0121243036327
63.0 -0.0117413655528
64.0 -0.0113745601881
65.0 -0.0110230364475
66.0 -0.0106859939565
67.0 -0.0103626841102
68.0 -0.0100524075856
69.0 -0.00975450889829
70.0 -0.00946837004184
71.0 -0.00919340541489
72.0 -0.00892905936641
73.0 -0.00867480640639
74.0 -0.00843015307852
75.0 -0.00819464000728
76.0 -0.00796784267981
77.0 -0.00774936993876
78.0 -0.00753885986252
79.0 -0.00733597362637
80.0 -0.0071403888032
81.0 -0.00695179391616
82.0 -0.00676988558988
83.0 -0.00659436853933
84.0 -0.00642495750224
85.0 -0.00626137967283
86.0 -0.00610337641649
87.0 -0.00595070373417
88.0 -0.00580313162624
89.0 -0.00566044287537
90.0 -0.00552243180287
91.0 -0.0053889033866
92.0 -0.00525967288602
93.0 -0.00513456587081
94.0 -0.00501341835515
95.0 -0.00489607667272
96.0 -0.00478239682966
97.0 -0.00467224329687
98.0 -0.00456548742832
99.0 -0.00446200580573
100.0 -0.00436167878748
101.0 -0.00426438944314
102.0 -0.00417002296192
103.0 -0.00407846656185
104.0 -0.00398960987038
105.0 -0.00390334566661
106.0 -0.00381957078481
107.0 -0.00373818693173
108.0 -0.00365910120986
109.0 -0.00358222625883
110.0 -0.00350748006991
111.0 -0.00343478562592
112.0 -0.00336407053095
113.0 -0.00329526673153
114.0 -0.00322831033256
115.0 -0.0031631414261
116.0 -0.00309970381189
117.0 -0.00303794450737
118.0 -0.00297781301342
119.0 -0.00291926039615
120.0 -0.00286223833181
121.0 -0.00280669830929
122.0 -0.00275259117223
123.0 -0.00269986710932
124.0 -0.00264847608873
125.0 -0.00259836861521
126.0 -0.00254949660633
127.0 -0.00250181416439
128.0 -0.00245527807002
129.0 -0.00240984792495
130.0 -0.00236548598843
131.0 -0.00232215684389
132.0 -0.0022798270687
133.0 -0.00223846505094
134.0 -0.00219804101857
135.0 -0.00215852724971
136.0 -0.00211989835422
137.0 -0.00208213148183
138.0 -0.00204520632886
139.0 -0.00200910487253
140.0 -0.00197381083634
141.0 -0.00193930895695
142.0 -0.0019055841641
143.0 -0.00187262079477
144.0 -0.00184040194598
145.0 -0.00180890903853
146.0 -0.00177812162803
147.0 -0.00174801746848
148.0 -0.00171857280868
149.0 -0.00168976288422
150.0 -0.00166156255332
151.0 -0.00163394701433
152.0 -0.0016068925349
153.0 -0.00158037711973
154.0 -0.00155438104712
155.0 -0.00152888721601
156.0 -0.00150388126504
157.0 -0.00147935145204
158.0 -0.00145528831397
159.0 -0.00143168415699
160.0 -0.0014085324507
161.0 -0.00138582721213
162.0 -0.00136356246257
163.0 -0.00134173182247
164.0 -0.00132032828089
165.0 -0.00129934414097
166.0 -0.00127877111067
167.0 -0.00125860048318
168.0 -0.00123882334129
169.0 -0.00121943072334
170.0 -0.00120041370652
171.0 -0.00118176338907
172.0 -0.00116347078215
173.0 -0.00114552664712
174.0 -0.00112792133001
175.0 -0.00111064464845
176.0 -0.0010936858764
177.0 -0.00107703385207
178.0 -0.00106067720764
179.0 -0.00104460469272
180.0 -0.00102880554233
181.0 -0.00101326982925
182.0 -0.000997988742584
183.0 -0.000982954747669
184.0 -0.000968161606093
185.0 -0.000953604260925
186.0 -0.000939278617987
187.0 -0.000925181272212
188.0 -0.000911309235855
189.0 -0.000897659720835
190.0 -0.000884230012084
191.0 -0.000871017445826
192.0 -0.000858019481286
193.0 -0.000845233831896
194.0 -0.000832658607489
195.0 -0.000820292415223
196.0 -0.000808134374837
197.0 -0.000796184021451
198.0 -0.000784441092896
199.0 -0.000772905223314
200.0 -0.000761575585838
201.0 -0.000750450540123
202.0 -0.000739527343251
203.0 -0.000728801974469
204.0 -0.000718269107139
205.0 -0.000707922238345
206.0 -0.000697753962027
207.0 -0.000687756349667
208.0 -0.000677921387134
209.0 -0.000668241409724
210.0 -0.000658709480492
211.0 -0.000649319668613
212.0 -0.00064006720217
213.0 -0.000630948490006
214.0 -0.000621961026303
215.0 -0.000613103206154
216.0 -0.000604374088586
217.0 -0.000595773144492
218.0 -0.000587300021796
219.0 -0.000578954350671
220.0 -0.00057073560053
221.0 -0.000562642990139
222.0 -0.000554675444659
223.0 -0.000546831589445
224.0 -0.000539109770063
225.0 -0.000531508090118
226.0 -0.000524024461702
227.0 -0.000516656666024
228.0 -0.000509402422999
229.0 -0.000502259467908
230.0 -0.000495225630941
231.0 -0.000488298912557
232.0 -0.00048147754527
233.0 -0.000474760031814
234.0 -0.000468145151282
235.0 -0.00046163192878
236.0 -0.000455219569647
237.0 -0.000448907365337
238.0 -0.00044269458314
239.0 -0.000436580355057
240.0 -0.000430563581497
241.0 -0.000424642863013
242.0 -0.000418816468584
243.0 -0.000413082342953
244.0 -0.000407438149435
245.0 -0.000401881339652
246.0 -0.000396409238517
247.0 -0.000391019132001
248.0 -0.000385708346581
249.0 -0.000380474312311
250.0 -0.00037531460552
251.0 -0.000370226971278
252.0 -0.000365209329425
253.0 -0.000360259770431
254.0 -0.000355376548534
255.0 -0.000350558079242
256.0 -0.00034580294671
257.0 -0.00034110992385
258.0 -0.000336478004852
259.0 -0.000331906446433
260.0 -0.000327394811137
261.0 -0.000322943003868
262.0 -0.000318551291868
263.0 -0.000314220298893
264.0 -0.000309950966481
265.0 -0.000305744478797
266.0 -0.00030160215231
267.0 -0.000297525296787
268.0 -0.000293515059255
269.0 -0.000289572266605
270.0 -0.000285697284889
271.0 -0.000281889913276
272.0 -0.000278149328046
273.0 -0.000274474086884
274.0 -0.000270862196704
275.0 -0.000267311240234
276.0 -0.000263818548669
277.0 -0.000260381401187
278.0 -0.000256997227966
279.0 -0.000253663792292
280.0 -0.00025037932969
281.0 -0.000247142627354
282.0 -0.000243953034783
283.0 -0.000240810405372
284.0 -0.000237714977345
285.0 -0.000234667209803
286.0 -0.000231667594682
287.0 -0.000228716467568
288.0 -0.000225813839423
289.0 -0.000222959267684
290.0 -0.000220151779561
291.0 -0.00021738985356
292.0 -0.00021467145835
293.0 -0.000211994141829
294.0 -0.000209355158466
295.0 -0.000206751619987
296.0 -0.00020418065352
297.0 -0.000201639552095
298.0 -0.000199125904843
299.0 -0.00019663769761
