10.0 -0.164423048938
11.0 -0.150270380996
12.0 -0.137936327379
13.0 -0.127101209436
14.0 -0.117517589274
15.0 -0.108988999445
16.0 -0.101356757972
17.0 -0.0944924050129
18.0 -0.0882917049339
19.0 -0.0826688583604
20.0 -0.0775519459493
21.0 -0.072880052816
22.0 -0.0686014647674
23.0 -0.0646722448056
24.0 -0.061054873841
25.0 -0.0577169868211
26.0 -0.0546303708865
27.0 -0.0517702891389
28.0 -0.0491150196971
29.0 -0.0466454592495
30.0 -0.0443447416377
31.0 -0.0421979078401
32.0 -0.040191651705
33.0 -0.0383141184668
34.0 -0.0365547208444
35.0 -0.0349039621419
36.0 -0.0333532834515
37.0 -0.0318949520799
38.0 -0.0305219811121
39.0 -0.029228051391
40.0 -0.0280074233503
41.0 -0.0268548557386
42.0 -0.025765552085
43.0 -0.0247351306759
44.0 -0.0237595943062
45.0 -0.0228352859826
46.0 -0.0219588404868
47.0 -0.0211271490727
48.0 -0.0203373402276
49.0 -0.0195867648443
50.0 -0.0188729763555
51.0 -0.018193708593
52.0 -0.0175468594093
53.0 -0.0169304818965
54.0 -0.016342777411
55.0 -0.0157820847242
56.0 -0.0152468654882
57.0 -0.0147356900437
58.0 -0.0142472261003
59.0 -0.0137802293852
60.0 -0.013333534418
61.0 -0.0129060455168
62.0 -0.0124967300861
63.0 -0.0121046158137
64.0 -0.0117287910417
65.0 -0.0113684055103
66.0 -0.0110226686406
67.0 -0.0106908444067
68.0 -0.0103722440878
69.0 -0.010066219198
70.0 -0.0097721562762
71.0 -0.00948947383611
72.0 -0.00921762082549
73.0 -0.00895607589761
74.0 -0.00870434719852
75.0 -0.00846197249468
76.0 -0.0082285191264
77.0 -0.00800358295852
78.0 -0.00778678575685
79.0 -0.00757777122633
80.0 -0.00737620072869
81.0 -0.0071817498891
82.0 -0.00699410684599
83.0 -0.00681297219626
84.0 -0.00663806016288
85.0 -0.00646910028238
86.0 -0.00630583886062
87.0 -0.0061480394865
88.0 -0.00599548208463
89.0 -0.00584796041107
90.0 -0.00570527846443
91.0 -0.00556724674005
92.0 -0.00543367934401
93.0 -0.005304392659
94.0 -0.00517920569489
95.0 -0.00505794173872
96.0 -0.00494043063298
97.0 -0.00482651099512
98.0 -0.00471603186279
99.0 -0.00460885349684
100.0 -0.00450484730944
101.0 -0.00440389505999
102.0 -0.00430588755825
103.0 -0.00421072313535
104.0 -0.00411830611018
105.0 -0.00402854541412
106.0 -0.0039413534643
107.0 -0.00385664530431
108.0 -0.00377433797458
109.0 -0.00369435004615
110.0 -0.00361660126566
111.0 -0.00354101231168
112.0 -0.00346750472561
113.0 -0.00339600111311
114.0 -0.00332642568168
115.0 -0.0032587050886
116.0 -0.00319276945744
117.0 -0.00312855333473
118.0 -0.00306599634172
119.0 -0.00300504333954
120.0 -0.00294564404357
121.0 -0.00288775215246
122.0 -0.00283132416014
123.0 -0.00277631807421
124.0 -0.00272269227032
125.0 -0.00267040467736
126.0 -0.00261941242429
127.0 -0.00256967199528
128.0 -0.00252113984543
129.0 -0.00247377333785
130.0 -0.00242753179455
131.0 -0.00238237742565
132.0 -0.00233827592658
133.0 -0.0022951966079
134.0 -0.00225311203038
135.0 -0.00221199723098
136.0 -0.00217182871296
137.0 -0.00213258341455
138.0 -0.00209423785707
139.0 -0.0020567676147
140.0 -0.00202014716352
141.0 -0.00198435008284
142.0 -0.00194934951751
143.0 -0.0019151187768
144.0 -0.00188163194501
145.0 -0.00184886440341
146.0 -0.00181679319976
147.0 -0.00178539724106
148.0 -0.00175465731811
149.0 -0.00172455599347
150.0 -0.00169507739677
151.0 -0.00166620697411
152.0 -0.00163793123245
153.0 -0.00161023750802
154.0 -0.00158311377166
155.0 -0.00155654846683
156.0 -0.00153053036265
157.0 -0.00150504839759
158.0 -0.00148009149384
159.0 -0.00145564833614
160.0 -0.00143170712985
161.0 -0.0014082553745
162.0 -0.00138527970316
163.0 -0.00136276583933
164.0 -0.00134069870881
165.0 -0.00131906271618
166.0 -0.00129784216134
167.0 -0.00127702173931
168.0 -0.00125658704515
169.0 -0.00123652500182
170.0 -0.00121682414262
171.0 -0.00119747470894
172.0 -0.00117846856087
173.0 -0.00115979893372
174.0 -0.0011414600997
175.0 -0.00112344700535
176.0 -0.00110575494946
177.0 -0.00108837934733
178.0 -0.00107131559923
179.0 -0.00105455905336
180.0 -0.0010381050317
181.0 -0.00102194887693
182.0 -0.00100608598043
183.0 -0.000990511763784
184.0 -0.000975221604187
185.0 -0.000960210712866
186.0 -0.000945473989849
187.0 -0.000931005885882
188.0 -0.000916800302049
189.0 -0.000902850551111
190.0 -0.00088914939389
191.0 -0.00087568915172
192.0 -0.000862461884234
193.0 -0.000849459612133
194.0 -0.000836674558281
195.0 -0.000824099378334
196.0 -0.000811727354383
197.0 -0.000799552531683
198.0 -0.000787569788452
199.0 -0.000775774840075
200.0 -0.00076416418954
201.0 -0.000752735043033
202.0 -0.000741485211646
203.0 -0.000730413016476
204.0 -0.000719517206287
205.0 -0.000708796886607
206.0 -0.000698251450002
207.0 -0.000687880492203
208.0 -0.000677683699645
209.0 -0.000667660701052
210.0 -0.000657810887247
211.0 -0.00064813321634
212.0 -0.000638626032153
213.0 -0.000629286928929
214.0 -0.000620112692977
215.0 -0.000611099341884
216.0 -0.000602242265953
217.0 -0.000593536457905
218.0 -0.000584976799672
219.0 -0.000576558362925
220.0 -0.000568276675741
221.0 -0.000560127912392
222.0 -0.000552108975935
223.0 -0.000544217461701
224.0 -0.000536451510313
225.0 -0.000528809577713
226.0 -0.00052129016341
227.0 -0.000513891544305
228.0 -0.000506611559167
229.0 -0.000499447478808
230.0 -0.000492395981325
231.0 -0.000485453233506
232.0 -0.000478615062092
233.0 -0.000471877185103
234.0 -0.000465235465975
235.0 -0.000458686152816
236.0 -0.000452226070926
237.0 -0.000445852747241
238.0 -0.000439564457932
239.0 -0.000433360202476
240.0 -0.000427239616823
241.0 -0.000421202843638
242.0 -0.000415250378741
243.0 -0.000409382910614
244.0 -0.000403601165696
245.0 -0.00039790576772
246.0 -0.000392297115919
247.0 -0.000386775285278
248.0 -0.000381339952003
249.0 -0.000375990348423
250.0 -0.000370725252455
251.0 -0.000365543016592
252.0 -0.000360441639379
253.0 -0.000355418878354
254.0 -0.000350472398058
255.0 -0.000345599940841
256.0 -0.000340799503132
257.0 -0.000336069496805
258.0 -0.000331408875061
259.0 -0.000326817205212
260.0 -0.000322294676629
261.0 -0.000317842039972
262.0 -0.000313460482563
263.0 -0.000309151452832
264.0 -0.000304916453142
265.0 -0.000300756823806
266.0 -0.000296673541493
267.0 -0.000292667052456
268.0 -0.000288737155752
269.0 -0.000284882944735
270.0 -0.000281102807792
271.0 -0.00027739448255
272.0 -0.00027375515261
273.0 -0.000270181572671
274.0 -0.000266670207041
275.0 -0.000263217367583
276.0 -0.000259819339823
277.0 -0.000256472489484
278.0 -0.000253173345508
279.0 -0.000249918659116
280.0 -0.000246705441219
281.0 -0.000243530982362
282.0 -0.000240392860304
283.0 -0.000237288940468
284.0 -0.000234217373947
285.0 -0.000231176596814
286.0 -0.000228165333231
287.0 -0.000225182603517
288.0 -0.000222227736961
289.0 -0.000219300387897
290.0 -0.000216400552456
291.0 -0.000213528582578
292.0 -0.000210685193449
293.0 -0.0002078714605
294.0 -0.000205088802594
295.0 -0.000202338948973
296.0 -0.000199623888863
297.0 -0.000196945804158
298.0 -0.000194306987271
299.0 -0.00019170974771
