10.0 -0.0161360277278
11.0 -0.0311422873581
12.0 -0.0417424356604
13.0 -0.0489881719264
14.0 -0.0537073324803
15.0 -0.056541736754
16.0 -0.0579836230424
17.0 -0.0584064877473
18.0 -0.0580913198398
19.0 -0.0572487954853
20.0 -0.056036833533
21.0 -0.0545736136245
22.0 -0.0529471210091
23.0 -0.0512223752915
24.0 -0.0494470973016
25.0 -0.0476561491044
26.0 -0.0458748748748
27.0 -0.0441215017025
28.0 -0.0424088648946
29.0 -0.0407457169623
30.0 -0.039137758786
31.0 -0.0375884313696
32.0 -0.0360994972011
33.0 -0.0346714684333
34.0 -0.0333039411872
35.0 -0.031995865883
36.0 -0.0307457532761
37.0 -0.0295518132303
38.0 -0.0284120453282
39.0 -0.0273243135911
40.0 -0.0262864200906
41.0 -0.0252961647292
42.0 -0.0243513752696
43.0 -0.0234499138999
44.0 -0.0225896830469
45.0 -0.0217686433293
46.0 -0.0209848351403
47.0 -0.0202363889817
48.0 -0.0195215224815
49.0 -0.0188385347217
50.0 -0.0181858062385
51.0 -0.017561802081
52.0 -0.0169650706269
53.0 -0.0163942363765
54.0 -0.0158479917435
55.0 -0.0153250928167
56.0 -0.0148243589334
57.0 -0.0143446725615
58.0 -0.0138849774022
59.0 -0.0134442757124
60.0 -0.0130216266443
61.0 -0.0126161455103
62.0 -0.0122270019784
63.0 -0.0118534154965
64.0 -0.0114946483907
65.0 -0.0111499990348
66.0 -0.0108187975809
67.0 -0.0105004050685
68.0 -0.010194214723
69.0 -0.00989965337868
70.0 -0.00961618156824
71.0 -0.00934329207631
72.0 -0.00908050757407
73.0 -0.0088273779069
74.0 -0.0085834771798
75.0 -0.00834840066369
76.0 -0.00812176189622
77.0 -0.00790319070478
78.0 -0.00769233271178
79.0 -0.00748885019214
80.0 -0.0072924234548
81.0 -0.00710275172458
82.0 -0.00691955286387
83.0 -0.00674256184342
84.0 -0.00657152828799
85.0 -0.00640621359746
86.0 -0.00624638819859
87.0 -0.00609182949541
88.0 -0.00594232098782
89.0 -0.00579765272018
90.0 -0.00565762276121
91.0 -0.00552203902485
92.0 -0.0053907206439
93.0 -0.00526349835663
94.0 -0.00514021380551
95.0 -0.00502071804453
96.0 -0.00490486974675
97.0 -0.00479253357739
98.0 -0.00468357903172
99.0 -0.00457787983467
100.0 -0.00447531383242
101.0 -0.00437576320722
102.0 -0.0042791148171
103.0 -0.00418526048837
104.0 -0.00409409714679
105.0 -0.00400552674006
106.0 -0.00391945596636
107.0 -0.00383579587559
108.0 -0.00375446144489
109.0 -0.00367537123804
110.0 -0.00359844722486
111.0 -0.00352361476651
112.0 -0.00345080268898
113.0 -0.00337994331174
114.0 -0.00331097230339
115.0 -0.00324382830376
116.0 -0.00317845235298
117.0 -0.00311478725433
118.0 -0.00305277703276
119.0 -0.00299236662288
120.0 -0.00293350184959
121.0 -0.00287612968221
122.0 -0.00282019868006
123.0 -0.00276565951455
124.0 -0.00271246544884
125.0 -0.00266057267125
126.0 -0.00260994040626
127.0 -0.00256053076435
128.0 -0.00251230833934
129.0 -0.00246523961375
130.0 -0.00241929227895
131.0 -0.00237443460219
132.0 -0.00233063496688
133.0 -0.00228786167254
134.0 -0.00224608301684
135.0 -0.00220526761243
136.0 -0.00216538483619
137.0 -0.0021264052849
138.0 -0.00208830112282
139.0 -0.00205104624834
140.0 -0.00201461626156
141.0 -0.00197898826672
142.0 -0.00194414057688
143.0 -0.00191005239893
144.0 -0.00187670356559
145.0 -0.00184407435669
146.0 -0.00181214542301
147.0 -0.0017808978019
148.0 -0.00175031299743
149.0 -0.0017203730905
150.0 -0.00169106084436
151.0 -0.00166235977591
152.0 -0.00163425417193
153.0 -0.00160672904032
154.0 -0.00157976999989
155.0 -0.00155336312559
156.0 -0.00152749477808
157.0 -0.00150215145244
158.0 -0.00147731967954
159.0 -0.00145298600274
160.0 -0.00142913703485
161.0 -0.00140575957987
162.0 -0.00138284078674
163.0 -0.0013603682933
164.0 -0.00133833032193
165.0 -0.00131671570174
166.0 -0.00129551381349
167.0 -0.0012747144752
168.0 -0.0012543078034
169.0 -0.00123428409092
170.0 -0.00121463373766
171.0 -0.00119534725492
172.0 -0.00117641534368
173.0 -0.00115782902656
174.0 -0.00113957979829
175.0 -0.00112165975457
176.0 -0.00110406166428
177.0 -0.00108677896403
178.0 -0.00106980567277
179.0 -0.0010531362425
180.0 -0.00103676537453
181.0 -0.0010206878358
182.0 -0.00100489830687
183.0 -0.000989391282889
184.0 -0.000974161035544
185.0 -0.000959201631275
186.0 -0.000944506991203
187.0 -0.000930070973864
188.0 -0.000915887461925
189.0 -0.000901950437847
190.0 -0.000888254038997
191.0 -0.000874792588669
192.0 -0.00086156060473
193.0 -0.000848552791795
194.0 -0.000835764025641
195.0 -0.000823189339747
196.0 -0.000810823923116
197.0 -0.000798663135617
198.0 -0.000786702542273
199.0 -0.000774937961947
200.0 -0.00076336552018
201.0 -0.000751981692217
202.0 -0.000740783321862
203.0 -0.000729767605389
204.0 -0.000718932036792
205.0 -0.000708274319524
206.0 -0.000697792258323
207.0 -0.000687483650358
208.0 -0.000677346196052
209.0 -0.000667377446111
210.0 -0.000657574793222
211.0 -0.000647935506608
212.0 -0.000638456797682
213.0 -0.000629135897894
214.0 -0.000619970127242
215.0 -0.000610956934468
216.0 -0.000602093896923
217.0 -0.000593378677844
218.0 -0.0005848089489
219.0 -0.000576382294135
220.0 -0.000568096116012
221.0 -0.000559947564243
222.0 -0.000551933503726
223.0 -0.000544050530119
224.0 -0.000536295032306
225.0 -0.000528663291997
226.0 -0.000521151603958
227.0 -0.000513756396975
228.0 -0.000506474336334
229.0 -0.000499302392904
230.0 -0.000492237870894
231.0 -0.000485278394543
232.0 -0.000478421861526
233.0 -0.000471666376375
234.0 -0.000465010179489
235.0 -0.000458451586227
236.0 -0.000451988946404
237.0 -0.000445620628582
238.0 -0.000439345027169
239.0 -0.000433160585215
240.0 -0.000427065822893
241.0 -0.000421059361616
242.0 -0.000415139936275
243.0 -0.000409306392337
244.0 -0.000403557669257
245.0 -0.000397892775571
246.0 -0.000392310763153
247.0 -0.000386810708039
248.0 -0.000381391703043
249.0 -0.000376052863931
250.0 -0.000370793347079
251.0 -0.00036561237337
252.0 -0.00036050925136
253.0 -0.000355483392801
254.0 -0.000350534315334
255.0 -0.000345661630063
256.0 -0.000340865015009
257.0 -0.0003361441784
258.0 -0.000331498817678
259.0 -0.00032692858064
260.0 -0.000322433034338
261.0 -0.000318011645351
262.0 -0.000313663772479
263.0 -0.000309388670254
264.0 -0.000305185499567
265.0 -0.000301053340496
266.0 -0.000296991202378
267.0 -0.00029299802717
268.0 -0.000289072683967
269.0 -0.000285213954761
270.0 -0.000281420513684
271.0 -0.00027769090365
272.0 -0.000274023515168
273.0 -0.000270416572085
274.0 -0.000266868128126
275.0 -0.000263376076622
276.0 -0.000259938173993
277.0 -0.000256552075833
278.0 -0.000253215383013
279.0 -0.00024992569432
280.0 -0.000246680661832
281.0 -0.000243478045445
282.0 -0.000240315763476
283.0 -0.000237191937072
284.0 -0.00023410492683
285.0 -0.000231053360758
286.0 -0.000228036153113
287.0 -0.000225052514056
288.0 -0.000222101950257
289.0 -0.000219184256798
290.0 -0.000216299500931
291.0 -0.000213447998451
292.0 -0.000210630283719
293.0 -0.000207847074548
294.0 -0.00020509923333
295.0 -0.000202387725857
296.0 -0.000199713579202
297.0 -0.000197077839934
298.0 -0.000194481533726
299.0 -0.000191925627209
