10.0 -0.17535418910553224
11.0 -0.15886087301345495
12.0 -0.14460132137146148
13.0 -0.13217050814772335
14.0 -0.12125686198268536
15.0 -0.11161448099350905
16.0 -0.10304586629761983
17.0 -0.0953918897077199
18.0 -0.08852396611798653
19.0 -0.0823366962221964
20.0 -0.07674212099487483
21.0 -0.07166606762606305
22.0 -0.06704582899384413
23.0 -0.06282833995338988
24.0 -0.05896846610319811
25.0 -0.05542743232020239
26.0 -0.05217157977636396
27.0 -0.04917152086180488
28.0 -0.04640155794022736
29.0 -0.0438391853881922
30.0 -0.04146461520823102
31.0 -0.03926036846604313
32.0 -0.03721096047274124
33.0 -0.03530265164520615
34.0 -0.03352322165964688
35.0 -0.03186175369964576
36.0 -0.030308448467999478
37.0 -0.028854487987796204
38.0 -0.027491937228343366
39.0 -0.0262136494341177
40.0 -0.025013159976138222
41.0 -0.023884588626450123
42.0 -0.022822574880351505
43.0 -0.02182224141925481
44.0 -0.020879157672131266
45.0 -0.019989287044823473
46.0 -0.019148929410677806
47.0 -0.018354679214314343
48.0 -0.017603402624487813
49.0 -0.016892219931567042
50.0 -0.016218481993835108
51.0 -0.015579743994336415
52.0 -0.014973746034533823
53.0 -0.014398402771592206
54.0 -0.013851795286489202
55.0 -0.013332158485816818
56.0 -0.012837864255714227
57.0 -0.012367405104836911
58.0 -0.011919381244087987
59.0 -0.011492489989613486
60.0 -0.01108551526144535
61.0 -0.010697317262599895
62.0 -0.010326824737994799
63.0 -0.00997303175059029
64.0 -0.009634998160147184
65.0 -0.009311850568426526
66.0 -0.0090027804413376
67.0 -0.008707038303561763
68.0 -0.00842392549880213
69.0 -0.00815278617649901
70.0 -0.007893001439047233
71.0 -0.007643985973327987
72.0 -0.007405186390121629
73.0 -0.007176080461828037
74.0 -0.006956176936042025
75.0 -0.0067450157531113095
76.0 -0.006542168094149815
77.0 -0.006347235303037899
78.0 -0.006159846007815839
79.0 -0.005979651697501717
80.0 -0.005806321918116457
81.0 -0.005639540476737625
82.0 -0.005479003517147361
83.0 -0.0053244195236120204
84.0 -0.005175510711548229
85.0 -0.005032015010585346
86.0 -0.004893687793644243
87.0 -0.004760302547681296
88.0 -0.004631649890244129
89.0 -0.004507534810995801
90.0 -0.004387772666489472
91.0 -0.0042721849805888844
92.0 -0.004160596209429059
93.0 -0.0040528322593241335
94.0 -0.003948720907681865
95.0 -0.0038480936862632436
96.0 -0.0037507884642398923
97.0 -0.0036566519547608805
98.0 -0.0035655415679787692
99.0 -0.003477326315394273
100.0 -0.0033918867360654232
101.0 -0.0033091140108572658
102.0 -0.0032289085368469935
103.0 -0.0031511782552490664
104.0 -0.003075836985628436
105.0 -0.0030028029458744583
106.0 -0.00293199755423229
107.0 -0.002863344530030814
108.0 -0.0027967692455935045
109.0 -0.0027321982503048796
110.0 -0.0026695589043444815
111.0 -0.002608779120955421
112.0 -0.0025497872907431682
113.0 -0.0024925125009819474
114.0 -0.00243688513044948
115.0 -0.0023828377966332503
116.0 -0.002330306499294424
117.0 -0.002279231703937346
118.0 -0.00222955908856902
119.0 -0.0021812397476106467
120.0 -0.0021342297794405716
121.0 -0.0020884893301607687
122.0 -0.0020439812817559327
123.0 -0.002000669834496171
124.0 -0.001958519239644973
125.0 -0.0019174928999181008
126.0 -0.001877552984125295
127.0 -0.0018386606090708192
128.0 -0.0018007765364843006
129.0 -0.001763862230822196
130.0 -0.0017278810461865224
131.0 -0.001692799278785828
132.0 -0.0016585868485380158
133.0 -0.0016252174573272251
134.0 -0.001592668192631887
135.0 -0.0015609186721562654
136.0 -0.001529949924024123
137.0 -0.0014997432431385343
138.0 -0.0014702792490888107
139.0 -0.001441537304266746
140.0 -0.001413495355886833
141.0 -0.0013861301703489471
142.0 -0.0013594178563127357
143.0 -0.0013333345367118254
144.0 -0.0013078570302496372
145.0 -0.0012829634307705798
146.0 -0.0012586335150421648
147.0 -0.001234848953319086
148.0 -0.0012115933337822485
149.0 -0.0011888520373145909
150.0 -0.0011666120124054933
151.0 -0.0011448615024557585
152.0 -0.0011235897711610523
153.0 -0.0011027868579568984
154.0 -0.0010824433772403334
155.0 -0.0010625503558309248
156.0 -0.0010430990875118906
157.0 -0.0010240809762242533
158.0 -0.001005487343785845
159.0 -0.000987309193965851
160.0 -0.0009695369485293245
161.0 -0.0009521601953280595
162.0 -0.000935167505214033
163.0 -0.0009185463765367723
164.0 -0.0009022833503503183
165.0 -0.0008863643086448611
166.0 -0.0008707749292817642
167.0 -0.00085550123499454
168.0 -0.0008405301497343903
169.0 -0.0008258499705376156
170.0 -0.000811450678631313
171.0 -0.0007973240458848156
172.0 -0.0007834635338929636
173.0 -0.0007698640228956775
174.0 -0.0007565214370473324
175.0 -0.0007434323449636261
176.0 -0.0007305936082164787
177.0 -0.0007180021284808978
178.0 -0.0007056547130423363
179.0 -0.0006935480468092031
180.0 -0.0006816787347319852
181.0 -0.0006700433668735728
182.0 -0.0006586385607461315
183.0 -0.0006474609495351898
184.0 -0.000636507105352098
185.0 -0.0006257734076174132
186.0 -0.0006152558828623073
187.0 -0.0006049500505236841
188.0 -0.0005948508090669637
189.0 -0.0005849523894100828
190.0 -0.0005752483907072959
191.0 -0.0005657318998650651
192.0 -0.0005563956830970464
193.0 -0.0005472324271735288
194.0 -0.0005382350010459037
195.0 -0.0005293967060880163
196.0 -0.000520711485721759
197.0 -0.0005121740724888646
198.0 -0.0005037800616273371
199.0 -0.0004955259129044119
200.0 -0.00048740889415918733
201.0 -0.0004794269879636537
202.0 -0.00047157878499915927
203.0 -0.00046386338358770263
204.0 -0.00045628030551141954
205.0 -0.000448829426562036
206.0 -0.00044151090978242647
207.0 -0.00043432512349052764
208.0 -0.0004272725270698021
209.0 -0.0004203535154012358
210.0 -0.0004135682258534438
211.0 -0.00040691632647906216
212.0 -0.0004003968163310078
213.0 -0.0003940078748913818
214.0 -0.00038774679522442907
215.0 -0.0003816100244252472
216.0 -0.0003755933171982055
217.0 -0.0003696919876195553
218.0 -0.0003639012247923001
219.0 -0.0003582164244321024
220.0 -0.00035263348348261146
221.0 -0.0003471490098454426
222.0 -0.0003417604133614317
223.0 -0.00033646586459838105
224.0 -0.0003312641308698582
225.0 -0.0003261543199139251
226.0 -0.0003211355769442593
227.0 -0.0003162067876803928
228.0 -0.00031136633745158
229.0 -0.0003066119653210379
230.0 -0.0003019407347393708
231.0 -0.0002973491219353175
232.0 -0.00029283320389327297
233.0 -0.00028838891278854683
234.0 -0.0002840123155589615
235.0 -0.0002796998768270948
236.0 -0.0002754486700180157
237.0 -0.00027125651326148723
238.0 -0.00026712202071750026
239.0 -0.00026304457335773204
240.0 -0.00025902422353289494
241.0 -0.0002550615534350128
242.0 -0.0002511575086350359
243.0 -0.0002473132251700609
244.0 -0.00024352986383055722
245.0 -0.00023980846021160395
246.0 -0.00023614979525405302
247.0 -0.00023255428920316597
248.0 -0.0002290219220828477
249.0 -0.0002255521851165343
250.0 -0.00022214406880349927
251.0 -0.00021879609337423358
252.0 -0.00021550638529152635
253.0 -0.0002122727991758163
254.0 -0.0002090930785629343
255.0 -0.0002059650423676372
256.0 -0.0002028867782331234
257.0 -0.00019985682044245057
258.0 -0.00019687428972128693
259.0 -0.00019393897544046698
260.0 -0.00019105134711554908
261.0 -0.00018821249076591913
262.0 -0.00018542397527759278
263.0 -0.00018268766288833657
264.0 -0.00018000548487996307
265.0 -0.00017737920748979826
266.0 -0.00017481021344498493
267.0 -0.00017229932148017676
268.0 -0.00016984666036709673
269.0 -0.00016745160640844662
270.0 -0.00016511278527038436
271.0 -0.00016282813165575965
272.0 -0.00016059499463378653
273.0 -0.00015841027304570982
274.0 -0.0001562705644744312
275.0 -0.00015417231256632037
276.0 -0.00015211194048253828
277.0 -0.0001500859622226459
278.0 -0.0001480910677737225
279.0 -0.00014612418186986351
280.0 -0.00014418249916897996
281.0 -0.000142263500655594
282.0 -0.00014036495704872537
283.0 -0.00013848492506485734
284.0 -0.0001366217417651707
285.0 -0.00013477402112414594
286.0 -0.00013294065558766958
287.0 -0.00013112082389573693
288.0 -0.00012931400494525577
289.0 -0.00012751999606335705
290.0 -0.00012573893285080246
291.0 -0.00012397130684323171
292.0 -0.00012221797672973432
293.0 -0.00012048016884568976
294.0 -0.00011875946316125903
295.0 -0.0001170577619964237
296.0 -0.0001153772401197584
297.0 -0.00011372027657989449
298.0 -0.00011208937038612532
299.0 -0.00011048704379506764
