10.0 -0.0760456039913
11.0 -0.0910609638215
12.0 -0.100533586643
13.0 -0.105899247663
14.0 -0.108267726448
15.0 -0.108483982595
16.0 -0.107183948208
17.0 -0.104840532133
18.0 -0.101801653212
19.0 -0.0983215549963
20.0 -0.0945851740007
21.0 -0.0907260725743
22.0 -0.0868394942606
23.0 -0.0829921248763
24.0 -0.0792296068237
25.0 -0.0755823202586
26.0 -0.0720696701843
27.0 -0.068703130532
28.0 -0.065488401177
29.0 -0.062427013243
30.0 -0.0595175657673
31.0 -0.056756652422
32.0 -0.0541395221576
33.0 -0.0516605483228
34.0 -0.0493135813279
35.0 -0.047092223828
36.0 -0.0449900304919
37.0 -0.0430006300851
38.0 -0.0411177929045
39.0 -0.0393354820412
40.0 -0.0376479063762
41.0 -0.0360495605329
42.0 -0.0345352327906
43.0 -0.0330999878918
44.0 -0.031739151135
45.0 -0.030448308809
46.0 -0.0292233149151
47.0 -0.0280602865983
48.0 -0.0269555857344
49.0 -0.0259057990617
50.0 -0.0249077265571
51.0 -0.023958374783
52.0 -0.0230549463595
53.0 -0.0221948232016
54.0 -0.0213755491975
55.0 -0.0205948180158
56.0 -0.019850465773
57.0 -0.0191404644416
58.0 -0.0184629136068
59.0 -0.0178160318555
60.0 -0.0171981500207
61.0 -0.0166077062501
62.0 -0.0160432405496
63.0 -0.0155033866862
64.0 -0.0149868617596
65.0 -0.0144924560093
66.0 -0.0140190255941
67.0 -0.0135654892353
68.0 -0.0131308273902
69.0 -0.0127140816705
70.0 -0.0123143529323
71.0 -0.0119307978982
72.0 -0.0115626250497
73.0 -0.0112090904091
74.0 -0.0108694932759
75.0 -0.0105431718126
76.0 -0.0102294988001
77.0 -0.00992787834696
78.0 -0.00963774421119
79.0 -0.00935855965451
80.0 -0.00908981797572
81.0 -0.00883104264039
82.0 -0.00858178630864
83.0 -0.00834162866263
84.0 -0.00811017334874
85.0 -0.00788704450082
86.0 -0.00767188335659
87.0 -0.00746434552088
88.0 -0.00726409937546
89.0 -0.00707082585424
90.0 -0.0068842193333
91.0 -0.00670398896574
92.0 -0.00652985967381
93.0 -0.00636157225735
94.0 -0.00619888252509
95.0 -0.00604155975145
96.0 -0.00588938493932
97.0 -0.00574214931664
98.0 -0.00559965330917
99.0 -0.00546170602492
100.0 -0.0053281251313
101.0 -0.00519873692898
102.0 -0.00507337642238
103.0 -0.00495188723387
104.0 -0.00483412128159
105.0 -0.00471993821327
106.0 -0.00460920464968
107.0 -0.00450179333934
108.0 -0.00439758235634
109.0 -0.00429645447636
110.0 -0.00419829682463
111.0 -0.00410300080696
112.0 -0.00401046223499
113.0 -0.00392058148584
114.0 -0.00383326353053
115.0 -0.00374841773108
116.0 -0.0036659574123
117.0 -0.00358579931058
118.0 -0.00350786304704
119.0 -0.00343207075462
120.0 -0.00335834692692
121.0 -0.00328661848441
122.0 -0.00321681499969
123.0 -0.00314886899783
124.0 -0.00308271624524
125.0 -0.00301829595071
126.0 -0.00295555081759
127.0 -0.00289442690828
128.0 -0.00283487331443
129.0 -0.00277684166755
130.0 -0.00272028556612
131.0 -0.00266516002345
132.0 -0.00261142104188
133.0 -0.0025590253892
134.0 -0.00250793060056
135.0 -0.0024580951689
136.0 -0.00240947883918
137.0 -0.00236204290223
138.0 -0.00231575039596
139.0 -0.00227056616069
140.0 -0.00222645674427
141.0 -0.00218339019677
142.0 -0.00214133581999
143.0 -0.0021002639392
144.0 -0.00206014574808
145.0 -0.00202095325029
146.0 -0.00198265929364
147.0 -0.00194523767171
148.0 -0.00190866325696
149.0 -0.00187291212757
150.0 -0.00183796165493
151.0 -0.0018037905269
152.0 -0.00177037869162
153.0 -0.0017377072183
154.0 -0.00170575808356
155.0 -0.00167451390555
156.0 -0.00164395765937
157.0 -0.00161407241487
158.0 -0.00158484113686
159.0 -0.00155624657844
160.0 -0.00152827127998
161.0 -0.00150089766497
162.0 -0.00147410820398
163.0 -0.0014478856059
164.0 -0.00142221299413
165.0 -0.00139707403565
166.0 -0.0013724530085
167.0 -0.00134833481363
168.0 -0.00132470495312
169.0 -0.00130154950501
170.0 -0.00127885512256
171.0 -0.00125660907415
172.0 -0.00123479932384
173.0 -0.00121341463546
174.0 -0.00119244467144
175.0 -0.00117188005397
176.0 -0.00115171236128
177.0 -0.001131934045
178.0 -0.00111253827163
179.0 -0.00109351870698
180.0 -0.00107486927415
181.0 -0.00105658391908
182.0 -0.00103865641398
183.0 -0.00102108021869
184.0 -0.00100384840774
185.0 -0.00098695365864
186.0 -0.000970388289172
187.0 -0.000954144327294
188.0 -0.000938213598097
189.0 -0.000922587815248
190.0 -0.000907258668646
191.0 -0.000892217904084
192.0 -0.000877457393882
193.0 -0.000862969199941
194.0 -0.000848745632311
195.0 -0.000834779307314
196.0 -0.000821063209086
197.0 -0.000807590756696
198.0 -0.000794355875695
199.0 -0.000781353068465
200.0 -0.000768577473231
201.0 -0.000756024898633
202.0 -0.000743691820669
203.0 -0.000731575332499
204.0 -0.000719673044574
205.0 -0.000707982941542
206.0 -0.000696503211184
207.0 -0.00068523206697
208.0 -0.000674167587869
209.0 -0.000663307596204
210.0 -0.000652649587059
211.0 -0.000642190712776
212.0 -0.000631927815761
213.0 -0.000621857494429
214.0 -0.000611976182606
215.0 -0.000602280222682
216.0 -0.0005927659171
217.0 -0.000583429549974
218.0 -0.000574267378941
219.0 -0.000565275604765
220.0 -0.000556450331216
221.0 -0.000547787529382
222.0 -0.000539283018845
223.0 -0.000530932473715
224.0 -0.000522731455591
225.0 -0.000514675469495
226.0 -0.000506760034099
227.0 -0.000498980754968
228.0 -0.000491333389657
229.0 -0.000483813896066
230.0 -0.000476418459777
231.0 -0.000469143501198
232.0 -0.000461985667887
233.0 -0.000454941820379
234.0 -0.000448009020516
235.0 -0.000441184529481
236.0 -0.000434465818921
237.0 -0.000427850593793
238.0 -0.000421336820928
239.0 -0.000414922754277
240.0 -0.000408606946962
241.0 -0.000402388242091
242.0 -0.000396265738305
243.0 -0.000390238731292
244.0 -0.000384306637783
245.0 -0.000378468912521
246.0 -0.000372724970553
247.0 -0.000367074126455
248.0 -0.000361515559086
249.0 -0.000356048305847
250.0 -0.000350671285372
251.0 -0.000345383342956
252.0 -0.000340183309948
253.0 -0.000335070066981
254.0 -0.000330042601499
255.0 -0.000325100052058
256.0 -0.000320241734802
257.0 -0.000315467150554
258.0 -0.000310775973612
259.0 -0.000306168025178
260.0 -0.00030164323514
261.0 -0.000297201595946
262.0 -0.000292843111638
263.0 -0.00028856774426
264.0 -0.000284375359047
265.0 -0.000280265669389
266.0 -0.000276238182576
267.0 -0.000272292147821
268.0 -0.000268426508755
269.0 -0.00026463986335
270.0 -0.000260930434667
271.0 -0.000257296055878
272.0 -0.000253734172395
273.0 -0.000250241862855
274.0 -0.000246815879143
275.0 -0.000243452703956
276.0 -0.000240148622859
277.0 -0.000236899806572
278.0 -0.000233702398619
279.0 -0.000230552603473
280.0 -0.000227446770857
281.0 -0.000224381472849
282.0 -0.00022135357152
283.0 -0.000218360275941
284.0 -0.000215399188225
285.0 -0.00021246833882
286.0 -0.000209566211467
287.0 -0.000206691758189
288.0 -0.000203844404488
289.0 -0.000201024044696
290.0 -0.000198231027302
291.0 -0.000195466130074
292.0 -0.000192730524926
293.0 -0.000190025732794
294.0 -0.000187353569119
295.0 -0.00018471608094
296.0 -0.000182115476997
297.0 -0.000179554052574
298.0 -0.000177034111124
299.0 -0.000174557884935
