10.0 -0.081252824024
11.0 -0.0736104145849
12.0 -0.0670030512471
13.0 -0.0612430595155
14.0 -0.0561860684289
15.0 -0.0517181358994
16.0 -0.0477477480486
17.0 -0.0442011705981
18.0 -0.0410188218347
19.0 -0.0381518635111
20.0 -0.0355595385786
21.0 -0.033207478025
22.0 -0.0310666256254
23.0 -0.0291123929003
24.0 -0.0273238661916
25.0 -0.0256830785018
26.0 -0.0241744335407
27.0 -0.022784314147
28.0 -0.0215008129603
29.0 -0.0203135016841
30.0 -0.0192132112721
31.0 -0.018191842615
32.0 -0.0172422206648
33.0 -0.0163579789929
34.0 -0.0155334551408
35.0 -0.0147635906485
36.0 -0.014043844874
37.0 -0.0133701318841
38.0 -0.012738774871
39.0 -0.0121464622851
40.0 -0.0115901986499
41.0 -0.0110672592793
42.0 -0.0105751603083
43.0 -0.0101116417628
44.0 -0.00967465067562
45.0 -0.00926231663414
46.0 -0.00887292513279
47.0 -0.00850489815969
48.0 -0.00815678361017
49.0 -0.00782724713037
50.0 -0.00751506120329
51.0 -0.0072190929887
52.0 -0.0069382953309
53.0 -0.00667170195702
54.0 -0.00641842370901
55.0 -0.00617764270608
56.0 -0.00594860453882
57.0 -0.00573061068996
58.0 -0.00552301254758
59.0 -0.00532520649485
60.0 -0.00513662904404
61.0 -0.00495675205423
62.0 -0.00478507914435
63.0 -0.00462114419935
64.0 -0.00446451159206
65.0 -0.00431477662116
66.0 -0.00417156464102
67.0 -0.00403452837174
68.0 -0.00390334408112
69.0 -0.00377770787161
70.0 -0.00365733296832
71.0 -0.00354194815819
72.0 -0.00343129702057
73.0 -0.00332513757397
74.0 -0.00322324218969
75.0 -0.00312539769265
76.0 -0.00303140538359
77.0 -0.00294108053961
78.0 -0.00285425108029
79.0 -0.00277075551819
80.0 -0.00269044073282
81.0 -0.00261316021174
82.0 -0.00253877315892
83.0 -0.00246714449645
84.0 -0.00239814550895
85.0 -0.00233165476244
86.0 -0.00226755890551
87.0 -0.00220575298019
88.0 -0.00214613996616
89.0 -0.00208862950265
90.0 -0.00203313603254
91.0 -0.0019795768564
92.0 -0.00192787063351
93.0 -0.00187793669513
94.0 -0.00182969523949
95.0 -0.00178306820449
96.0 -0.00173798046451
97.0 -0.00169436099196
98.0 -0.00165214371582
99.0 -0.00161126794073
100.0 -0.00157167831279
101.0 -0.00153332440913
102.0 -0.00149616007734
103.0 -0.00146014266068
104.0 -0.00142523222624
105.0 -0.00139139087914
106.0 -0.00135858220741
107.0 -0.00132677086533
108.0 -0.00129592227313
109.0 -0.00126600239642
110.0 -0.00123697757654
111.0 -0.00120881441107
112.0 -0.00118147971879
113.0 -0.0011549406413
114.0 -0.00112916491862
115.0 -0.00110412132813
116.0 -0.0010797802144
117.0 -0.00105611399131
118.0 -0.001033097488
119.0 -0.00101070804337
120.0 -0.000988925314988
121.0 -0.000967730836002
122.0 -0.000947107407254
123.0 -0.000927038440437
124.0 -0.000907507370872
125.0 -0.000888497240694
126.0 -0.00086999052029
127.0 -0.000851969192585
128.0 -0.000834415075978
129.0 -0.000817310314482
130.0 -0.000800637927707
131.0 -0.000784382298528
132.0 -0.000768529488917
133.0 -0.000753067313273
134.0 -0.000737985154758
135.0 -0.000723273568949
136.0 -0.00070892376496
137.0 -0.000694927075524
138.0 -0.000681274520453
139.0 -0.000667956537024
140.0 -0.000654962906769
141.0 -0.000642282864072
142.0 -0.000629905338547
143.0 -0.000617819266418
144.0 -0.000606013906309
145.0 -0.000594479107693
146.0 -0.000583205499852
147.0 -0.000572184589442
148.0 -0.000561408771816
149.0 -0.000550871273
150.0 -0.000540566045395
151.0 -0.000530487641415
152.0 -0.000520631086243
153.0 -0.000510991764512
154.0 -0.00050156532727
155.0 -0.000492347616669
156.0 -0.00048333459856
157.0 -0.00047452228984
158.0 -0.000465906669352
159.0 -0.000457483568564
160.0 -0.000449248549267
161.0 -0.000441196786848
162.0 -0.000433322985449
163.0 -0.000425621352255
164.0 -0.000418085650875
165.0 -0.000410709339531
166.0 -0.000403485781859
167.0 -0.000396408501296
168.0 -0.000389471438872
169.0 -0.000382669171855
170.0 -0.000375997057905
171.0 -0.000369451284402
172.0 -0.000363028821686
173.0 -0.000356727297442
174.0 -0.000350544823071
175.0 -0.000344479808593
176.0 -0.000338530799773
177.0 -0.000332696360959
178.0 -0.000326975012761
179.0 -0.000321365219086
180.0 -0.00031586540679
181.0 -0.000310473995829
182.0 -0.000305189418883
183.0 -0.000300010115888
184.0 -0.000294934498486
185.0 -0.000289960889029
186.0 -0.000285087446356
187.0 -0.000280312094335
188.0 -0.000275632469097
189.0 -0.000271045897458
190.0 -0.000266549413496
191.0 -0.000262139813933
192.0 -0.000257813746891
193.0 -0.000253567823684
194.0 -0.000249398740039
195.0 -0.000245303392055
196.0 -0.000241278973331
197.0 -0.000237323043116
198.0 -0.000233433560401
199.0 -0.000229608884772
200.0 -0.000225847750241
201.0 -0.000222149222006
202.0 -0.00021851264704
203.0 -0.000214937607536
204.0 -0.000211423881907
205.0 -0.000207971412598
206.0 -0.000204580275157
207.0 -0.000201250640251
208.0 -0.00019798272074
209.0 -0.000194776699599
210.0 -0.000191632640478
211.0 -0.000188550389566
212.0 -0.00018552948306
213.0 -0.000182569077397
214.0 -0.00017966791828
215.0 -0.000176824359421
216.0 -0.000174036433704
217.0 -0.000171301969838
218.0 -0.000168618738628
219.0 -0.000165984606615
220.0 -0.000163397672588
221.0 -0.000160856364772
222.0 -0.000158359482981
223.0 -0.00015590617952
224.0 -0.000153495883208
225.0 -0.000151128180603
226.0 -0.000148802675627
227.0 -0.000146518851963
228.0 -0.00014427596143
229.0 -0.000142072956392
230.0 -0.000139908476157
231.0 -0.000137780887936
232.0 -0.000135688373946
233.0 -0.000133629049302
234.0 -0.000131601091565
235.0 -0.000129602862568
236.0 -0.000127633006242
237.0 -0.000125690511586
238.0 -0.000123774736452
239.0 -0.000121885394005
240.0 -0.000120022508501
241.0 -0.000118186349709
242.0 -0.000116377355771
243.0 -0.000114596053086
244.0 -0.000112842979522
245.0 -0.000111118614938
246.0 -0.000109423321193
247.0 -0.000107757293014
248.0 -0.000106120521144
249.0 -0.000104512769835
250.0 -0.000102933571319
251.0 -0.000101382239927
252.0 -9.98579075268e-05
253.0 -9.83595800277e-05
254.0 -9.68862118651e-05
255.0 -9.54367924026e-05
256.0 -9.40104355229e-05
257.0 -9.26064620654e-05
258.0 -9.1224464606e-05
259.0 -8.98643455468e-05
260.0 -8.85263224444e-05
261.0 -8.7210898521e-05
262.0 -8.59188007422e-05
263.0 -8.46508920017e-05
264.0 -8.34080671863e-05
265.0 -8.21911447066e-05
266.0 -8.10007652688e-05
267.0 -7.98373082451e-05
268.0 -7.87008333035e-05
269.0 -7.75910514453e-05
270.0 -7.65073258536e-05
271.0 -7.54486995439e-05
272.0 -7.44139441702e-05
273.0 -7.34016227672e-05
274.0 -7.24101587772e-05
275.0 -7.14379043137e-05
276.0 -7.04832019983e-05
277.0 -6.95444365439e-05
278.0 -6.86200742094e-05
279.0 -6.77086900272e-05
280.0 -6.68089841028e-05
281.0 -6.5919789215e-05
282.0 -6.50400723952e-05
283.0 -6.41689331955e-05
284.0 -6.33056010702e-05
285.0 -6.24494337847e-05
286.0 -6.15999181383e-05
287.0 -6.07566735886e-05
288.0 -5.99194586753e-05
289.0 -5.90881794871e-05
290.0 -5.82628988563e-05
291.0 -5.74438445431e-05
292.0 -5.6631414433e-05
293.0 -5.58261767656e-05
294.0 -5.50288636425e-05
295.0 -5.42403565301e-05
296.0 -5.34616631382e-05
297.0 -5.26938858321e-05
298.0 -5.1938182563e-05
299.0 -5.11957220538e-05
