10.0 -0.175365511979
11.0 -0.158869840554
12.0 -0.144610251458
13.0 -0.132180596432
14.0 -0.121267018101
15.0 -0.111623157082
16.0 -0.10305290594
17.0 -0.0953981868939
18.0 -0.088530134846
19.0 -0.0823426309018
20.0 -0.0767474867876
21.0 -0.0716708079715
22.0 -0.0670502113197
23.0 -0.0628326711366
24.0 -0.0589728334065
25.0 -0.0554316831644
26.0 -0.0521754812291
27.0 -0.049174908567
28.0 -0.0464043722644
29.0 -0.0438414384304
30.0 -0.0414663656393
31.0 -0.0392617186325
32.0 -0.037212046569
33.0 -0.035303613541
34.0 -0.0335241716879
35.0 -0.0318627692367
36.0 -0.0303095873444
37.0 -0.0288558008188
38.0 -0.027493458736
39.0 -0.026215381717
40.0 -0.0250150732153
41.0 -0.0238866426387
42.0 -0.0228247385075
43.0 -0.0218244901584
44.0 -0.020881456749
45.0 -0.019991582524
46.0 -0.0191511574672
47.0 -0.0183567826029
48.0 -0.0176053393213
49.0 -0.0168939621978
50.0 -0.0162200148543
51.0 -0.0155810684752
52.0 -0.0149748826472
53.0 -0.0143993882373
54.0 -0.0138526720629
55.0 -0.0133329631414
56.0 -0.0128386203351
57.0 -0.01236812123
58.0 -0.0119200521097
59.0 -0.0114930989019
60.0 -0.0110860389911
61.0 -0.0106977338027
62.0 -0.0103271220776
63.0 -0.00997321376301
64.0 -0.00963508445757
65.0 -0.00931187035187
66.0 -0.00900276361597
67.0 -0.0087070081886
68.0 -0.00842389592863
69.0 -0.0081527630938
70.0 -0.0078929871151
71.0 -0.0076439836389
72.0 -0.00740520381177
73.0 -0.00717613178544
74.0 -0.00695628242191
75.0 -0.00674519918051
76.0 -0.00654245217074
77.0 -0.00634763635615
78.0 -0.00616036989614
79.0 -0.00598029261378
80.0 -0.00580706457875
81.0 -0.00564036479578
82.0 -0.0054798899898
83.0 -0.00532535347955
84.0 -0.00517648413272
85.0 -0.00503302539573
86.0 -0.00489473439231
87.0 -0.00476138108534
88.0 -0.00463274749699
89.0 -0.00450862698254
90.0 -0.00438882355389
91.0 -0.00427315124873
92.0 -0.0041614335421
93.0 -0.00405350279704
94.0 -0.00394919975144
95.0 -0.00384837303847
96.0 -0.003750878738
97.0 -0.00365657995696
98.0 -0.0035653464363
99.0 -0.00347705418294
100.0 -0.00339158512468
101.0 -0.00330882678661
102.0 -0.00322867198753
103.0 -0.00315101855489
104.0 -0.00307576905706
105.0 -0.00300283055181
106.0 -0.00293211434972
107.0 -0.00286353579175
108.0 -0.00279701403985
109.0 -0.00273247187983
110.0 -0.00266983553571
111.0 -0.00260903449478
112.0 -0.0025500013426
113.0 -0.00249267160747
114.0 -0.00243698361366
115.0 -0.00238287834282
116.0 -0.00233029930317
117.0 -0.00227919240585
118.0 -0.00222950584819
119.0 -0.0021811900032
120.0 -0.00213419731513
121.0 -0.0020884822007
122.0 -0.00204400095548
123.0 -0.00200071166539
124.0 -0.00195857412279
125.0 -0.00191754974702
126.0 -0.00187760150902
127.0 -0.00183869385999
128.0 -0.00180079266354
129.0 -0.00176386513151
130.0 -0.0017278797629
131.0 -0.00169280628601
132.0 -0.00165861560341
133.0 -0.00162527973971
134.0 -0.00159277179189
135.0 -0.00156106588215
136.0 -0.00153013711299
137.0 -0.00149996152458
138.0 -0.00147051605413
139.0 -0.00144177849727
140.0 -0.00141372747127
141.0 -0.00138634238001
142.0 -0.00135960338063
143.0 -0.0013334913518
144.0 -0.00130798786337
145.0 -0.00128307514757
146.0 -0.00125873607149
147.0 -0.00123495411081
148.0 -0.00121171332481
149.0 -0.00118899833246
150.0 -0.00116679428968
151.0 -0.00114508686751
152.0 -0.00112386223144
153.0 -0.00110310702148
154.0 -0.00108280833328
155.0 -0.00106295370002
156.0 -0.00104353107508
157.0 -0.00102452881552
158.0 -0.00100593566631
159.0 -0.000987740745148
160.0 -0.000969933528056
161.0 -0.000952503835526
162.0 -0.000935441819287
163.0 -0.000918737949645
164.0 -0.000902383003355
165.0 -0.000886368052014
166.0 -0.000870684450948
167.0 -0.000855323828564
168.0 -0.000840278076152
169.0 -0.000825539338111
170.0 -0.000811100002589
171.0 -0.000796952692504
172.0 -0.000783090256941
173.0 -0.000769505762899
174.0 -0.000756192487382
175.0 -0.000743143909805
176.0 -0.000730353704719
177.0 -0.000717815734822
178.0 -0.000705524044251
179.0 -0.000693472852156
180.0 -0.000681656546515
181.0 -0.000670069678206
182.0 -0.000658706955311
183.0 -0.000647563237646
184.0 -0.000636633531505
185.0 -0.000625912984612
186.0 -0.00061539688127
187.0 -0.000605080637699
188.0 -0.000594959797551
189.0 -0.000585030027609
190.0 -0.000575287113635
191.0 -0.000565726956396
192.0 -0.000556345567825
193.0 -0.000547139067342
194.0 -0.000538103678304
195.0 -0.000529235724593
196.0 -0.000520531627339
197.0 -0.000511987901752
198.0 -0.000503601154087
199.0 -0.000495368078709
200.0 -0.000487285455279
201.0 -0.000479350146035
202.0 -0.000471559093178
203.0 -0.000463909316351
204.0 -0.000456397910211
205.0 -0.000449022042092
206.0 -0.00044177894975
207.0 -0.00043466593919
208.0 -0.00042768038257
209.0 -0.000420819716185
210.0 -0.000414081438517
211.0 -0.00040746310836
212.0 -0.000400962343008
213.0 -0.000394576816505
214.0 -0.000388304257965
215.0 -0.000382142449942
216.0 -0.000376089226862
217.0 -0.000370142473508
218.0 -0.000364300123558
219.0 -0.000358560158172
220.0 -0.000352920604632
221.0 -0.000347379535024
222.0 -0.000341935064967
223.0 -0.000336585352383
224.0 -0.000331328596314
225.0 -0.000326163035776
226.0 -0.000321086948647
227.0 -0.000316098650602
228.0 -0.000311196494072
229.0 -0.000306378867249
230.0 -0.000301644193116
231.0 -0.000296990928512
232.0 -0.000292417563228
233.0 -0.00028792261913
234.0 -0.000283504649312
235.0 -0.000279162237282
236.0 -0.000274893996161
237.0 -0.000270698567923
238.0 -0.000266574622648
239.0 -0.000262520857802
240.0 -0.000258535997544
241.0 -0.000254618792051
242.0 -0.000250768016862
243.0 -0.000246982472247
244.0 -0.000243260982595
245.0 -0.000239602395818
246.0 -0.000236005582775
247.0 -0.000232469436716
248.0 -0.000228992872739
249.0 -0.000225574827264
250.0 -0.00022221425753
251.0 -0.000218910141092
252.0 -0.000215661475352
253.0 -0.000212467277087
254.0 -0.000209326582004
255.0 -0.000206238444296
256.0 -0.000203201936225
257.0 -0.000200216147701
258.0 -0.00019728018589
259.0 -0.00019439317482
260.0 -0.000191554255003
261.0 -0.000188762583071
262.0 -0.000186017331417
263.0 -0.000183317687852
264.0 -0.000180662855261
265.0 -0.000178052051284
266.0 -0.000175484507992
267.0 -0.000172959471578
268.0 -0.00017047620206
269.0 -0.000168033972981
270.0 -0.000165632071131
271.0 -0.000163269796263
272.0 -0.000160946460828
273.0 -0.000158661389711
274.0 -0.000156413919974
275.0 -0.000154203400605
276.0 -0.00015202919228
277.0 -0.000149890667122
278.0 -0.000147787208474
279.0 -0.00014571821067
280.0 -0.00014368307882
281.0 -0.000141681228598
282.0 -0.000139712086027
283.0 -0.000137775087283
284.0 -0.000135869678493
285.0 -0.000133995315547
286.0 -0.000132151463901
287.0 -0.000130337598401
288.0 -0.000128553203101
289.0 -0.000126797771088
290.0 -0.000125070804308
291.0 -0.000123371813404
292.0 -0.000121700317551
293.0 -0.000120055844294
294.0 -0.000118437929395
295.0 -0.000116846116683
296.0 -0.000115279957899
297.0 -0.000113739012557
298.0 -0.000112222847797
299.0 -0.000110731038252
