10.0 -0.2690514277433588
11.0 -0.24120538636916153
12.0 -0.2168444619253256
13.0 -0.19534651313862167
14.0 -0.17623744498472438
15.0 -0.15914679371430326
16.0 -0.14378003531161432
17.0 -0.12990240894224278
18.0 -0.11732627618769534
19.0 -0.10589926578792472
20.0 -0.09549501696830522
21.0 -0.08600728295653011
22.0 -0.07734619087171177
23.0 -0.06943532813491196
24.0 -0.0622090427629894
25.0 -0.055609997584901115
26.0 -0.04958727411071486
27.0 -0.04409513208320285
28.0 -0.03909220753183674
29.0 -0.03454085831894798
30.0 -0.0304065580333904
31.0 -0.026657401104797137
32.0 -0.02326375954868829
33.0 -0.02019804324579263
34.0 -0.017434493349216467
35.0 -0.014948985191965856
36.0 -0.012718869709015642
37.0 -0.010722883427824782
38.0 -0.008941106767485172
39.0 -0.0073549156537663675
40.0 -0.005946901922074476
41.0 -0.004700794020423486
42.0 -0.0036014173330858397
43.0 -0.002634686832547572
44.0 -0.001787588257060684
45.0 -0.0010481226018539743
46.0 -0.0004052333072700688
47.0 0.00015125049959958858
48.0 0.0006306481688198152
49.0 0.0010414599198041415
50.0 0.0013914141707770786
51.0 0.0016875236161630254
52.0 0.001936133985502832
53.0 0.002142961113672903
54.0 0.0023131263549025535
55.0 0.0024512002802018324
56.0 0.0025612537128167604
57.0 0.0026469080743292176
58.0 0.002711379939776997
59.0 0.0027575212266687343
60.0 0.002787858284877099
61.0 0.002804629550434041
62.0 0.0028098178111902075
63.0 0.0028051739164345656
64.0 0.0027922331739732545
65.0 0.002772329557875907
66.0 0.002746612964167002
67.0 0.0027160713069619953
68.0 0.002681555142435607
69.0 0.0026438006677599697
70.0 0.00260344810478023
71.0 0.0025610550395438448
72.0 0.002517106037812204
73.0 0.002472019909620821
74.0 0.0024261552212666952
75.0 0.0023798144111655747
76.0 0.0023332474995614223
77.0 0.0022866569851784846
78.0 0.0022402050693338597
79.0 0.0021940228654934234
80.0 0.002148219805946973
81.0 0.0021028910946559584
82.0 0.0020581218837560276
83.0 0.0020139881271029865
84.0 0.0019705550083275016
85.0 0.0019278742384052784
86.0 0.0018859815960390114
87.0 0.0018448960137130367
88.0 0.0018046211779721747
89.0 0.0017651498554814582
90.0 0.0017264701233921302
91.0 0.0016885718482295344
92.0 0.00165145158633974
93.0 0.0016151146650992467
94.0 0.0015795742156489464
95.0 0.0015448478640933505
96.0 0.0015109532977725275
97.0 0.0014779039439592983
98.0 0.0014457056811831737
99.0 0.0014143550551488865
100.0 0.001383839048851244
101.0 0.0013541361454196383
102.0 0.0013252182536071563
103.0 0.001297053031718076
104.0 0.0012696062098753469
105.0 0.0012428436265942758
106.0 0.0012167328274216836
107.0 0.0011912441996485745
108.0 0.0011663517187754868
109.0 0.0011420334323028465
110.0 0.001118271780063198
111.0 0.0010950537528425976
112.0 0.0010723707725158052
113.0 0.001050218114197829
114.0 0.0010285937423832364
115.0 0.0010074965975695627
116.0 0.0009869245807050358
117.0 0.0009668726421986594
118.0 0.0009473314142162754
119.0 0.0009282867131119757
120.0 0.0009097200283417466
121.0 0.0008916098822883035
122.0 0.0008739337619798601
123.0 0.0008566702257827152
124.0 0.0008398007782966455
125.0 0.0008233111679806364
126.0 0.0008071918747599429
127.0 0.0007914377030539977
128.0 0.0007760465628165558
129.0 0.0007610176829808396
130.0 0.0007463496248734181
131.0 0.0007320385136815148
132.0 0.0007180768629407964
133.0 0.0007044532338338706
134.0 0.0006911527787257787
135.0 0.0006781585169317846
136.0 0.0006654530337089436
137.0 0.0006530202203931769
138.0 0.0006408466977795636
139.0 0.0006289226707568144
140.0 0.0006172421129571584
141.0 0.0006058023313892856
142.0 0.0005946030754282262
143.0 0.000583645411912745
144.0 0.0005729305876165466
145.0 0.0005624590561641035
146.0 0.0005522297795835134
147.0 0.0005422398451212302
148.0 0.0005324843796649852
149.0 0.0005229567038595519
150.0 0.0005136486468457526
151.0 0.0005045509386174545
152.0 0.0004956536074555025
153.0 0.00048694633163074466
154.0 0.00047841872355814877
155.0 0.00047006055513423996
156.0 0.00046186195777653125
157.0 0.0004538136422104736
158.0 0.0004459071762149099
159.0 0.0004381353331975014
160.0 0.00043049248671246643
161.0 0.00042297498719773416
162.0 0.00041558143069748114
163.0 0.00040831272618092657
164.0 0.0004011718928853481
165.0 0.00039416356801672697
166.0 0.00038729326647111317
167.0 0.0003805664918906556
168.0 0.00037398783660445726
169.0 0.0003675602161154269
170.0 0.00036128435914476587
171.0 0.00035515862284973804
172.0 0.0003491791374873943
173.0 0.0003433402214542049
174.0 0.0003376349611269654
175.0 0.00033205583024083267
176.0 0.00032659523348383106
177.0 0.0003212458938636718
178.0 0.00031600105260463885
179.0 0.00031085450043578683
180.0 0.0003058004976105225
181.0 0.00030083365849576933
182.0 0.00029594887279954925
183.0 0.00029114131326602464
184.0 0.0002864065470848803
185.0 0.00028174073497702694
186.0 0.00027714087621590955
187.0 0.00027260504467240416
188.0 0.00026813256134137375
189.0 0.00026372406047662817
190.0 0.0002593814253622481
191.0 0.00025510759146331547
192.0 0.0002509062354304583
193.0 0.00024678138533787967
194.0 0.00024273699860623277
195.0 0.00023877655793814342
196.0 0.0002349027315934632
197.0 0.00023111713276584183
198.0 0.00022742019538191655
199.0 0.00022381116351450958
200.0 0.00022028817304619008
201.0 0.0002168483916117549
202.0 0.00021348817939388247
203.0 0.00021020323996392734
204.0 0.00020698874514757062
205.0 0.00020383943646788092
206.0 0.00020074972236399586
207.0 0.00019771379971391816
208.0 0.00019472582677642678
209.0 0.00019178016214603595
210.0 0.00018887166361315107
211.0 0.0001859960174352381
212.0 0.0001831500490479166
213.0 0.00018033195658521942
214.0 0.00017754141234351936
215.0 0.0001747794948303218
216.0 0.0001720484421744841
217.0 0.00016935125063722044
218.0 0.00016669117265069195
219.0 0.00016407119048696283
220.0 0.0001614935494833485
221.0 0.00015895942681559236
222.0 0.00015646878949178002
223.0 0.00015402046281609946
224.0 0.00015161239426024942
225.0 0.00014924206433193329
226.0 0.00014690697176426097
227.0 0.00014460510940293405
228.0 0.00014233535115360194
229.0 0.00014009768804774844
230.0 0.00013789327916601614
231.0 0.00013572431538654266
232.0 0.0001335937246600619
233.0 0.0001315047712975618
234.0 0.00012946061477054534
235.0 0.000127463894273058
236.0 0.00012551639478351797
237.0 0.00012361883173689847
238.0 0.00012177076913146833
239.0 0.00011997066464843081
240.0 0.00011821601903218289
241.0 0.00011650359781887225
242.0 0.00011482969181273203
243.0 0.00011319038701706079
244.0 0.00011158182239359458
245.0 0.00011000042190860148
246.0 0.0001084430934250034
247.0 0.00010690738986394654
248.0 0.00010539162779665846
249.0 0.0001038949565198269
250.0 0.0001024173686471522
251.0 0.00010095964323259621
252.0 9.952321571197258e-05
253.0 9.81099757606346e-05
254.0 9.672200364568727e-05
255.0 9.536126602632018e-05
256.0 9.402930119383825e-05
257.0 9.272692930521396e-05
258.0 9.145402371201307e-05
259.0 9.02093744369849e-05
260.0 8.89906647042774e-05
261.0 8.779456766668083e-05
262.0 8.661695525426027e-05
263.0 8.545319681090873e-05
264.0 8.429851411185107e-05
265.0 8.314835310396832e-05
266.0 8.199873206843225e-05
267.0 8.084653071279949e-05
268.0 7.96896939332583e-05
269.0 7.852733598736822e-05
270.0 7.735974361531271e-05
271.0 7.618828832373553e-05
272.0 7.501526704874572e-05
273.0 7.384369578308783e-05
274.0 7.267708221136424e-05
275.0 7.151920131719923e-05
276.0 7.037389316880306e-05
277.0 6.924489578646655e-05
278.0 6.813571930854168e-05
279.0 6.704956159143876e-05
280.0 6.59892605880239e-05
281.0 6.49572756823198e-05
282.0 6.395568863391279e-05
283.0 6.298621469305082e-05
284.0 6.205021545745798e-05
285.0 6.11487068031911e-05
286.0 6.028235742595806e-05
287.0 5.945147593248589e-05
288.0 5.865598683615724e-05
289.0 5.7895398076457425e-05
290.0 5.71687646383056e-05
291.0 5.647465432733256e-05
292.0 5.581112259493148e-05
293.0 5.517570336990242e-05
294.0 5.45654220766105e-05
295.0 5.3976835435737794e-05
296.0 5.34061003942036e-05
297.0 5.28490718532385e-05
298.0 5.2301426061169614e-05
299.0 5.175880393027275e-05
