10.0 -0.2702903774694473
11.0 -0.24266579850367284
12.0 -0.21853387199849014
13.0 -0.19726961567722856
14.0 -0.1783961388981956
15.0 -0.1615402713203137
16.0 -0.1464049110266513
17.0 -0.13275288297819554
18.0 -0.12039432807514786
19.0 -0.10917487219531452
20.0 -0.09896638810250989
21.0 -0.08966111180823688
22.0 -0.08116790969672484
23.0 -0.07340936682489968
24.0 -0.06631908413743517
25.0 -0.059839225109378155
26.0 -0.0539186080929568
27.0 -0.04851145099536623
28.0 -0.043576551732931505
29.0 -0.03907661408496907
30.0 -0.03497762042539846
31.0 -0.031248314800578957
32.0 -0.02785983731785211
33.0 -0.02478546225023172
34.0 -0.022000369892735298
35.0 -0.019481428919268132
36.0 -0.01720701856264176
37.0 -0.015156920911864076
38.0 -0.013312263240966045
39.0 -0.011655455488301259
40.0 -0.010170098412775063
41.0 -0.00884089394250144
42.0 -0.0076535969957986375
43.0 -0.006595001404464989
44.0 -0.00565291602930395
45.0 -0.004816105726086717
46.0 -0.004074216399489792
47.0 -0.0034177173461248517
48.0 -0.0028378672679052583
49.0 -0.002326682973741806
50.0 -0.001876893905729879
51.0 -0.001481888531896319
52.0 -0.0011356685346437516
53.0 -0.0008328150396103254
54.0 -0.0005684567398092085
55.0 -0.0003382298762253845
56.0 -0.00013823093456451305
57.0 3.502998692440539e-05
58.0 0.0001846700967636619
59.0 0.00031347058961620996
60.0 0.0004239123899380443
61.0 0.0005182106504804633
62.0 0.000598344072590117
63.0 0.000666075891981874
64.0 0.000722967778775125
65.0 0.0007703917750701766
66.0 0.0008095455031750517
67.0 0.0008414724294780776
68.0 0.0008670848613150902
69.0 0.0008871855120995343
70.0 0.0009024846313890158
71.0 0.0009136122571971487
72.0 0.0009211268965832205
73.0 0.0009255219935431867
74.0 0.0009272307688628889
75.0 0.0009266297751895971
76.0 0.0009240421448000319
77.0 0.0009197421114380266
78.0 0.000913961935873578
79.0 0.0009069008831837829
80.0 0.0008987344543390916
81.0 0.000889621712931857
82.0 0.0008797093771594702
83.0 0.0008691326238866011
84.0 0.0008580134964450056
85.0 0.0008464582060744972
86.0 0.0008345546958457381
87.0 0.000822371766061201
88.0 0.0008099607263553327
89.0 0.0007973597832006238
90.0 0.0007846003389227695
91.0 0.0007717135443976767
92.0 0.0007587352767580687
93.0 0.000745708299896296
94.0 0.0007326813773607984
95.0 0.0007197060436416144
96.0 0.0007068322496949257
97.0 0.0006941041194611081
98.0 0.0006815567371150237
99.0 0.0006692144366670841
100.0 0.000657090643262081
101.0 0.0006451890045325013
102.0 0.0006335053818087255
103.0 0.0006220302369192838
104.0 0.0006107510144638948
105.0 0.0005996542355397245
106.0 0.0005887271507203777
107.0 0.0005779589263557359
108.0 0.0005673414399471178
109.0 0.0005568698102564739
110.0 0.00054654276146071
111.0 0.0005363628231981082
112.0 0.0005263362498343404
113.0 0.0005164724795551379
114.0 0.0005067830053619676
115.0 0.0004972796945712253
116.0 0.0004879728042600653
117.0 0.00047886909949749763
118.0 0.0004699705131826764
119.0 0.0004612736744349002
120.0 0.00045277042197421763
121.0 0.00044444918701015543
122.0 0.00043629694670612097
123.0 0.00042830135138062595
124.0 0.00042045261875154423
125.0 0.0004127448498244341
126.0 0.0004051765337456097
127.0 0.0003977501571251702
128.0 0.00039047100048355166
129.0 0.0003833453662727154
130.0 0.0003763786060904883
131.0 0.0003695733652241917
132.0 0.00036292841953846294
133.0 0.00035643834654234304
134.0 0.00035009408010339013
135.0 0.0003438841968426447
136.0 0.00033779662523745156
137.0 0.0003318203953864111
138.0 0.0003259470715639776
139.0 0.00032017161560264417
140.0 0.0003144925798881658
141.0 0.00030891167995722885
142.0 0.00030343291109050633
143.0 0.00029806143066847264
144.0 0.00029280242757077717
145.0 0.0002876601557024124
146.0 0.00028263724184971476
147.0 0.00027773430850008455
148.0 0.0002729498939794365
149.0 0.0002682806119988547
150.0 0.00026372147154696523
151.0 0.0002592662741286482
152.0 0.0002549080158149469
153.0 0.0002506392433027183
154.0 0.0002464523421730132
155.0 0.00024233976608845656
156.0 0.00023829424045751897
157.0 0.00023430898562163684
158.0 0.000230377997788098
159.0 0.00022649640059334278
160.0 0.0002226608424234414
161.0 0.00021886987578439876
162.0 0.00021512422850448557
163.0 0.00021142687339622572
164.0 0.00020778282782281875
165.0 0.00020419866351890258
166.0 0.00020068176834451914
167.0 0.00019723945930075134
168.0 0.00019387808437035307
169.0 0.00019060225885568038
170.0 0.0001874143572346472
171.0 0.00018431433015712938
172.0 0.00018129985085887066
173.0 0.00017836673192483918
174.0 0.00017550950682714293
175.0 0.0001727220509710918
176.0 0.0001699981269247089
177.0 0.00016733177338211085
178.0 0.000164717506612296
179.0 0.0001621503532478099
180.0 0.00015962577174669963
181.0 0.00015713953835986555
182.0 0.00015468766966754598
183.0 0.00015226643151027957
184.0 0.00014987245155928086
185.0 0.00014750291948825874
186.0 0.0001451558330081251
187.0 0.00014283023485690724
188.0 0.00014052638620930496
189.0 0.00013824583364096916
190.0 0.000135991345685373
191.0 0.0001337667167374233
192.0 0.0001315764567902175
193.0 0.0001294254023968863
194.0 0.00012731829532095732
195.0 0.00012525937921439864
196.0 0.00012325206066063723
197.0 0.00012129866935259974
198.0 0.0001194003347335697
199.0 0.00011755697629629316
200.0 0.00011576738617822205
201.0 0.00011402937008020832
202.0 0.00011233990907893276
203.0 0.00011069531151845407
204.0 0.00010909133895152024
205.0 0.00010752330867196012
206.0 0.00010598619202332157
207.0 0.00010447473699779092
208.0 0.00010298364222507808
209.0 0.00010150779692942661
210.0 0.0001000425807313019
211.0 9.858419378454535e-05
212.0 9.712996826407134e-05
213.0 9.567860256102901e-05
214.0 9.423026330960188e-05
215.0 9.27865178785784e-05
216.0 9.135008809875402e-05
217.0 8.992444896271111e-05
218.0 8.851332672374174e-05
219.0 8.712017249951483e-05
220.0 8.574769531192347e-05
221.0 8.439753056267345e-05
222.0 8.307009762787622e-05
223.0 8.176466783320535e-05
224.0 8.047962776162473e-05
225.0 7.921288949870958e-05
226.0 7.796237515596502e-05
227.0 7.672649206622511e-05
228.0 7.5504519030976e-05
229.0 7.429684169521284e-05
230.0 7.310500280561072e-05
231.0 7.193156533552362e-05
232.0 7.077981719348647e-05
233.0 6.965337001456476e-05
234.0 6.855571754663428e-05
235.0 6.748981989110521e-05
236.0 6.645776934467002e-05
237.0 6.54605749593693e-05
238.0 6.449808064997249e-05
239.0 6.356901043002421e-05
240.0 6.26711180254019e-05
241.0 6.180140895243893e-05
242.0 6.095640145778461e-05
243.0 6.0132397022901595e-05
244.0 5.9325738801543406e-05
245.0 5.853304444160542e-05
246.0 5.77514058424532e-05
247.0 5.6978551261616246e-05
248.0 5.6212964921015624e-05
249.0 5.54539571541553e-05
250.0 5.470167611409428e-05
251.0 5.395705204394677e-05
252.0 5.3221668381910674e-05
253.0 5.249756078319623e-05
254.0 5.178695462129442e-05
255.0 5.10919619056925e-05
256.0 5.0414267590891186e-05
257.0 4.975484081372991e-05
258.0 4.9113707144277666e-05
259.0 4.84898128864485e-05
260.0 4.788100231895383e-05
261.0 4.728411500580652e-05
262.0 4.6695195088013106e-05
263.0 4.6109790212099614e-05
264.0 4.552330667985554e-05
265.0 4.49313811550384e-05
266.0 4.433022862323982e-05
267.0 4.371693111194154e-05
268.0 4.308964091457535e-05
269.0 4.2447684065583355e-05
270.0 4.179156261459368e-05
271.0 4.1122865927397946e-05
272.0 4.044411024722688e-05
273.0 3.975853112135095e-05
274.0 3.9069854759724644e-05
275.0 3.8382072314715725e-05
276.0 3.769923631538646e-05
277.0 3.7025292188164254e-05
278.0 3.636395110935732e-05
279.0 3.571860435390381e-05
280.0 3.509227451284001e-05
281.0 3.4487595784020036e-05
282.0 3.3906814013938276e-05
283.0 3.335179707327883e-05
284.0 3.282404715542149e-05
285.0 3.232470834452295e-05
286.0 3.185456499950293e-05
287.0 3.1414028898770524e-05
288.0 3.1003115500299335e-05
289.0 3.06214119320616e-05
290.0 3.026804127948664e-05
291.0 2.99416292119918e-05
292.0 2.9640279824036213e-05
293.0 2.936156762530845e-05
294.0 2.9102551834415864e-05
295.0 2.8859817543988165e-05
296.0 2.8629546073605418e-05
297.0 2.8407614148269178e-05
298.0 2.8189718737303635e-05
299.0 2.7971521781855255e-05
