10.0 0.040092373248
11.0 0.0399450115416
12.0 0.0396652939435
13.0 0.0392830987557
14.0 0.0388214135811
15.0 0.0382980881484
16.0 0.037727126659
17.0 0.0371196852271
18.0 0.0364847690918
19.0 0.0358296825649
20.0 0.0351603516869
21.0 0.034481596058
22.0 0.0337973604193
23.0 0.0331108952045
24.0 0.0324248853652
25.0 0.0317415418799
26.0 0.0310626751108
27.0 0.0303897611865
28.0 0.0297240014201
29.0 0.0290663709595
30.0 0.0284176565967
31.0 0.02777848726
32.0 0.0271493600179
33.0 0.0265306619747
34.0 0.0259226876178
35.0 0.0253256522337
36.0 0.024739703157
37.0 0.0241649302479
38.0 0.0236013754296
39.0 0.0230490402515
40.0 0.0225078913427
41.0 0.0219778649858
42.0 0.0214588720064
43.0 0.0209508027917
44.0 0.0204535313268
45.0 0.0199669177195
46.0 0.0194908098926
47.0 0.01902504544
48.0 0.0185694538794
49.0 0.0181238587923
50.0 0.0176880794351
51.0 0.0172619319893
52.0 0.016845230844
53.0 0.0164377899823
54.0 0.0160394241606
55.0 0.0156499495953
56.0 0.0152691841897
57.0 0.0148969475489
58.0 0.0145330609759
59.0 0.0141773474759
60.0 0.0138296317451
61.0 0.0134897402076
62.0 0.0131575012327
63.0 0.012832745599
64.0 0.0125153071117
65.0 0.0122050231513
66.0 0.0119017349505
67.0 0.0116052875381
68.0 0.0113155294525
69.0 0.0110323124052
70.0 0.0107554910443
71.0 0.0104849228736
72.0 0.0102204683064
73.0 0.00996199080526
74.0 0.0097093570606
75.0 0.00946243715955
76.0 0.00922110467961
77.0 0.00898523664315
78.0 0.00875471330635
79.0 0.00852941782452
80.0 0.0083092358924
81.0 0.00809405546841
82.0 0.00788376665337
83.0 0.00767826173212
84.0 0.00747743533253
85.0 0.00728118462442
86.0 0.00708940947206
87.0 0.00690201246427
88.0 0.00671889877876
89.0 0.00653997588727
90.0 0.00636515316382
91.0 0.00619434149602
92.0 0.00602745300292
93.0 0.00586440092891
94.0 0.00570509972901
95.0 0.00554946530779
96.0 0.00539741534068
97.0 0.005248869598
98.0 0.00510375020473
99.0 0.00496198179333
100.0 0.00482349153477
101.0 0.00468820905614
102.0 0.00455606626955
103.0 0.00442699714472
104.0 0.00430093745758
105.0 0.0041778245424
106.0 0.00405759706724
107.0 0.00394019484393
108.0 0.0038255586769
109.0 0.00371363025097
110.0 0.00360435205758
111.0 0.00349766736137
112.0 0.00339352021109
113.0 0.00329185549802
114.0 0.00319261905948
115.0 0.00309575781467
116.0 0.00300121990972
117.0 0.0029089548426
118.0 0.00281891353895
119.0 0.00273104835938
120.0 0.00264531303239
121.0 0.00256166252325
122.0 0.00248005286125
123.0 0.00240044095592
124.0 0.00232278443317
125.0 0.00224704151819
126.0 0.00217317098203
127.0 0.0021011321569
128.0 0.00203088501158
129.0 0.00196239026674
130.0 0.0018956095217
131.0 0.00183050536213
132.0 0.00176704142227
133.0 0.00170518238565
134.0 0.00164489392183
135.0 0.00158614257054
136.0 0.00152889559531
137.0 0.00147312083387
138.0 0.00141878657122
139.0 0.00136586145468
140.0 0.00131431446006
141.0 0.00126411490772
142.0 0.00121523251827
143.0 0.00116763749281
144.0 0.00112130060058
145.0 0.00107619325925
146.0 0.00103228759652
147.0 0.000989556487055
148.0 0.000947973562893
149.0 0.000907513199876
150.0 0.000868150484607
151.0 0.000829861167931
152.0 0.000792621610713
153.0 0.000756408726672
154.0 0.000721199925337
155.0 0.000686973056468
156.0 0.000653706355941
157.0 0.000621378392597
158.0 0.000589968016168
159.0 0.000559454307888
160.0 0.000529816537396
161.0 0.000501034131278
162.0 0.000473086659275
163.0 0.000445953843345
164.0 0.000419615592184
165.0 0.000394052059993
166.0 0.000369243723907
167.0 0.000345171470787
168.0 0.000321816681822
169.0 0.000299161303377
170.0 0.000277187894642
171.0 0.000255879646653
172.0 0.000235220372086
173.0 0.000215194469867
174.0 0.000195786872164
175.0 0.000176982982934
176.0 0.000158768616817
177.0 0.00014112994505
178.0 0.000124053451912
179.0 0.000107525901894
180.0 9.15343151358e-05
181.0 7.60659472417e-05
182.0 6.11082695644e-05
183.0 4.66489472741e-05
184.0 3.26758144486e-05
185.0 1.91768475073e-05
186.0 6.14013995842e-06
187.0 -6.44611770344e-06
188.0 -1.85936491746e-05
189.0 -3.03140917167e-05
190.0 -4.16189823406e-05
191.0 -5.25197311868e-05
192.0 -6.30275842311e-05
193.0 -7.31535788791e-05
194.0 -8.29084969367e-05
195.0 -9.23028197275e-05
196.0 -0.000101346689736
197.0 -0.000110049882152
198.0 -0.000118421788268
199.0 -0.000126471411073
200.0 -0.000134207371953
201.0 -0.000141637926386
202.0 -0.000148770986127
203.0 -0.000155614145637
204.0 -0.000162174711232
205.0 -0.000168459732408
206.0 -0.000174476035548
207.0 -0.000180230260591
208.0 -0.000185728900893
209.0 -0.000190978345631
210.0 -0.000195984922771
211.0 -0.000200754939324
212.0 -0.000205294714695
213.0 -0.000209610602801
214.0 -0.000213708999416
215.0 -0.000217596332917
216.0 -0.000221279038942
217.0 -0.000224763521996
218.0 -0.000228056109272
219.0 -0.000231163003365
220.0 -0.000234090240876
221.0 -0.000236843663017
222.0 -0.000239428902317
223.0 -0.00024185138686
224.0 -0.000244116360506
225.0 -0.000246228914901
226.0 -0.000248194027173
227.0 -0.000250016596416
228.0 -0.000251701472393
229.0 -0.000253253471414
230.0 -0.000254677376566
231.0 -0.000255977922131
232.0 -0.000257159764564
233.0 -0.000258227444398
234.0 -0.000259185344626
235.0 -0.000260037651324
236.0 -0.000260788321592
237.0 -0.000261441062501
238.0 -0.00026199932298
239.0 -0.000262466298809
240.0 -0.000262844949341
241.0 -0.000263138023539
242.0 -0.000263348092363
243.0 -0.000263477584499
244.0 -0.000263528822653
245.0 -0.000263504058085
246.0 -0.000263405501474
247.0 -0.000263235348577
248.0 -0.000262995799383
249.0 -0.000262689069733
250.0 -0.00026231739463
251.0 -0.000261883022914
252.0 -0.000261388203577
253.0 -0.000260835164785
254.0 -0.000260226087524
255.0 -0.000259563076632
256.0 -0.000258848132529
257.0 -0.000258083127253
258.0 -0.000257269788149
259.0 -0.000256409691927
260.0 -0.000255504270709
261.0 -0.000254554830328
262.0 -0.000253562579722
263.0 -0.000252528668958
264.0 -0.000251454232408
265.0 -0.000250340433017
266.0 -0.00024918850357
267.0 -0.000247999781265
268.0 -0.000246775732752
269.0 -0.000245517967922
270.0 -0.000244228241916
271.0 -0.000242908446009
272.0 -0.000241560588968
273.0 -0.000240186771143
274.0 -0.000238789153854
275.0 -0.00023736992665
276.0 -0.000235931274714
277.0 -0.000234475348231
278.0 -0.000233004234958
279.0 -0.000231519936687
280.0 -0.000230024349759
281.0 -0.000228519249433
282.0 -0.000227006277615
283.0 -0.000225486933376
284.0 -0.000223962565634
285.0 -0.000222434367506
286.0 -0.000220903371978
287.0 -0.00021937044874
288.0 -0.000217836302247
289.0 -0.000216301471266
290.0 -0.000214766330326
291.0 -0.000213231093601
292.0 -0.000211695821789
293.0 -0.000210160432483
294.0 -0.000208624714426
295.0 -0.000207088345794
296.0 -0.000205550916413
297.0 -0.000204011953492
298.0 -0.000202470950158
299.0 -0.000200927395815
