10.0 -0.0660490684367
11.0 -0.0812503260383
12.0 -0.0910059626123
13.0 -0.0967177047593
14.0 -0.0994698221168
15.0 -0.100088615593
16.0 -0.0991966797802
17.0 -0.0972576233146
18.0 -0.0946130734643
19.0 -0.0915131911701
20.0 -0.0881404302868
21.0 -0.0846270131229
22.0 -0.0810676461483
23.0 -0.0775290316357
24.0 -0.0740572008797
25.0 -0.0706831651819
26.0 -0.0674271100276
27.0 -0.0643013732461
28.0 -0.0613125556596
29.0 -0.0584630942482
30.0 -0.0557524770551
31.0 -0.0531781557005
32.0 -0.0507361972662
33.0 -0.0484217485532
34.0 -0.04622938662
35.0 -0.0441533936984
36.0 -0.042187957905
37.0 -0.0403272970349
38.0 -0.0385657281868
39.0 -0.0368977214923
40.0 -0.0353179556845
41.0 -0.0338213606005
42.0 -0.0324031275536
43.0 -0.0310586944975
44.0 -0.0297837323813
45.0 -0.028574147743
46.0 -0.0274260914568
47.0 -0.0263359560256
48.0 -0.0253003588596
49.0 -0.0243161239362
50.0 -0.0233802715578
51.0 -0.0224900129498
52.0 -0.0216427408699
53.0 -0.0208360138964
54.0 -0.0200675400981
55.0 -0.0193351657983
56.0 -0.0186368691655
57.0 -0.0179707545072
58.0 -0.0173350448583
59.0 -0.016728074132
60.0 -0.0161482810423
61.0 -0.0155942047562
62.0 -0.0150644799267
63.0 -0.014557829003
64.0 -0.0140730521581
65.0 -0.0136090174295
66.0 -0.013164653836
67.0 -0.0127389483719
68.0 -0.0123309455362
69.0 -0.011939747091
70.0 -0.0115645104598
71.0 -0.0112044456127
72.0 -0.0108588111736
73.0 -0.0105269103802
74.0 -0.0102080869707
75.0 -0.00990172091191
76.0 -0.00960722430455
77.0 -0.00932403825596
78.0 -0.00905163138151
79.0 -0.00878949984399
80.0 -0.00853716806112
81.0 -0.00829418898348
82.0 -0.00806014323443
83.0 -0.00783463701342
84.0 -0.00761729908742
85.0 -0.00740777735302
86.0 -0.00720573549982
87.0 -0.00701085034313
88.0 -0.006822810332
89.0 -0.00664131544697
90.0 -0.00646607822313
91.0 -0.00629682520917
92.0 -0.00613329805635
93.0 -0.0059752536839
94.0 -0.00582246342422
95.0 -0.00567471145712
96.0 -0.00553179302702
97.0 -0.00539351288799
98.0 -0.00525968423431
99.0 -0.0051301281638
100.0 -0.00500467356071
101.0 -0.00488315720272
102.0 -0.00476542388748
103.0 -0.00465132641911
104.0 -0.00454072536669
105.0 -0.00443348857963
106.0 -0.00432949050784
107.0 -0.00422861142374
108.0 -0.0041307366758
109.0 -0.00403575610652
110.0 -0.00394356372813
111.0 -0.00385405766623
112.0 -0.00376714028282
113.0 -0.00368271831993
114.0 -0.00360070290112
115.0 -0.00352100929564
116.0 -0.00344355645754
117.0 -0.00336826644892
118.0 -0.00329506390085
119.0 -0.00322387564528
120.0 -0.00315463058632
121.0 -0.00308725980401
122.0 -0.00302169682629
123.0 -0.00295787797787
124.0 -0.00289574271187
125.0 -0.00283523384127
126.0 -0.00277629760511
127.0 -0.00271888352977
128.0 -0.00266294408142
129.0 -0.00260843414927
130.0 -0.00255531044324
131.0 -0.0025035309173
132.0 -0.00245305433023
133.0 -0.00240384002335
134.0 -0.00235584793882
135.0 -0.00230903883883
136.0 -0.00226337463604
137.0 -0.00221881872452
138.0 -0.00217533621326
139.0 -0.00213289400378
140.0 -0.00209146070539
141.0 -0.00205100642758
142.0 -0.00201150251656
143.0 -0.00197292130711
144.0 -0.00193523594437
145.0 -0.00189842030322
146.0 -0.00186244900392
147.0 -0.00182729750128
148.0 -0.00179294221189
149.0 -0.00175936064166
150.0 -0.00172653147964
151.0 -0.00169443463168
152.0 -0.00166305117772
153.0 -0.00163236324752
154.0 -0.00160235382282
155.0 -0.00157300648755
156.0 -0.00154430515927
157.0 -0.00151623384279
158.0 -0.00148877644552
159.0 -0.00146191668439
160.0 -0.00143563809593
161.0 -0.0014099241393
162.0 -0.00138475836199
163.0 -0.00136012458657
164.0 -0.00133600707584
165.0 -0.00131239064477
166.0 -0.00128926070677
167.0 -0.00126660326216
168.0 -0.00124440485408
169.0 -0.00122265252469
170.0 -0.0012013338015
171.0 -0.00118043673152
172.0 -0.00115994996323
173.0 -0.00113986285825
174.0 -0.00112016560233
175.0 -0.00110084928089
176.0 -0.00108190588999
177.0 -0.0010633282672
178.0 -0.00104510994408
179.0 -0.00102724493942
180.0 -0.00100972752385
181.0 -0.000992551990939
182.0 -0.000975712465623
183.0 -0.000959202770924
184.0 -0.000943016360607
185.0 -0.000927146313362
186.0 -0.000911585375376
187.0 -0.000896326034239
188.0 -0.000881360607616
189.0 -0.00086668133347
190.0 -0.000852280453218
191.0 -0.000838150283656
192.0 -0.000824283277189
193.0 -0.000810672072641
194.0 -0.000797309540903
195.0 -0.000784188830627
196.0 -0.000771303418915
197.0 -0.000758647169996
198.0 -0.000746214401236
199.0 -0.000733999950954
200.0 -0.000721999237698
201.0 -0.000710208297448
202.0 -0.000698623785049
203.0 -0.000687242929885
204.0 -0.000676063442953
205.0 -0.000665083381633
206.0 -0.000654300987393
207.0 -0.000643714517974
208.0 -0.000633322097605
209.0 -0.00062312160564
210.0 -0.000613110616508
211.0 -0.000603286393582
212.0 -0.000593645929138
213.0 -0.00058418601423
214.0 -0.000574903318048
215.0 -0.000565794456763
216.0 -0.000556856036759
217.0 -0.000548084664949
218.0 -0.000539476927718
219.0 -0.000531029347758
220.0 -0.000522738333058
221.0 -0.000514600133746
222.0 -0.000506610820153
223.0 -0.000498766290401
224.0 -0.000491062309091
225.0 -0.000483494572029
226.0 -0.000476058786672
227.0 -0.000468750755251
228.0 -0.000461566447682
229.0 -0.000454502054345
230.0 -0.000447554013724
231.0 -0.000440719015641
232.0 -0.000433993986011
233.0 -0.000427376062565
234.0 -0.000420862571919
235.0 -0.000414451016681
236.0 -0.000408139077359
237.0 -0.000401924628683
238.0 -0.000395805764995
239.0 -0.000389780825775
240.0 -0.00038384841122
241.0 -0.000378007379262
242.0 -0.000372256819256
243.0 -0.000366596002773
244.0 -0.00036102431719
245.0 -0.000355541191859
246.0 -0.000350146028554
247.0 -0.000344838147282
248.0 -0.000339616755594
249.0 -0.000334480945093
250.0 -0.000329429713805
251.0 -0.000324462008735
252.0 -0.000319576779961
253.0 -0.000314773036532
254.0 -0.00031004989525
255.0 -0.000305406615612
256.0 -0.000300842617268
257.0 -0.000296357479418
258.0 -0.00029195092416
259.0 -0.000287622787394
260.0 -0.000283372981453
261.0 -0.000279201453235
262.0 -0.000275108140583
263.0 -0.000271092928472
264.0 -0.000267155605463
265.0 -0.000263295820349
266.0 -0.000259513038917
267.0 -0.000255806501308
268.0 -0.000252175181428
269.0 -0.000248617750873
270.0 -0.000245132550623
271.0 -0.000241717574092
272.0 -0.000238370464786
273.0 -0.000235088530903
274.0 -0.000231868777745
275.0 -0.000228707957135
276.0 -0.000225602631396
277.0 -0.000222549248146
278.0 -0.000219544221366
279.0 -0.00021658401405
280.0 -0.000213665218147
281.0 -0.000210784628335
282.0 -0.000207939307218
283.0 -0.00020512664054
284.0 -0.000202344381906
285.0 -0.000199590687023
286.0 -0.000196864137748
287.0 -0.000194163756237
288.0 -0.000191489009385
289.0 -0.00018883980357
290.0 -0.000186216469644
291.0 -0.000183619738155
292.0 -0.000181050704943
293.0 -0.00017851078753
294.0 -0.000176001673046
295.0 -0.000173525258789
296.0 -0.000171083586797
297.0 -0.00016867877412
298.0 -0.000166312940658
299.0 -0.000163988136594
