10.0 -0.27832723240224405
11.0 -0.25214856484682807
12.0 -0.22951539272782942
13.0 -0.20978484703216876
14.0 -0.19246239270115603
15.0 -0.1771577271657902
16.0 -0.16355737449675434
17.0 -0.1514087618402506
18.0 -0.14050779520334752
19.0 -0.13068718176374183
20.0 -0.12180731041633153
21.0 -0.11375045193536733
22.0 -0.10641707576623864
23.0 -0.09972295537878693
24.0 -0.09359645214766553
25.0 -0.08797602107789
26.0 -0.08280823790567868
27.0 -0.07804645776804876
28.0 -0.07364989263463452
29.0 -0.06958282093005026
30.0 -0.06581383457332449
31.0 -0.06231519049522026
32.0 -0.05906231095040675
33.0 -0.0560333880758185
34.0 -0.053209025420665704
35.0 -0.050571895498700635
36.0 -0.04810644458244191
37.0 -0.04579867652431088
38.0 -0.04363599661446366
39.0 -0.04160706131616701
40.0 -0.03970160978363245
41.0 -0.03791030874925501
42.0 -0.03622464986518427
43.0 -0.03463689171052248
44.0 -0.03314000195499771
45.0 -0.031727573599804146
46.0 -0.030393733697073915
47.0 -0.02913307685097065
48.0 -0.027940628954050577
49.0 -0.026811819248033934
50.0 -0.025742442938691937
51.0 -0.02472861954195731
52.0 -0.023766762081615978
53.0 -0.022853560641304473
54.0 -0.02198596945734078
55.0 -0.021161186922499478
56.0 -0.020376628847447974
57.0 -0.019629902498394563
58.0 -0.01891878608966501
59.0 -0.018241211963830436
60.0 -0.01759524992365059
61.0 -0.016979090850440654
62.0 -0.016391034417200814
63.0 -0.015829483971614614
64.0 -0.01529294729594729
65.0 -0.014780038107294103
66.0 -0.014289473076999315
67.0 -0.013820062616195691
68.0 -0.013370697797434713
69.0 -0.012940337635769976
70.0 -0.012527999799051497
71.0 -0.012132755261395867
72.0 -0.011753725667454243
73.0 -0.011390082122500068
74.0 -0.011041044896530582
75.0 -0.01070588376958129
76.0 -0.010383918107933784
77.0 -0.010074515153083507
78.0 -0.00977708545273245
79.0 -0.009491075840186615
80.0 -0.0092159618093484
81.0 -0.008951241489681041
82.0 -0.008696432591821521
83.0 -0.008451072413579742
84.0 -0.008214720047243764
85.0 -0.007986959527153848
86.0 -0.007767402574146293
87.0 -0.007555689660177548
88.0 -0.007351488447373145
89.0 -0.0071544894096952855
90.0 -0.006964399475733415
91.0 -0.006780935363010528
92.0 -0.00660381844323515
93.0 -0.0064327723898820405
94.0 -0.006267523846279745
95.0 -0.006107805414774708
96.0 -0.005953359756634501
97.0 -0.005803943570543097
98.0 -0.005659330533777258
99.0 -0.005519312737608546
100.0 -0.005383700570180376
101.0 -0.005252321310619525
102.0 -0.005125016866290831
103.0 -0.0050016411188316245
104.0 -0.004882057280166886
105.0 -0.004766135543369098
106.0 -0.004653751181207883
107.0 -0.004544783118799406
108.0 -0.00443911290494054
109.0 -0.004336623956693488
110.0 -0.004237200978037687
111.0 -0.004140729550791058
112.0 -0.004047096014454852
113.0 -0.003956187814303054
114.0 -0.0038678944455213327
115.0 -0.003782108956640082
116.0 -0.0036987297646322143
117.0 -0.003617662374627119
118.0 -0.00353882056518893
119.0 -0.0034621267119707947
120.0 -0.0033875111330511415
121.0 -0.0033149105711722296
122.0 -0.0032442661115483534
123.0 -0.003175520931814493
124.0 -0.003108618290543797
125.0 -0.0030435000994699464
126.0 -0.0029801063118353567
127.0 -0.002918375211109002
128.0 -0.002858244517175107
129.0 -0.0027996530653062214
130.0 -0.0027425426900748967
131.0 -0.00268685989585013
132.0 -0.0026325569386570265
133.0 -0.002579592077366732
134.0 -0.0025279289445633954
135.0 -0.002477535188878655
136.0 -0.0024283806976027524
137.0 -0.0023804357814657152
138.0 -0.0023336696793200737
139.0 -0.0022880496345581594
140.0 -0.002243540644362031
141.0 -0.002200105831690689
142.0 -0.0021577072755188526
143.0 -0.0021163070774772976
144.0 -0.002075868443542732
145.0 -0.0020363566036324513
146.0 -0.001997739458847874
147.0 -0.0019599879156879884
148.0 -0.0019230759248396153
149.0 -0.001886980282418019
150.0 -0.0018516802726886773
151.0 -0.0018171572352378618
152.0 -0.0017833941290933228
153.0 -0.0017503751445595035
154.0 -0.001718085384536359
155.0 -0.0016865106065328155
156.0 -0.0016556369917901852
157.0 -0.0016254508963954493
158.0 -0.001595938546087284
159.0 -0.001567085661788369
160.0 -0.0015388770406476184
161.0 -0.0015112961562027396
162.0 -0.0014843248677799718
163.0 -0.0014579433323986867
164.0 -0.0014321301876312322
165.0 -0.001406863024964769
166.0 -0.0013821191118872863
167.0 -0.0013578762632778215
168.0 -0.0013341137244541389
169.0 -0.0013108129201343296
170.0 -0.0012879579482327356
171.0 -0.0012655357488227793
172.0 -0.0012435359439589852
173.0 -0.0012219504074103224
174.0 -0.0012007726698769238
175.0 -0.0011799972849665394
176.0 -0.0011596192712754953
177.0 -0.0011396337110528992
178.0 -0.0011200355367300288
179.0 -0.0011008194864977868
180.0 -0.0010819801716355514
181.0 -0.0010635121797926833
182.0 -0.0010454101421868162
183.0 -0.0010276687149128009
184.0 -0.0010102824571267906
185.0 -0.0009932456221405492
186.0 -0.0009765519031496167
187.0 -0.0009601941884748653
188.0 -0.0009441643808133031
189.0 -0.0009284533233112917
190.0 -0.0009130508563616344
191.0 -0.0008979460073026527
192.0 -0.000883127294459777
193.0 -0.0008685831100636363
194.0 -0.000854302135507972
195.0 -0.0008402737385399178
196.0 -0.0008264883059838183
197.0 -0.0008129374771778091
198.0 -0.0007996142607564598
199.0 -0.0007865130375601004
200.0 -0.0007736294710240536
201.0 -0.0007609603590283309
202.0 -0.0007485034646616712
203.0 -0.000736257356754718
204.0 -0.0007242212762662626
205.0 -0.0007123950260493487
206.0 -0.0007007788648903346
207.0 -0.0006893733773940833
208.0 -0.0006781792927072961
209.0 -0.0006671972375964728
210.0 -0.000656427430097045
211.0 -0.0006458693433325706
212.0 -0.0006355213885709425
213.0 -0.0006253806762335759
214.0 -0.0006154429097938813
215.0 -0.0006057024499786012
216.0 -0.0005961525585319302
217.0 -0.0005867857978203798
218.0 -0.0005775945318493252
219.0 -0.0005685714525657103
220.0 -0.0005597100474800189
221.0 -0.0005510049325557469
222.0 -0.0005424519966174744
223.0 -0.0005340483359375929
224.0 -0.0005257919939606013
225.0 -0.0005176815544625885
226.0 -0.0005097156607020199
227.0 -0.0005018925440607621
228.0 -0.0004942096416867814
229.0 -0.0004866633649559319
230.0 -0.0004792490528922149
231.0 -0.0004719611124641397
232.0 -0.0004647933169480531
233.0 -0.0004577392097751476
234.0 -0.00045079254827556556
235.0 -0.0004439477209961762
236.0 -0.00043720008279274255
237.0 -0.0004305461705378228
238.0 -0.0004239837845861358
239.0 -0.0004175119423980535
240.0 -0.00041113072706613847
241.0 -0.00040484106266238247
242.0 -0.0003986444500243006
243.0 -0.00039254269230277626
244.0 -0.0003865376319379634
245.0 -0.0003806309126562724
246.0 -0.00037482377398957364
247.0 -0.0003691168829632828
248.0 -0.0003635102078707639
249.0 -0.0003580029411671633
250.0 -0.00035259348054377855
251.0 -0.0003472794772677157
252.0 -0.0003420579576066134
253.0 -0.0003369255163520832
254.0 -0.00033187857197903984
255.0 -0.0003269136626060036
256.0 -0.0003220277528850414
257.0 -0.0003172185163878961
258.0 -0.00031248455750496014
259.0 -0.00030782554191954056
260.0 -0.0003032422148602875
261.0 -0.00029873630008853043
262.0 -0.0002943102877854561
263.0 -0.00028996713374862104
264.0 -0.00028570990336428505
265.0 -0.00028154140005533235
266.0 -0.000277463818526211
267.0 -0.0002734784582962058
268.0 -0.0002695855237555119
269.0 -0.00026578402495376895
270.0 -0.00026207178050862047
271.0 -0.0002584455123207893
272.0 -0.0002549010127563867
273.0 -0.0002514333595666878
274.0 -0.0002480371523370276
275.0 -0.00024470674632023394
276.0 -0.0002414364642544149
277.0 -0.0002382207730590164
278.0 -0.00023505441898595032
279.0 -0.00023193252088437365
280.0 -0.00022885062603431736
281.0 -0.00022580473618167584
282.0 -0.0002227913129473052
283.0 -0.00021980727189549603
284.0 -0.00021684997356173535
285.0 -0.000213917218006295
286.0 -0.00021100724728730636
287.0 -0.0002081187578771748
288.0 -0.00020525092266602513
289.0 -0.00020240341996562863
290.0 -0.00019957646500542794
291.0 -0.0001967708379649858
292.0 -0.00019398790178041817
293.0 -0.00019122960292665262
294.0 -0.0001884984491779482
295.0 -0.00018579745995151367
296.0 -0.0001831300871028265
297.0 -0.0001805001067265706
298.0 -0.00017791148532245795
299.0 -0.00017536822628902123
