10.0 -0.2715580489372626
11.0 -0.24416051033037883
12.0 -0.22026352303786176
13.0 -0.19923922374551625
14.0 -0.18060788473176856
15.0 -0.1639935865553439
16.0 -0.14909660622644474
17.0 -0.13567731104492645
18.0 -0.12354357785800438
19.0 -0.11253898675147035
20.0 -0.10253360187998098
21.0 -0.09341810099408132
22.0 -0.08510005009885395
23.0 -0.07750099391555225
24.0 -0.0705537502625264
25.0 -0.06419994933964805
26.0 -0.0583881147380212
27.0 -0.05307239339799163
28.0 -0.04821171858617547
29.0 -0.04376911614855949
30.0 -0.03971105614101979
31.0 -0.03600691390207268
32.0 -0.032628582087852694
33.0 -0.02955018657843049
34.0 -0.026747836734673954
35.0 -0.02419938713302845
36.0 -0.021884240411412802
37.0 -0.01978322176296106
38.0 -0.017878505168380857
39.0 -0.01615353660001028
40.0 -0.014592929780935373
41.0 -0.013182366020497783
42.0 -0.011908537367707115
43.0 -0.010759125637075404
44.0 -0.009722773291653606
45.0 -0.008789020713572836
46.0 -0.007948228955722166
47.0 -0.007191521021873064
48.0 -0.006510747898239609
49.0 -0.00589845819647901
50.0 -0.005347854390518752
51.0 -0.004852741542893989
52.0 -0.004407484313175698
53.0 -0.004006976368226633
54.0 -0.0036466119368667323
55.0 -0.003322249371115012
56.0 -0.003030167488069393
57.0 -0.0027670225748085016
58.0 -0.002529811038075799
59.0 -0.002315836177490198
60.0 -0.0021226757404274013
61.0 -0.0019481505400064266
62.0 -0.0017902980497333293
63.0 -0.0016473541189889326
64.0 -0.0015177415546865174
65.0 -0.0014000604451417477
66.0 -0.0012930749965894166
67.0 -0.0011956951042330043
68.0 -0.0011069549899019452
69.0 -0.0010259930823183774
70.0 -0.0009520361558161655
71.0 -0.0008843881834596841
72.0 -0.0008224226121059325
73.0 -0.0007655767139428994
74.0 -0.0007133474431109469
75.0 -0.0006652884669251877
76.0 -0.0006210074063501896
77.0 -0.0005801617157347509
78.0 -0.0005424520827221423
79.0 -0.0005076137100550244
80.0 -0.00047540728555641446
81.0 -0.000445611807471684
82.0 -0.0004180206022657318
83.0 -0.00039244059448064123
84.0 -0.0003686939426943328
85.0 -0.00034662075669645686
86.0 -0.0003260815314347899
87.0 -0.0003069580025586231
88.0 -0.0002891514616437637
89.0 -0.00027257832523310417
90.0 -0.00025716378401516266
91.0 -0.00024283519202546657
92.0 -0.00022951702627613688
93.0 -0.000217128660476203
94.0 -0.00020558518444694713
95.0 -0.00019480056422468563
96.0 -0.0001846919278047598
97.0 -0.00017518374041874767
98.0 -0.00016621095011899696
99.0 -0.00015772063245208677
100.0 -0.0001496720851798166
101.0 -0.00014203563491792985
102.0 -0.00013479058605203617
103.0 -0.00012792277630608288
104.0 -0.0001214221391457476
105.0 -0.00011528055706632339
106.0 -0.00010949015796761053
107.0 -0.00010404208052748552
108.0 -9.892563278207632e-05
109.0 -9.412771820283385e-05
110.0 -8.963242989813007e-05
111.0 -8.542081102362943e-05
112.0 -8.147089799952239e-05
113.0 -7.775822584955468e-05
114.0 -7.425692350481043e-05
115.0 -7.094136239003005e-05
116.0 -6.77881107669258e-05
117.0 -6.47777869140292e-05
118.0 -6.189637223997253e-05
119.0 -5.9135657306139845e-05
120.0 -5.6492704241893256e-05
121.0 -5.396844095911349e-05
122.0 -5.156568602533647e-05
123.0 -4.928700096349114e-05
124.0 -4.7132776604259554e-05
125.0 -4.509989882496782e-05
126.0 -4.318122629229166e-05
127.0 -4.1365964644667376e-05
128.0 -3.964085440472028e-05
129.0 -3.7991928117796426e-05
130.0 -3.640646904805049e-05
131.0 -3.487475324886362e-05
132.0 -3.33911999487043e-05
133.0 -3.195468837584778e-05
134.0 -3.056799151578216e-05
135.0 -2.923647873156581e-05
136.0 -2.7966396186958077e-05
137.0 -2.6763107087571095e-05
138.0 -2.562964958449299e-05
139.0 -2.4565864277041085e-05
140.0 -2.3568192506364204e-05
141.0 -2.2630095429857472e-05
142.0 -2.174292946545555e-05
143.0 -2.0897056322475506e-05
144.0 -2.0082966324464713e-05
145.0 -1.929223792902873e-05
146.0 -1.851822323145738e-05
147.0 -1.775641880969152e-05
148.0 -1.7004539549243363e-05
149.0 -1.6262353350066652e-05
150.0 -1.553135577291401e-05
151.0 -1.4814367618905295e-05
152.0 -1.4115127971559034e-05
153.0 -1.3437933496454288e-05
154.0 -1.2787345802529243e-05
155.0 -1.2167958116687062e-05
156.0 -1.1584187734523996e-05
157.0 -1.1040049180727117e-05
158.0 -1.0538869844167655e-05
159.0 -1.0082935189710632e-05
160.0 -9.673088405438022e-06
161.0 -9.308348176895879e-06
162.0 -8.9856347897718e-06
163.0 -8.699697916414659e-06
164.0 -8.443314624420094e-06
165.0 -8.207777240671347e-06
166.0 -7.983629375991722e-06
167.0 -7.761550767207341e-06
168.0 -7.533253359935011e-06
169.0 -7.292242948423731e-06
170.0 -7.0343253424542404e-06
171.0 -6.7577874318714315e-06
172.0 -6.463248867113689e-06
173.0 -6.153243421618814e-06
174.0 -5.831635611016396e-06
175.0 -5.502997837655255e-06
176.0 -5.172063388957161e-06
177.0 -4.843335744478851e-06
178.0 -4.520885446152878e-06
179.0 -4.2083156838667504e-06
180.0 -3.9088392694707155e-06
181.0 -3.6253911730428905e-06
182.0 -3.3607045626629927e-06
183.0 -3.117300525874745e-06
184.0 -2.8973742297697166e-06
185.0 -2.702593557470046e-06
186.0 -2.5338519573273597e-06
187.0 -2.3910304080554496e-06
188.0 -2.2728230289628374e-06
189.0 -2.176669191751674e-06
190.0 -2.0988160860610887e-06
191.0 -2.0345139734560365e-06
192.0 -1.9783256313825757e-06
193.0 -1.9245145828956362e-06
194.0 -1.8674656365700267e-06
195.0 -1.8020873861012705e-06
196.0 -1.7241503220696872e-06
197.0 -1.6305257773545776e-06
198.0 -1.5193083719181346e-06
199.0 -1.3898247574999588e-06
200.0 -1.2425500228162161e-06
201.0 -1.0789657332087602e-06
202.0 -9.013970384412867e-07
203.0 -7.128596698929587e-07
204.0 -5.16932865553202e-07
205.0 -3.176556928076718e-07
206.0 -1.194275968575153e-07
207.0 7.311532475382077e-08
208.0 2.5527540590676714e-07
209.0 4.225344163303163e-07
210.0 5.708543476796002e-07
211.0 6.970084570455564e-07
212.0 7.98893569182146e-07
213.0 8.757649821030506e-07
214.0 9.283390899719366e-07
215.0 9.587263484207095e-07
216.0 9.701853479627162e-07
217.0 9.667217293430896e-07
218.0 9.52586367679159e-07
219.0 9.317489339458171e-07
220.0 9.07430770813046e-07
221.0 8.817730906634902e-07
222.0 8.556941895944536e-07
223.0 8.289569515756943e-07
224.0 8.004316091671437e-07
225.0 7.685053815820194e-07
226.0 7.31566347277118e-07
227.0 6.884779625279989e-07
228.0 6.389646234915375e-07
229.0 5.838463647749319e-07
230.0 5.250884673282663e-07
231.0 4.656639752867692e-07
232.0 4.0925785347732995e-07
233.0 3.5986529862736644e-07
234.0 3.213497284969767e-07
235.0 2.970267188861257e-07
236.0 2.8932964371054204e-07
237.0 2.9959414221951493e-07
238.0 3.279762471836651e-07
239.0 3.734977583961516e-07
240.0 4.341961114372087e-07
241.0 5.073468280899343e-07
242.0 5.897249431988105e-07
243.0 6.778761068030894e-07
244.0 7.683757243875751e-07
245.0 8.580625795669388e-07
246.0 9.442394819641129e-07
247.0 1.0248363444816062e-06
248.0 1.098530829282291e-06
249.0 1.164819591947038e-06
250.0 1.2240311305840124e-06
251.0 1.2772712276911907e-06
252.0 1.3262952419379957e-06
253.0 1.3733083166810208e-06
254.0 1.4207040514756933e-06
255.0 1.4707625570696405e-06
256.0 1.5253378518381753e-06
257.0 1.5855701197369026e-06
258.0 1.6516588983139292e-06
259.0 1.722728216733779e-06
260.0 1.7968045589981929e-06
261.0 1.870914767357294e-06
262.0 1.9412957848153055e-06
263.0 2.0036938814880533e-06
264.0 2.0537199406152913e-06
265.0 2.087221133881046e-06
266.0 2.1006286790820985e-06
267.0 2.091246187132269e-06
268.0 2.057452345512927e-06
269.0 1.998803691959313e-06
270.0 1.9160360367850083e-06
271.0 1.810974775339427e-06
272.0 1.686373341208999e-06
273.0 1.5457044254424203e-06
274.0 1.3929300515661637e-06
275.0 1.2322745208020957e-06
276.0 1.0680194881945408e-06
277.0 9.043341299880719e-07
278.0 7.451466768307807e-07
279.0 5.940575062234682e-07
280.0 4.542891949873758e-07
281.0 3.28665763058874e-07
282.0 2.1961181104035236e-07
283.0 1.2916215588093926e-07
284.0 5.8973572197376516e-08
285.0 1.0332000196954777e-08
286.0 -1.5849223527781574e-08
287.0 -1.9042162262131463e-08
288.0 8.722524801532388e-10
289.0 4.35726909355737e-08
290.0 1.0826239057131794e-07
291.0 1.9363664498658505e-07
292.0 2.978596731836592e-07
293.0 4.1855778145648814e-07
294.0 5.52834946544052e-07
295.0 6.973153596180902e-07
296.0 8.482152171567028e-07
297.0 1.00144336496444e-06
298.0 1.1527275983621355e-06
299.0 1.297760815323934e-06
