10.0 -0.0518834052146
11.0 -0.0456792196707
12.0 -0.0406358730734
13.0 -0.0364608889367
14.0 -0.0329512924573
15.0 -0.0299617647304
16.0 -0.0273860777701
17.0 -0.0251450669042
18.0 -0.0231784755063
19.0 -0.0214396455239
20.0 -0.0198920043493
21.0 -0.0185065321064
22.0 -0.0172598848039
23.0 -0.0161330463035
24.0 -0.0151103589797
25.0 -0.0141787944514
26.0 -0.0133273960465
27.0 -0.0125468672277
28.0 -0.0118292732635
29.0 -0.0111678120738
30.0 -0.0105566246523
31.0 -0.00999063848107
32.0 -0.00946544345437
33.0 -0.00897719184477
34.0 -0.00852251042952
35.0 -0.00809842034727
36.0 -0.00770226908523
37.0 -0.00733167999068
38.0 -0.00698451878553
39.0 -0.00665887065894
40.0 -0.00635302036416
41.0 -0.00606543092382
42.0 -0.00579472076432
43.0 -0.0055396415893
44.0 -0.00529905938181
45.0 -0.00507193955865
46.0 -0.00485733584919
47.0 -0.00465438174373
48.0 -0.00446228339405
49.0 -0.00428031325775
50.0 -0.00410780416885
51.0 -0.0039441437298
52.0 -0.00378876899679
53.0 -0.00364116147108
54.0 -0.0035008424628
55.0 -0.00336736893902
56.0 -0.00324032996491
57.0 -0.00311934377874
58.0 -0.00300405543599
59.0 -0.00289413486541
60.0 -0.00278927514354
61.0 -0.00268919082571
62.0 -0.00259361625296
63.0 -0.00250230384505
64.0 -0.00241502245331
65.0 -0.00233155586438
66.0 -0.00225170151858
67.0 -0.00217526945569
68.0 -0.00210208145127
69.0 -0.00203197027741
70.0 -0.00196477901999
71.0 -0.00190036040597
72.0 -0.00183857612418
73.0 -0.00177929615097
74.0 -0.00172239810625
75.0 -0.00166776666638
76.0 -0.00161529304938
77.0 -0.00156487457324
78.0 -0.00151641427494
79.0 -0.00146982057142
80.0 -0.00142500694378
81.0 -0.0013818916322
82.0 -0.00134039733642
83.0 -0.00130045092416
84.0 -0.00126198315334
85.0 -0.00122492841463
86.0 -0.00118922449845
87.0 -0.00115481238688
88.0 -0.00112163606769
89.0 -0.00108964236538
90.0 -0.00105878078412
91.0 -0.00102900335846
92.0 -0.00100026450961
93.0 -0.000972520906943
94.0 -0.000945731336112
95.0 -0.000919856574994
96.0 -0.000894859278871
97.0 -0.000870703875076
98.0 -0.00084735646653
99.0 -0.000824784742876
100.0 -0.000802957897686
101.0 -0.000781846550331
102.0 -0.000761422671591
103.0 -0.000741659512569
104.0 -0.000722531536941
105.0 -0.000704014356791
106.0 -0.000686084672297
107.0 -0.000668720215392
108.0 -0.000651899697263
109.0 -0.000635602759393
110.0 -0.000619809927709
111.0 -0.000604502569407
112.0 -0.000589662852071
113.0 -0.000575273704816
114.0 -0.000561318781288
115.0 -0.000547782424473
116.0 -0.000534649633292
117.0 -0.000521906031005
118.0 -0.000509537835431
119.0 -0.000497531830897
120.0 -0.000485875341845
121.0 -0.00047455620791
122.0 -0.000463562760347
123.0 -0.000452883799646
124.0 -0.000442508574236
125.0 -0.000432426760212
126.0 -0.000422628442019
127.0 -0.000413104094068
128.0 -0.000403844563246
129.0 -0.000394841052294
130.0 -0.000386085104037
131.0 -0.000377568586428
132.0 -0.000369283678393
133.0 -0.000361222856415
134.0 -0.000353378881806
135.0 -0.000345744788588
136.0 -0.000338313871915
137.0 -0.000331079676983
138.0 -0.000324035988401
139.0 -0.000317176820009
140.0 -0.000310496405175
141.0 -0.000303989187569
142.0 -0.000297649812426
143.0 -0.000291473118262
144.0 -0.000285454129019
145.0 -0.000279588046572
146.0 -0.000273870243547
147.0 -0.000268296256429
148.0 -0.000262861778911
149.0 -0.000257562655523
150.0 -0.000252394875526
151.0 -0.00024735456709
152.0 -0.000242437991772
153.0 -0.000237641539274
154.0 -0.00023296172245
155.0 -0.00022839517256
156.0 -0.000223938634694
157.0 -0.000219588963388
158.0 -0.000215343118384
159.0 -0.000211198160554
160.0 -0.000207151247985
161.0 -0.000203199632242
162.0 -0.000199340654802
163.0 -0.000195571743674
164.0 -0.000191890410167
165.0 -0.000188294245814
166.0 -0.000184780919406
167.0 -0.000181348174151
168.0 -0.00017799382492
169.0 -0.000174715755594
170.0 -0.000171511916522
171.0 -0.000168380322079
172.0 -0.000165319048332
173.0 -0.000162326230826
174.0 -0.000159400062458
175.0 -0.000156538791452
176.0 -0.000153740719408
177.0 -0.000151004199428
178.0 -0.000148327634303
179.0 -0.000145709474766
180.0 -0.000143148217811
181.0 -0.000140642405079
182.0 -0.000138190621314
183.0 -0.000135791492887
184.0 -0.000133443686381
185.0 -0.000131145907242
186.0 -0.000128896898469
187.0 -0.000126695439369
188.0 -0.000124540344341
189.0 -0.000122430461709
190.0 -0.000120364672601
191.0 -0.000118341889862
192.0 -0.000116361057017
193.0 -0.000114421147278
194.0 -0.000112521162585
195.0 -0.00011066013269
196.0 -0.000108837114276
197.0 -0.000107051190104
198.0 -0.000105301468189
199.0 -0.000103587081013
200.0 -0.000101907184754
201.0 -0.000100260958551
202.0 -9.86476037898e-05
203.0 -9.70663434265e-05
204.0 -9.55164213239e-05
205.0 -9.39971016219e-05
206.0 -9.25076681265e-05
207.0 -9.10474237213e-05
208.0 -8.9615689798e-05
209.0 -8.82118057069e-05
210.0 -8.68351282243e-05
211.0 -8.54850310389e-05
212.0 -8.41609042553e-05
213.0 -8.28621539154e-05
214.0 -8.15882015358e-05
215.0 -8.03384836619e-05
216.0 -7.91124514364e-05
217.0 -7.79095701829e-05
218.0 -7.67293190017e-05
219.0 -7.55711903792e-05
220.0 -7.44346898086e-05
221.0 -7.33193354238e-05
222.0 -7.22246576431e-05
223.0 -7.11501988259e-05
224.0 -7.00955129393e-05
225.0 -6.90601652358e-05
226.0 -6.8043731941e-05
227.0 -6.70457999505e-05
228.0 -6.6065966537e-05
229.0 -6.51038390647e-05
230.0 -6.41590347131e-05
231.0 -6.32311802083e-05
232.0 -6.23199115621e-05
233.0 -6.14248738194e-05
234.0 -6.05457208121e-05
235.0 -5.96821149209e-05
236.0 -5.88337268441e-05
237.0 -5.80002353724e-05
238.0 -5.71813271707e-05
239.0 -5.63766965663e-05
240.0 -5.55860453424e-05
241.0 -5.48090825372e-05
242.0 -5.40455242495e-05
243.0 -5.32950934487e-05
244.0 -5.25575197904e-05
245.0 -5.18325394372e-05
246.0 -5.11198948845e-05
247.0 -5.04193347913e-05
248.0 -4.97306138151e-05
249.0 -4.90534924522e-05
250.0 -4.83877368818e-05
251.0 -4.77331188142e-05
252.0 -4.70894153437e-05
253.0 -4.64564088049e-05
254.0 -4.58338866332e-05
255.0 -4.52216412288e-05
256.0 -4.46194698253e-05
257.0 -4.40271743607e-05
258.0 -4.3444561353e-05
259.0 -4.28714417789e-05
260.0 -4.23076309555e-05
261.0 -4.17529484259e-05
262.0 -4.12072178476e-05
263.0 -4.06702668836e-05
264.0 -4.01419270972e-05
265.0 -3.96220338493e-05
266.0 -3.91104261985e-05
267.0 -3.86069468046e-05
268.0 -3.81114418338e-05
269.0 -3.76237608681e-05
270.0 -3.71437568156e-05
271.0 -3.66712858246e-05
272.0 -3.62062071998e-05
273.0 -3.57483833203e-05
274.0 -3.5297679561e-05
275.0 -3.48539642151e-05
276.0 -3.44171084198e-05
277.0 -3.39869860836e-05
278.0 -3.35634738158e-05
279.0 -3.31464508586e-05
280.0 -3.27357990202e-05
281.0 -3.2331402611e-05
282.0 -3.19331483806e-05
283.0 -3.15409254575e-05
284.0 -3.115462529e-05
285.0 -3.07741415891e-05
286.0 -3.0399370273e-05
287.0 -3.00302094135e-05
288.0 -2.96665591833e-05
289.0 -2.93083218057e-05
290.0 -2.89554015055e-05
291.0 -2.8607704461e-05
292.0 -2.82651387578e-05
293.0 -2.79276143442e-05
294.0 -2.75950429869e-05
295.0 -2.72673382292e-05
296.0 -2.69444153496e-05
297.0 -2.66261913222e-05
298.0 -2.63125847774e-05
299.0 -2.60035159648e-05
