10.0 -4.6166183345418176e-08
11.0 -4.110629788195901e-08
12.0 -3.704544279042389e-08
13.0 -3.330775891341974e-08
14.0 -3.013886705215844e-08
15.0 -2.7300685574126124e-08
16.0 -2.4695979308165487e-08
17.0 -2.2463809658136177e-08
18.0 -2.0407214088721243e-08
19.0 -1.8567371012019195e-08
20.0 -1.6894630551791568e-08
21.0 -1.537609247997055e-08
22.0 -1.3991471260020828e-08
23.0 -1.2733122782101302e-08
24.0 -1.1584804399822679e-08
25.0 -1.0535809249962511e-08
26.0 -9.5774777830592e-09
27.0 -8.7016070376904e-09
28.0 -7.90071469539246e-09
29.0 -7.172807793308156e-09
30.0 -6.5076767439368635e-09
31.0 -5.898792566470294e-09
32.0 -5.346681397664816e-09
33.0 -4.8424561396456826e-09
34.0 -4.384430769659214e-09
35.0 -3.967340272054601e-09
36.0 -3.5901598805010872e-09
37.0 -3.245465138533691e-09
38.0 -2.9359452410085014e-09
39.0 -2.6549150249876827e-09
40.0 -2.3995224507890703e-09
41.0 -2.1691068392671095e-09
42.0 -1.962381818888135e-09
43.0 -1.775268221661154e-09
44.0 -1.6061584180541672e-09
45.0 -1.4535573763874028e-09
46.0 -1.3160374479474596e-09
47.0 -1.1921754098284005e-09
48.0 -1.080695604737131e-09
49.0 -9.804285195958922e-10
50.0 -8.903068874387413e-10
51.0 -8.092607525028251e-10
52.0 -7.363595065849075e-10
53.0 -6.707336387999463e-10
54.0 -6.116312070178428e-10
55.0 -5.583748748422773e-10
56.0 -5.103213687658393e-10
57.0 -4.66879447013856e-10
58.0 -4.275591220069686e-10
59.0 -3.919248750194265e-10
60.0 -3.595769159696889e-10
61.0 -3.3040478324071317e-10
62.0 -3.042871620735717e-10
63.0 -2.80444800522074e-10
64.0 -2.586384002224714e-10
65.0 -2.3865881243263903e-10
66.0 -2.2064263227131953e-10
67.0 -2.0437449893508954e-10
68.0 -1.8936422476513184e-10
69.0 -1.754952820742501e-10
70.0 -1.6300742421238147e-10
71.0 -1.5160447508199715e-10
72.0 -1.4098023317704262e-10
73.0 -1.3119916418966645e-10
74.0 -1.224337698418638e-10
75.0 -1.1419946601656538e-10
76.0 -1.0654166745470197e-10
77.0 -9.969073233073276e-11
78.0 -9.320499754578723e-11
79.0 -8.720109094150196e-11
80.0 -8.17804968817873e-11
81.0 -7.662082833813772e-11
82.0 -7.19216704501108e-11
83.0 -6.753101200760849e-11
84.0 -6.33748034502636e-11
85.0 -5.96738638649452e-11
86.0 -5.610145529124505e-11
87.0 -5.2839491500553134e-11
88.0 -4.976376324339504e-11
89.0 -4.689729419206408e-11
90.0 -4.4259270176590527e-11
91.0 -4.171790327351239e-11
92.0 -3.945110060899114e-11
93.0 -3.72293371839736e-11
94.0 -3.5235125262144706e-11
95.0 -3.328471548884347e-11
96.0 -3.1532707325013705e-11
97.0 -2.9833887881523965e-11
98.0 -2.828230897723601e-11
99.0 -2.678450989965029e-11
100.0 -2.540574281614016e-11
101.0 -2.408236970807838e-11
102.0 -2.2878039840678237e-11
103.0 -2.1710154276082147e-11
104.0 -2.063431338426723e-11
105.0 -1.9586349823641122e-11
106.0 -1.8644130486241705e-11
107.0 -1.7711949372077595e-11
108.0 -1.6879195192584217e-11
109.0 -1.604644101309084e-11
110.0 -1.5300132730662503e-11
111.0 -1.4560130550951098e-11
112.0 -1.3887742010889972e-11
113.0 -1.324052761721841e-11
114.0 -1.262713620624397e-11
115.0 -1.2050260167103406e-11
116.0 -1.1486198458602134e-11
117.0 -1.0977621087925897e-11
118.0 -1.0469043717249659e-11
119.0 -1.0009027685727497e-11
120.0 -9.557712245899404e-12
121.0 -9.132679984381849e-12
122.0 -8.738349739764956e-12
123.0 -8.345108059108828e-12
124.0 -7.992353072039818e-12
125.0 -7.639598084970808e-12
126.0 -7.31148110776785e-12
127.0 -7.004188184464865e-12
128.0 -6.697126580306137e-12
129.0 -6.420572660479939e-12
130.0 -6.144018740653741e-12
131.0 -5.881623383231776e-12
132.0 -5.638628095119492e-12
133.0 -5.39563280700721e-12
134.0 -5.173685902016965e-12
135.0 -4.957536253747366e-12
136.0 -4.7439711821066515e-12
137.0 -4.555639302090357e-12
138.0 -4.367307422074063e-12
139.0 -4.185736852335867e-12
140.0 -4.016867294096936e-12
141.0 -3.847997735858004e-12
142.0 -3.689670691676989e-12
143.0 -3.5400943490327296e-12
144.0 -3.3905180063884698e-12
145.0 -3.252314485709489e-12
146.0 -3.1192471901311703e-12
147.0 -2.9861798945528525e-12
148.0 -2.8649436852341704e-12
149.0 -2.7471698217010722e-12
150.0 -2.629395958167974e-12
151.0 -2.522447489488543e-12
152.0 -2.4182149390722862e-12
153.0 -2.3139823886560297e-12
154.0 -2.219178928497253e-12
155.0 -2.1272690653075632e-12
156.0 -2.0353592021178734e-12
157.0 -1.9503668234692486e-12
158.0 -1.8687872375823454e-12
159.0 -1.787207651695442e-12
160.0 -1.7106497105656418e-12
161.0 -1.6388866818632118e-12
162.0 -1.5671236531607817e-12
163.0 -1.4979232112451422e-12
164.0 -1.4350068358592805e-12
165.0 -1.3720904604734191e-12
166.0 -1.3091895136648718e-12
167.0 -1.2519875456738347e-12
168.0 -1.1947855776827976e-12
169.0 -1.1375836096917605e-12
170.0 -1.0849520363531063e-12
171.0 -1.034788685230696e-12
172.0 -9.846253341082858e-13
173.0 -9.359638237372823e-13
174.0 -8.923811373292685e-13
175.0 -8.487984509212547e-13
176.0 -8.052157645132409e-13
177.0 -7.658586918537466e-13
178.0 -7.280017845474411e-13
179.0 -6.901448772411355e-13
180.0 -6.529232777965938e-13
181.0 -6.186502402895147e-13
182.0 -5.843772027824354e-13
183.0 -5.501041652753562e-13
184.0 -5.188937614609239e-13
185.0 -4.90244282235222e-13
186.0 -4.6159480300952e-13
187.0 -4.3294532378381803e-13
188.0 -4.0670693680480573e-13
189.0 -3.8093272670198846e-13
190.0 -3.551585165991712e-13
191.0 -3.2958670821305517e-13
192.0 -3.0732338915450545e-13
193.0 -2.850600700959558e-13
194.0 -2.6279675103740605e-13
195.0 -2.409456971850779e-13
196.0 -2.207400256853964e-13
197.0 -2.0053435418571486e-13
198.0 -1.803286826860333e-13
199.0 -1.6095485749003763e-13
200.0 -1.4388653654368596e-13
201.0 -1.268182155973343e-13
202.0 -1.0974989465098264e-13
203.0 -9.332100025306528e-14
204.0 -7.88059766247393e-14
205.0 -6.429095299641332e-14
206.0 -4.977592936808733e-14
207.0 -3.549372306956843e-14
208.0 -2.2484458862114994e-14
209.0 -9.475194654661556e-15
210.0 3.534069552791885e-15
211.0 1.654333376024532e-14
212.0 2.6409687722630315e-14
213.0 3.619896528904295e-14
214.0 4.5988242855455586e-14
215.0 5.577752042186822e-14
216.0 6.493297978529867e-14
217.0 7.383343139021185e-14
218.0 8.273388299512503e-14
219.0 9.163433460003821e-14
220.0 1.0011125314354031e-13
221.0 1.0784818793605877e-13
222.0 1.155851227285772e-13
223.0 1.2332205752109567e-13
224.0 1.3105899231361412e-13
225.0 1.3624112601816568e-13
226.0 1.412222774836897e-13
227.0 1.462034289492137e-13
228.0 1.5118458041473768e-13
229.0 1.5559722677423416e-13
230.0 1.5915887045434878e-13
231.0 1.6272051413446336e-13
232.0 1.6628215781457798e-13
233.0 1.698438014946926e-13
234.0 1.7342219743954018e-13
235.0 1.7700525038709213e-13
236.0 1.8058830333464406e-13
237.0 1.8417135628219601e-13
238.0 1.8761148515445323e-13
239.0 1.891863260915569e-13
240.0 1.9076116702866058e-13
241.0 1.9233600796576425e-13
242.0 1.9391084890286792e-13
243.0 1.9543815194603124e-13
244.0 1.9683339290251155e-13
245.0 1.982286338589919e-13
246.0 1.9962387481547218e-13
247.0 2.0101911577195252e-13
248.0 2.0213576994165025e-13
249.0 2.0275953326373053e-13
250.0 2.0338329658581076e-13
251.0 2.0400705990789104e-13
252.0 2.046308232299713e-13
253.0 2.0528817342594805e-13
254.0 2.0600563193535524e-13
255.0 2.0672309044476242e-13
256.0 2.0744054895416962e-13
257.0 2.081580074635768e-13
258.0 2.089293608275784e-13
259.0 2.0985836162041372e-13
260.0 2.1078736241324908e-13
261.0 2.1171636320608446e-13
262.0 2.126453639989198e-13
263.0 2.13497044395381e-13
264.0 2.1281422988118378e-13
265.0 2.1213141536698653e-13
266.0 2.1144860085278928e-13
267.0 2.1076578633859203e-13
268.0 2.1008297182439479e-13
269.0 2.0927119461625842e-13
270.0 2.0841315585360355e-13
271.0 2.0755511709094869e-13
272.0 2.066970783282938e-13
273.0 2.0583903956563895e-13
274.0 2.0482036499993703e-13
275.0 2.0345509732521286e-13
276.0 2.0208982965048872e-13
277.0 2.0072456197576458e-13
278.0 1.9935929430104044e-13
279.0 1.979940266263163e-13
280.0 1.9619867539811602e-13
281.0 1.942875625499441e-13
282.0 1.9237644970177216e-13
283.0 1.9046533685360024e-13
284.0 1.885542240054283e-13
285.0 1.866167276424154e-13
286.0 1.8452669859212187e-13
287.0 1.8243666954182828e-13
288.0 1.8034664049153472e-13
289.0 1.7825661144124118e-13
290.0 1.7616658239094762e-13
291.0 1.7418281075425216e-13
292.0 1.723631163267642e-13
293.0 1.7054342189927625e-13
294.0 1.6872372747178833e-13
295.0 1.6690403304430036e-13
296.0 1.6508433861681242e-13
297.0 1.633388147068044e-13
298.0 1.6166109841837833e-13
299.0 1.5998338212995225e-13
