10.0 -0.2777737441769703
11.0 -0.2514836018747691
12.0 -0.22873014646046538
13.0 -0.20887096540132535
14.0 -0.19141200708502137
15.0 -0.17596347684271663
16.0 -0.16221242849004658
17.0 -0.1499068380749074
18.0 -0.13884317691377834
19.0 -0.12885473110966336
20.0 -0.11980247928221627
21.0 -0.1115692899068183
22.0 -0.10405623529435964
23.0 -0.09717969416086301
24.0 -0.09086863276914316
25.0 -0.08506210797662221
26.0 -0.07970729173456421
27.0 -0.07475812724644862
28.0 -0.07017440399219677
29.0 -0.06592096505873975
30.0 -0.0619669520144645
31.0 -0.058285154398158276
32.0 -0.054851508147968374
33.0 -0.051644698428985246
34.0 -0.04864579959088225
35.0 -0.04583793131088296
36.0 -0.04320596214512181
37.0 -0.040736292275436715
38.0 -0.038416696462204775
39.0 -0.036236173043683394
40.0 -0.03418477488521731
41.0 -0.03225345386259168
42.0 -0.03043395796074874
43.0 -0.028718773194473232
44.0 -0.027101065836308492
45.0 -0.02557459886598968
46.0 -0.024133641035721222
47.0 -0.022772900846505868
48.0 -0.021487490880834428
49.0 -0.020272900572075276
50.0 -0.019124959631095388
51.0 -0.018039797297756274
52.0 -0.01701381252798712
53.0 -0.016043658609387175
54.0 -0.015126231382084318
55.0 -0.014258650425205851
56.0 -0.01343823354604493
57.0 -0.012662472081027814
58.0 -0.011929011678005164
59.0 -0.011235636783606324
60.0 -0.010580255291396529
61.0 -0.009960883477328878
62.0 -0.009375635023157886
63.0 -0.00882271719572786
64.0 -0.008300432882480668
65.0 -0.007807183340472695
66.0 -0.007341466432104184
67.0 -0.006901868589444577
68.0 -0.006487052872616643
69.0 -0.006095747341646267
70.0 -0.005726736808134353
71.0 -0.005378858477852312
72.0 -0.00505100024954852
73.0 -0.004742100383161403
74.0 -0.004451148024297259
75.0 -0.004177184311301611
76.0 -0.003919303154175856
77.0 -0.003676650167188998
78.0 -0.003448418684818826
79.0 -0.0032338432681250154
80.0 -0.0030321925497910586
81.0 -0.0028427636235512075
82.0 -0.002664879350278745
83.0 -0.0024978886723031465
84.0 -0.002341169078904915
85.0 -0.002194129964148901
86.0 -0.0020562155359947123
87.0 -0.0019269060024457681
88.0 -0.0018057160915162813
89.0 -0.0016921907158068915
90.0 -0.0015858986228257394
91.0 -0.0014864257040951728
92.0 -0.0013933698051164095
93.0 -0.0013063382901925163
94.0 -0.0012249486028653115
95.0 -0.0011488311250565503
96.0 -0.0010776331270282544
97.0 -0.0010110225783858838
98.0 -0.0009486909064941854
99.0 -0.0008903542360316904
100.0 -0.000835753065009291
101.0 -0.0007846506429771611
102.0 -0.0007368304851789353
103.0 -0.0006920934900218819
104.0 -0.0006502550626778242
105.0 -0.0006111425311724323
106.0 -0.000574593009183313
107.0 -0.000540451733214537
108.0 -0.0005085707998752658
109.0 -0.00047880817885841826
110.0 -0.00045102690335826215
111.0 -0.000425094436945876
112.0 -0.0004008823342738548
113.0 -0.00037826637555287627
114.0 -0.0003571273031362922
115.0 -0.0003373521239037228
116.0 -0.0003188357301806371
117.0 -0.0003014824324379302
118.0 -0.0002852069649427984
119.0 -0.0002699346373328727
120.0 -0.00025560051552156357
121.0 -0.00024214774720408936
122.0 -0.00022952533063283338
123.0 -0.00021768572319133336
124.0 -0.00020658269611564567
125.0 -0.00019616978038551519
126.0 -0.00018639953606353806
127.0 -0.00017722372915757352
128.0 -0.00016859433291769126
129.0 -0.0001604651086727481
130.0 -0.00015279339813763804
131.0 -0.00014554170860227243
132.0 -0.00013867871553626112
133.0 -0.0001321794403255431
134.0 -0.00012602455323219646
135.0 -0.00012019895311043353
136.0 -0.00011468993242952855
137.0 -0.00010948530924046491
138.0 -0.00010457188356310033
139.0 -9.993446977664264e-05
140.0 -9.555560586585356e-05
141.0 -9.141588918799537e-05
142.0 -8.749477404183487e-05
143.0 -8.377160896298339e-05
144.0 -8.022669217561091e-05
145.0 -7.684216784616955e-05
146.0 -7.360265268200704e-05
147.0 -7.049555200338574e-05
148.0 -6.751108271230835e-05
149.0 -6.464206085672047e-05
150.0 -6.188353265519063e-05
151.0 -5.923233179246758e-05
152.0 -5.668663533877497e-05
153.0 -5.424556891731956e-05
154.0 -5.1908882757367304e-05
155.0 -4.967668972025513e-05
156.0 -4.754923159795266e-05
157.0 -4.552662845554e-05
158.0 -4.3608572619619425e-05
159.0 -4.17939542519273e-05
160.0 -4.008044320421841e-05
161.0 -3.846409068374792e-05
162.0 -3.6939040770758826e-05
163.0 -3.549744498632055e-05
164.0 -3.412964829657012e-05
165.0 -3.2824666041041326e-05
166.0 -3.157090995297215e-05
167.0 -3.035706380165331e-05
168.0 -2.9172970964510557e-05
169.0 -2.8010388143586006e-05
170.0 -2.686348410877551e-05
171.0 -2.572901376572506e-05
172.0 -2.460616320927462e-05
173.0 -2.3496124785923395e-05
174.0 -2.240150771172186e-05
175.0 -2.1325709498555166e-05
176.0 -2.0272363512826995e-05
177.0 -1.9244943126287734e-05
178.0 -1.824655372437744e-05
179.0 -1.7279893739892656e-05
180.0 -1.6347327401973328e-05
181.0 -1.5450993390033376e-05
182.0 -1.4592877346266977e-05
183.0 -1.3774798431664306e-05
184.0 -1.2998292681964503e-05
185.0 -1.2264409191932774e-05
186.0 -1.157346084560696e-05
187.0 -1.0924784467161409e-05
188.0 -1.0316564883972481e-05
189.0 -9.745765711618718e-06
190.0 -9.208190759530605e-06
191.0 -8.6986782330722e-06
192.0 -8.211409171067843e-06
193.0 -7.740294651445558e-06
194.0 -7.2793952276968556e-06
195.0 -6.823322188260382e-06
196.0 -6.367574240103322e-06
197.0 -5.9087747959933065e-06
198.0 -5.444792499493181e-06
199.0 -4.9747477690662235e-06
200.0 -4.498926715788861e-06
201.0 -4.018636416448484e-06
202.0 -3.5360389975594623e-06
203.0 -3.0539953866584808e-06
204.0 -2.5759348168174345e-06
205.0 -2.1057476129841065e-06
206.0 -1.6476821555380443e-06
207.0 -1.2062175962463679e-06
208.0 -7.858853210910671e-07
209.0 -3.910246786931257e-07
210.0 -2.5479193437540902e-08
211.0 3.077371354955443e-07
212.0 6.067543795437012e-07
213.0 8.710833522463695e-07
214.0 1.101719467836547e-06
215.0 1.3010763708639278e-06
216.0 1.4727400743063703e-06
217.0 1.6210673256591208e-06
218.0 1.7506826276024575e-06
219.0 1.8659500361018682e-06
220.0 1.9705037006116873e-06
221.0 2.0669131954956076e-06
222.0 2.1565373893555485e-06
223.0 2.2395881898419274e-06
224.0 2.315389202860636e-06
225.0 2.3827810063473854e-06
226.0 2.440600480455277e-06
227.0 2.4881506932444875e-06
228.0 2.5255818284676386e-06
229.0 2.554121336394483e-06
230.0 2.576119166383656e-06
231.0 2.5949061621424735e-06
232.0 2.6144944271669772e-06
233.0 2.639172242369677e-06
234.0 2.673059121057776e-06
235.0 2.7196873235494104e-06
236.0 2.781665629580163e-06
237.0 2.860462526101627e-06
238.0 2.9563236678896933e-06
239.0 3.0683172093759373e-06
240.0 3.1944842620756468e-06
241.0 3.332062559239621e-06
242.0 3.4777497089352007e-06
243.0 3.6279767122077705e-06
244.0 3.779170079346385e-06
245.0 3.9279889509290455e-06
246.0 4.071529721975589e-06
247.0 4.207493522264769e-06
248.0 4.334311634945375e-06
249.0 4.451221820007774e-06
250.0 4.558286481210376e-06
251.0 4.656343591322013e-06
252.0 4.74688455563481e-06
253.0 4.83185999971792e-06
254.0 4.91342394386455e-06
255.0 4.993637198826722e-06
256.0 5.074159853692484e-06
257.0 5.155968289008097e-06
258.0 5.239132697955564e-06
259.0 5.322686052644352e-06
260.0 5.404605312163838e-06
261.0 5.481911915010708e-06
262.0 5.550883390365213e-06
263.0 5.607353678150224e-06
264.0 5.647068690582506e-06
265.0 5.666057414845934e-06
266.0 5.660978234681435e-06
267.0 5.629404978778016e-06
268.0 5.570026460823035e-06
269.0 5.482745300628799e-06
270.0 5.368674638077571e-06
271.0 5.230043052498668e-06
272.0 5.070027026009756e-06
273.0 4.892535679802021e-06
274.0 4.7019739908724184e-06
275.0 4.5030086330701074e-06
276.0 4.300355841911523e-06
277.0 4.098604408506178e-06
278.0 3.902080225129625e-06
279.0 3.714752723296951e-06
280.0 3.540178748477441e-06
281.0 3.3814762384508533e-06
282.0 3.2413185320877836e-06
283.0 3.1219400228204944e-06
284.0 3.025144856601279e-06
285.0 2.952312107440418e-06
286.0 2.9043930366249225e-06
287.0 2.8818984116170747e-06
288.0 2.8848762407717058e-06
289.0 2.912882510335542e-06
290.0 2.964949432156997e-06
291.0 3.039557157727316e-06
292.0 3.13461572110867e-06
293.0 3.2474640090188016e-06
294.0 3.374891755791282e-06
295.0 3.5131889585179256e-06
296.0 3.6582248440706437e-06
297.0 3.8055558342201554e-06
298.0 3.950559149888787e-06
299.0 4.08858609167634e-06
