10.0 -0.0761877268457
11.0 -0.06962988957
12.0 -0.06391473276
13.0 -0.0588941288269
14.0 -0.0544534239511
15.0 -0.0505015821844
16.0 -0.0469650760049
17.0 -0.0437843817435
18.0 -0.0409112003561
19.0 -0.0383057754986
20.0 -0.0359347823344
21.0 -0.0337699950969
22.0 -0.0317874512891
23.0 -0.0299667920865
24.0 -0.0282906324925
25.0 -0.0267439757059
26.0 -0.0253137489024
27.0 -0.0239884898931
28.0 -0.0227581335396
29.0 -0.0216138280543
30.0 -0.020547758266
31.0 -0.0195529927024
32.0 -0.0186233657712
33.0 -0.0177533844005
34.0 -0.0169381428249
35.0 -0.0161732406173
36.0 -0.0154547118876
37.0 -0.0147789735838
38.0 -0.0141427882209
39.0 -0.0135432277287
40.0 -0.0129776325987
41.0 -0.0124435742234
42.0 -0.0119388300908
43.0 -0.0114613698724
44.0 -0.0110093414072
45.0 -0.0105810501759
46.0 -0.0101749368575
47.0 -0.00978956097079
48.0 -0.00942359196011
49.0 -0.0090758023245
50.0 -0.00874505841262
51.0 -0.00843031016362
52.0 -0.00813058351801
53.0 -0.0078449763487
54.0 -0.0075726552289
55.0 -0.00731285040506
56.0 -0.00706484906206
57.0 -0.00682798874725
58.0 -0.00660165212512
59.0 -0.00638526264447
60.0 -0.00617828026356
61.0 -0.00598019728283
62.0 -0.00579053523468
63.0 -0.00560884358456
64.0 -0.00543469990301
65.0 -0.00526771021025
66.0 -0.00510750818042
67.0 -0.00495375276562
68.0 -0.00480612483737
69.0 -0.00466432391067
70.0 -0.00452806572968
71.0 -0.00439708085458
72.0 -0.00427111394757
73.0 -0.00414992343534
74.0 -0.00403328141046
75.0 -0.00392097369053
76.0 -0.00381279979661
77.0 -0.003708572467
78.0 -0.00360811644159
79.0 -0.00351126662607
80.0 -0.00341786610762
81.0 -0.00332776458264
82.0 -0.00324081754568
83.0 -0.00315688626412
84.0 -0.00307583831916
85.0 -0.00299754838774
86.0 -0.00292189891715
87.0 -0.00284878036297
88.0 -0.00277809075019
89.0 -0.00270973451278
90.0 -0.00264362083075
91.0 -0.00257966189445
92.0 -0.00251777156733
93.0 -0.00245786476773
94.0 -0.00239985763133
95.0 -0.00234366827571
96.0 -0.002289217856
97.0 -0.00223643159332
98.0 -0.00218523953716
99.0 -0.00213557693741
100.0 -0.0020873842111
101.0 -0.0020406065698
102.0 -0.00199519341866
103.0 -0.001951097648
104.0 -0.00190827492263
105.0 -0.00186668304462
106.0 -0.00182628143122
107.0 -0.0017870307167
108.0 -0.00174889246057
109.0 -0.00171182893157
110.0 -0.00167580294319
111.0 -0.00164077774073
112.0 -0.00160671696929
113.0 -0.00157358476713
114.0 -0.00154134601472
115.0 -0.00150996672769
116.0 -0.00147941452781
117.0 -0.0014496590863
118.0 -0.00142067242581
119.0 -0.00139242899698
120.0 -0.00136490549972
121.0 -0.00133808047966
122.0 -0.00131193377764
123.0 -0.0012864459359
124.0 -0.00126159766721
125.0 -0.00123736947734
126.0 -0.00121374150137
127.0 -0.00119069357565
128.0 -0.00116820552304
129.0 -0.00114625758712
130.0 -0.00112483091919
131.0 -0.00110390800877
132.0 -0.00108347296036
133.0 -0.00106351155358
134.0 -0.00104401107407
135.0 -0.00102495995486
136.0 -0.00100634730841
137.0 -0.000988162448714
138.0 -0.000970394496605
139.0 -0.000953032134037
140.0 -0.000936063534136
141.0 -0.000919476454512
142.0 -0.000903258451456
143.0 -0.000887397157432
144.0 -0.000871880564048
145.0 -0.000856697263868
146.0 -0.000841836621645
147.0 -0.000827288863645
148.0 -0.000813045089018
149.0 -0.000799097217876
150.0 -0.000785437896464
151.0 -0.000772060381026
152.0 -0.000758958419371
153.0 -0.00074612614357
154.0 -0.000733557979736
155.0 -0.000721248572992
156.0 -0.000709192719343
157.0 -0.000697385293278
158.0 -0.000685821161741
159.0 -0.000674495081642
160.0 -0.000663401587773
161.0 -0.000652534887866
162.0 -0.000641888788165
163.0 -0.000631456673455
164.0 -0.000621231558892
165.0 -0.000611206218117
166.0 -0.000601373376274
167.0 -0.000591725941581
168.0 -0.000582257239311
169.0 -0.000572961210033
170.0 -0.000563832540487
171.0 -0.000554866708887
172.0 -0.000546059943493
173.0 -0.000537409109786
174.0 -0.000528911553722
175.0 -0.000520564933701
176.0 -0.000512367071358
177.0 -0.000504315842302
178.0 -0.000496409115188
179.0 -0.000488644734538
180.0 -0.000481020532725
181.0 -0.000473534351715
182.0 -0.00046618405604
183.0 -0.000458967524226
184.0 -0.000451882614231
185.0 -0.000444927107111
186.0 -0.000438098639721
187.0 -0.000431394640737
188.0 -0.00042481228414
189.0 -0.000418348471306
190.0 -0.000411999847858
191.0 -0.00040576285578
192.0 -0.00039963381579
193.0 -0.000393609030569
194.0 -0.000387684896472
195.0 -0.000381858010394
196.0 -0.000376125259497
197.0 -0.000370483884566
198.0 -0.000364931512353
199.0 -0.00035946615752
200.0 -0.000354086199679
201.0 -0.000348790344276
202.0 -0.000343577577049
203.0 -0.000338447120056
204.0 -0.000333398393519
205.0 -0.000328430982972
206.0 -0.000323544606952
207.0 -0.000318739078135
208.0 -0.000314014251225
209.0 -0.000309369954188
210.0 -0.000304805904753
211.0 -0.000300321620145
212.0 -0.000295916332951
213.0 -0.000291588928429
214.0 -0.000287337917472
215.0 -0.000283161454771
216.0 -0.000279057404359
217.0 -0.000275023446044
218.0 -0.000271057208295
219.0 -0.000267156407504
220.0 -0.000263318971543
221.0 -0.000259543127705
222.0 -0.000255827440978
223.0 -0.000252170797128
224.0 -0.000248572334583
225.0 -0.000245031337884
226.0 -0.000241547111758
227.0 -0.000238118857781
228.0 -0.000234745574517
229.0 -0.000231425997359
230.0 -0.000228158587057
231.0 -0.000224941567436
232.0 -0.000221773004761
233.0 -0.000218650914915
234.0 -0.000215573381163
235.0 -0.000212538665013
236.0 -0.000209545295424
237.0 -0.000206592126467
238.0 -0.000203678359381
239.0 -0.00020080353056
240.0 -0.000197967471315
241.0 -0.000195170247755
242.0 -0.000192412089622
243.0 -0.000189693315935
244.0 -0.0001870142633
245.0 -0.000184375220732
246.0 -0.000181776373222
247.0 -0.000179217755514
248.0 -0.000176699217575
249.0 -0.000174220403693
250.0 -0.000171780747598
251.0 -0.000169379485896
252.0 -0.000167015691183
253.0 -0.000164688324385
254.0 -0.000162396303333
255.0 -0.000160138581913
256.0 -0.000157914231742
257.0 -0.000155722516941
258.0 -0.00015356295246
259.0 -0.000151435337807
260.0 -0.00014933976073
261.0 -0.000147276569057
262.0 -0.000145246312952
263.0 -0.000143249663563
264.0 -0.000141287317033
265.0 -0.000139359894413
266.0 -0.000137467848259
267.0 -0.000135611385346
268.0 -0.000133790412565
269.0 -0.00013200450981
270.0 -0.000130252930316
271.0 -0.000128534625782
272.0 -0.000126848291188
273.0 -0.00012519242278
274.0 -0.000123565382245
275.0 -0.000121965460634
276.0 -0.000120390936791
277.0 -0.000118840126725
278.0 -0.000117311422071
279.0 -0.000115803317463
280.0 -0.000114314427864
281.0 -0.00011284349781
282.0 -0.000111389404921
283.0 -0.000109951160112
284.0 -0.000108527906666
285.0 -0.000107118919914
286.0 -0.00010572360868
287.0 -0.000104341519014
288.0 -0.000102972340134
289.0 -0.00010161591187
290.0 -0.000100272232429
291.0 -9.89414648876e-05
292.0 -9.76239406376e-05
293.0 -9.63201579946e-05
294.0 -9.50307744083e-05
295.0 -9.37565911482e-05
296.0 -9.24985299496e-05
297.0 -9.12576018236e-05
298.0 -9.00348689922e-05
299.0 -8.88314015981e-05
