10.0 -0.0009694377201200118
11.0 -0.01736515256902287
12.0 -0.028952437555708352
13.0 -0.03691006001652165
14.0 -0.042155218815820135
15.0 -0.04539199538842259
16.0 -0.04715560173910529
17.0 -0.0478486968903991
18.0 -0.04777165705445182
19.0 -0.04714785461198013
20.0 -0.04614342979404265
21.0 -0.04488177248974424
22.0 -0.0434540152010022
23.0 -0.04192691243732331
24.0 -0.04034898874552554
25.0 -0.038755337500963605
26.0 -0.03717120678419772
27.0 -0.03561454604943132
28.0 -0.03409781329832642
29.0 -0.03262933783646435
30.0 -0.0312143926324313
31.0 -0.029856013664256113
32.0 -0.028555594314328216
33.0 -0.027313317638431613
34.0 -0.026128492808749838
35.0 -0.02499982808504272
36.0 -0.023925637514230536
37.0 -0.02290397576627404
38.0 -0.02193272196678043
39.0 -0.021009649436813414
40.0 -0.02013249796218208
41.0 -0.01929903285812686
42.0 -0.018507071336025572
43.0 -0.017754483016760643
44.0 -0.01703919101934479
45.0 -0.016359188599361665
46.0 -0.01571256106497726
47.0 -0.015097495187612666
48.0 -0.014512273492383248
49.0 -0.013955265878202235
50.0 -0.013424928376495456
51.0 -0.01291980589001227
52.0 -0.012438530211043195
53.0 -0.011979811157860095
54.0 -0.01154242671592052
55.0 -0.01112521802731045
56.0 -0.010727088999866597
57.0 -0.010347006364769845
58.0 -0.009983997680770015
59.0 -0.009637148448848913
60.0 -0.009305600449312198
61.0 -0.008988551194915522
62.0 -0.008685252149811595
63.0 -0.008395003703264223
64.0 -0.008117147414401811
65.0 -0.00785105833353331
66.0 -0.007596140323127314
67.0 -0.007351825335791158
68.0 -0.007117575253058541
69.0 -0.006892883861797017
70.0 -0.006677277255804039
71.0 -0.00647031243176033
72.0 -0.0062715748056449494
73.0 -0.006080675324593269
74.0 -0.005897247341579617
75.0 -0.005720943274691263
76.0 -0.0055514314838427765
77.0 -0.005388394215797627
78.0 -0.0052315272738880855
79.0 -0.005080541259293792
80.0 -0.004935163412048278
81.0 -0.004795138852112883
82.0 -0.004660230449372165
83.0 -0.004530217222280853
84.0 -0.004404891652016216
85.0 -0.0042840565010242495
86.0 -0.004167521784861962
87.0 -0.004055102559387933
88.0 -0.003946618068967497
89.0 -0.0038418924412530076
90.0 -0.0037407565741018707
91.0 -0.003643050401209524
92.0 -0.0035486246098229432
93.0 -0.0034573411762298177
94.0 -0.0033690726022345256
95.0 -0.003283700203883111
96.0 -0.003201112034607181
97.0 -0.003121200995801373
98.0 -0.003043863494234104
99.0 -0.0029689987684129427
100.0 -0.0028965088093824555
101.0 -0.0028262986824206
102.0 -0.002758277018356012
103.0 -0.0026923564703338816
104.0 -0.002628453996859356
105.0 -0.002566490908428444
106.0 -0.0025063926867733726
107.0 -0.00244808864622855
108.0 -0.0023915115492747206
109.0 -0.0023365972988813456
110.0 -0.0022832847943794494
111.0 -0.0022315159575280524
112.0 -0.002181235840637115
113.0 -0.0021323926658932666
114.0 -0.002084937651956228
115.0 -0.0020388245638845214
116.0 -0.0019940090400796615
117.0 -0.0019504478502359282
118.0 -0.0019080982769985656
119.0 -0.0018669177794944961
120.0 -0.001826864011271729
121.0 -0.0017878951675412806
122.0 -0.0017499705608413916
123.0 -0.0017130512855384429
124.0 -0.001677100827087617
125.0 -0.0016420854909282704
126.0 -0.0016079745598528994
127.0 -0.0015747401348571587
128.0 -0.001542356671659966
129.0 -0.0015108002874792018
130.0 -0.0014800479671996153
131.0 -0.001450076827917011
132.0 -0.0014208635928604498
133.0 -0.0013923843776483113
134.0 -0.0013646148151484128
135.0 -0.0013375304617903087
136.0 -0.0013111073627300063
137.0 -0.0012853226244116099
138.0 -0.001260154856924379
139.0 -0.0012355843972936462
140.0 -0.0012115932905099895
141.0 -0.0011881650667765493
142.0 -0.0011652843946573207
143.0 -0.0011429367031704693
144.0 -0.0011211078537670227
145.0 -0.0010997839147215804
146.0 -0.0010789510570475267
147.0 -0.0010585955619411551
148.0 -0.001038703910039056
149.0 -0.0010192629133232455
150.0 -0.0010002598495798258
151.0 -0.0009816825644746727
152.0 -0.0009635195157408131
153.0 -0.0009457597466854808
154.0 -0.0009283927913378541
155.0 -0.0009114085293499225
156.0 -0.0008947970222320684
157.0 -0.0008785483698759733
158.0 -0.0008626526243809638
159.0 -0.0008470997859131964
160.0 -0.0008318798848401267
161.0 -0.0008169831309071705
162.0 -0.0008024000906144158
163.0 -0.0007881218444600682
164.0 -0.0007741400797895523
165.0 -0.000760447091944026
166.0 -0.000747035691535566
167.0 -0.0007338990417296877
168.0 -0.0007210304688662362
169.0 -0.0007084232971166464
170.0 -0.0006960707512711448
171.0 -0.0006839659532810974
172.0 -0.0006721020131589504
173.0 -0.0006604721901482051
174.0 -0.0006490700822366283
175.0 -0.0006378897955256385
176.0 -0.0006269260509440878
177.0 -0.0006161742021986508
178.0 -0.0006056301609209875
179.0 -0.0005952902467011006
180.0 -0.0005851509955528434
181.0 -0.000575208966804295
182.0 -0.0005654605847560512
183.0 -0.0005559020398113672
184.0 -0.0005465292581407401
185.0 -0.0005373379337578924
186.0 -0.0005283236057134243
187.0 -0.0005194817577490078
188.0 -0.000510807918101334
189.0 -0.00050229774172999
190.0 -0.0004939470640649391
191.0 -0.0004857519226366454
192.0 -0.0004777085494758918
193.0 -0.000469813342330734
194.0 -0.0004620628262079856
195.0 -0.0004544536181833288
196.0 -0.0004469824074650455
197.0 -0.0004396459591246244
198.0 -0.0004324411439889326
199.0 -0.00042536498991948787
200.0 -0.000418414742763926
201.0 -0.00041158792063429025
202.0 -0.00040488234450396975
203.0 -0.00039829613212947996
204.0 -0.0003918276503801158
205.0 -0.0003854754313012165
206.0 -0.0003792380669433357
207.0 -0.00037311410442427675
208.0 -0.0003671019638936524
209.0 -0.0003611998974611196
210.0 -0.00035540599772451297
211.0 -0.00034971825261111817
212.0 -0.00034413463183274135
213.0 -0.0003386531822472515
214.0 -0.00033327210683405724
215.0 -0.00032798980547175943
216.0 -0.00032280486439562457
217.0 -0.0003177159930177546
218.0 -0.0003127219189419831
219.0 -0.00030782126173662473
220.0 -0.0003030124112299964
221.0 -0.00029829343574140903
222.0 -0.0002936620399822803
223.0 -0.0002891155827034912
224.0 -0.0002846511526390591
225.0 -0.0002802656902989555
226.0 -0.0002759561348749232
227.0 -0.0002717195714866769
228.0 -0.00026755335484751695
229.0 -0.00026345519081100963
230.0 -0.00025942316592528344
231.0 -0.00025545572520701887
232.0 -0.00025155160776275205
233.0 -0.00024770975675362286
234.0 -0.00024392922324788902
235.0 -0.0002402090823311492
236.0 -0.00023654837498847115
237.0 -0.00023294608207309383
238.0 -0.00022940112893458705
239.0 -0.00022591241281236764
240.0 -0.00022247884130290692
241.0 -0.00021909936972485365
242.0 -0.0002157730278098714
243.0 -0.0002124989308508997
244.0 -0.00020927627579816487
245.0 -0.00020610432731479116
246.0 -0.0002029824013418719
247.0 -0.00019990985375911363
248.0 -0.00019688607945597415
249.0 -0.0001939105233511697
250.0 -0.0001909827007609675
251.0 -0.00018810222117887247
252.0 -0.0001852688078626558
253.0 -0.00018248230601003427
254.0 -0.000179742674577828
255.0 -0.00017704996033679485
256.0 -0.00017440425666212167
257.0 -0.000171805652909596
258.0 -0.00016925418227536164
259.0 -0.00016674977637582978
260.0 -0.00016429223340611097
261.0 -0.00016188120400130405
262.0 -0.0001595161954600673
263.0 -0.00015719659153186992
264.0 -0.0001549216822104021
265.0 -0.00015269069642727553
266.0 -0.00015050283044213387
267.0 -0.000148357266018986
268.0 -0.00014625317483789083
269.0 -0.00014418970850371335
270.0 -0.00014216597639663122
271.0 -0.0001401810159251362
272.0 -0.00013823376110525903
273.0 -0.00013632301562580484
274.0 -0.00013444743572512755
275.0 -0.00013260552655334083
276.0 -0.00013079565360284905
277.0 -0.0001290160686728561
278.0 -0.00012726494804994926
279.0 -0.00012554043937680414
280.0 -0.0001238407131343426
281.0 -0.00012216401472631532
282.0 -0.00012050871367243806
283.0 -0.00011887334718293504
284.0 -0.00011725665621058304
285.0 -0.0001156576128158365
286.0 -0.00011407543826944565
287.0 -0.00011250961175577206
288.0 -0.00011095986987347422
289.0 -0.00010942619741634886
290.0 -0.00010790881019837517
291.0 -0.00010640813097389667
292.0 -0.000104924759775343
293.0 -0.00010345944020328435
294.0 -0.00010201302331205351
295.0 -0.00010058643070833842
296.0 -9.918061831797109e-05
297.0 -9.779654200275862e-05
298.0 -9.643512587302792e-05
299.0 -9.509723379819471e-05
