10.0 -0.011992153232159332
11.0 -0.027448668162672992
12.0 -0.03792465407209877
13.0 -0.04465740901922191
14.0 -0.04860991530431603
15.0 -0.05052168057010232
16.0 -0.05095515362596317
17.0 -0.05033385376967939
18.0 -0.048974086862567934
19.0 -0.047111343111081366
20.0 -0.044920917646243695
21.0 -0.04253302933730058
22.0 -0.04004378945045201
23.0 -0.03752343612199899
24.0 -0.035022748765457516
25.0 -0.03257804947769823
26.0 -0.03021494680979723
27.0 -0.027951009516366233
28.0 -0.02579767967489842
29.0 -0.023761726740782023
30.0 -0.02184640080888371
31.0 -0.020052325208920346
32.0 -0.01837815821947042
33.0 -0.016821087750392393
34.0 -0.015377225855504991
35.0 -0.014041935700536355
36.0 -0.0128100882540558
37.0 -0.01167624302634508
38.0 -0.010634773566513949
39.0 -0.009679974510022274
40.0 -0.008806166761623262
41.0 -0.00800778510436429
42.0 -0.007279428791642466
43.0 -0.006615882044426097
44.0 -0.006012131024386799
45.0 -0.005463392491956206
46.0 -0.00496514418972084
47.0 -0.004513139517268607
48.0 -0.0041034042338795075
49.0 -0.0037322279825800528
50.0 -0.0033961607827713773
51.0 -0.003092011662611832
52.0 -0.002816841040403388
53.0 -0.0025679449758353977
54.0 -0.0023428374348683275
55.0 -0.002139236654404517
56.0 -0.0019550556129483915
57.0 -0.001788392660448917
58.0 -0.0016375200116450384
59.0 -0.0015008714479400487
60.0 -0.0013770314924776647
61.0 -0.0012647260725897045
62.0 -0.0011628124023723265
63.0 -0.0010702661159633772
64.0 -0.0009861661724476693
65.0 -0.0009096803203424129
66.0 -0.000840054024598443
67.0 -0.0007766038054640025
68.0 -0.0007187136003029358
69.0 -0.0006658317398616293
70.0 -0.0006174668364339694
71.0 -0.0005731823487932231
72.0 -0.0005325905282685004
73.0 -0.000495346383784462
74.0 -0.000461141785489884
75.0 -0.00042969967661505404
76.0 -0.00040076877704234434
77.0 -0.0003741195899656444
78.0 -0.00034954234331642384
79.0 -0.00032684670317766496
80.0 -0.0003058622877581598
81.0 -0.00028643878419974217
82.0 -0.00026844489203339063
83.0 -0.0002517659757584766
84.0 -0.00023630078352581234
85.0 -0.00022195778249906568
86.0 -0.00020865172026360995
87.0 -0.0001963010416959428
88.0 -0.00018482668786277495
89.0 -0.00017415246001312843
90.0 -0.00016420660657170825
91.0 -0.0001549238406887582
92.0 -0.00014624688268654158
93.0 -0.0001381269059918014
94.0 -0.0001305227697051824
95.0 -0.00012339937563149138
96.0 -0.00011672570866865198
97.0 -0.00011047308624495837
98.0 -0.0001046139507668682
99.0 -9.912130810890929e-05
100.0 -9.396872707088019e-05
101.0 -8.913070420151911e-05
102.0 -8.458316742980856e-05
103.0 -8.030392329111164e-05
104.0 -7.627291914953474e-05
105.0 -7.247226775685661e-05
106.0 -6.888605129859445e-05
107.0 -6.549998015109245e-05
108.0 -6.230102195468418e-05
109.0 -5.927712565520262e-05
110.0 -5.6417128422617544e-05
111.0 -5.371085270389888e-05
112.0 -5.114930498285272e-05
113.0 -4.87248234592229e-05
114.0 -4.643102633423902e-05
115.0 -4.4262489612682256e-05
116.0 -4.2214198744846196e-05
117.0 -4.02809179769802e-05
118.0 -3.8456661277718516e-05
119.0 -3.6734417460769184e-05
120.0 -3.510620116280188e-05
121.0 -3.3563408700714416e-05
122.0 -3.20973862956418e-05
123.0 -3.070008201916676e-05
124.0 -2.9364648741007266e-05
125.0 -2.808588253096293e-05
126.0 -2.6860411340637354e-05
127.0 -2.5686590260365123e-05
128.0 -2.4564111934564025e-05
129.0 -2.3493398986849124e-05
130.0 -2.247489733499577e-05
131.0 -2.1508418737205535e-05
132.0 -2.059267476237016e-05
133.0 -1.9725099972656305e-05
134.0 -1.890199004245914e-05
135.0 -1.8118901673155206e-05
136.0 -1.737119921157945e-05
137.0 -1.665460576030377e-05
138.0 -1.596563015728478e-05
139.0 -1.5301787919781877e-05
140.0 -1.4661596751492385e-05
141.0 -1.4044385383722484e-05
142.0 -1.3449992634210578e-05
143.0 -1.2878444797375885e-05
144.0 -1.2329686446555978e-05
145.0 -1.1803411536806493e-05
146.0 -1.1299009385746125e-05
147.0 -1.0815612605039358e-05
148.0 -1.035221605070622e-05
149.0 -9.907827919647314e-06
150.0 -9.48161428273099e-06
151.0 -9.073004086795761e-06
152.0 -8.681731185838504e-06
153.0 -8.307802393207747e-06
154.0 -7.951395169851664e-06
155.0 -7.612703853899257e-06
156.0 -7.291766472492659e-06
157.0 -6.98831150144683e-06
158.0 -6.70166226743792e-06
159.0 -6.430724891712008e-06
160.0 -6.174065724495892e-06
161.0 -5.930061099769246e-06
162.0 -5.69708259642465e-06
163.0 -5.473670956657582e-06
164.0 -5.2586548461213485e-06
165.0 -5.051186226163789e-06
166.0 -4.850687819305312e-06
167.0 -4.656733048280547e-06
168.0 -4.4688976765043236e-06
169.0 -4.2866298564869275e-06
170.0 -4.109179516504015e-06
171.0 -3.935610926146584e-06
172.0 -3.7648988963305753e-06
173.0 -3.5960859326975574e-06
174.0 -3.4284609796758568e-06
175.0 -3.2617143876313824e-06
176.0 -3.0960296082059814e-06
177.0 -2.9320878627273113e-06
178.0 -2.7709830889293585e-06
179.0 -2.6140651215201673e-06
180.0 -2.4627440298409984e-06
181.0 -2.3182944670581207e-06
182.0 -2.181695164471026e-06
183.0 -2.053527393619917e-06
184.0 -1.9339411675305613e-06
185.0 -1.822683436436833e-06
186.0 -1.7191719310195215e-06
187.0 -1.6225932757585506e-06
188.0 -1.5320043704572564e-06
189.0 -1.4464203546047393e-06
190.0 -1.3648787885601429e-06
191.0 -1.2864763220449221e-06
192.0 -1.2103800041739191e-06
193.0 -1.135820011828866e-06
194.0 -1.0620736874332676e-06
195.0 -9.884521112920578e-07
196.0 -9.142996244605756e-07
197.0 -8.390135104578175e-07
198.0 -7.620856289367396e-07
199.0 -6.831610651326224e-07
200.0 -6.021023898131821e-07
201.0 -5.19043809095486e-07
202.0 -4.3441893461997004e-07
203.0 -3.4894983884733354e-07
204.0 -2.635929235503608e-07
205.0 -1.794471218677252e-07
206.0 -9.763948124955452e-08
207.0 -1.920958520735426e-08
208.0 5.49843555218852e-08
209.0 1.2431918245406833e-07
210.0 1.8841068193768785e-07
211.0 2.4706967432890335e-07
212.0 3.0022348482854297e-07
213.0 3.478240531260407e-07
214.0 3.897669073065784e-07
215.0 4.258424194414471e-07
216.0 4.557329299229308e-07
217.0 4.790584123557508e-07
218.0 4.954619464842825e-07
219.0 5.047169775730862e-07
220.0 5.068331744497264e-07
221.0 5.02137650849859e-07
222.0 4.913132150133682e-07
223.0 4.7538394361480645e-07
224.0 4.5564880293246594e-07
225.0 4.335740574172382e-07
226.0 4.106628019830731e-07
227.0 3.883236992449086e-07
228.0 3.6776030076996987e-07
229.0 3.498975005470456e-07
230.0 3.3535384877081245e-07
231.0 3.244593529781609e-07
232.0 3.1730993059093437e-07
233.0 3.138435759862875e-07
234.0 3.1392072893904427e-07
235.0 3.1739263257726463e-07
236.0 3.241461215441136e-07
237.0 3.3412001764642795e-07
238.0 3.4729543605133714e-07
239.0 3.6366811958818315e-07
240.0 3.8321413208257153e-07
241.0 4.0586028134406444e-07
242.0 4.314677665309458e-07
243.0 4.5983273335890265e-07
244.0 4.907020841536274e-07
245.0 5.237984732328807e-07
246.0 5.588460225315042e-07
247.0 5.955884084019324e-07
248.0 6.337933943917861e-07
249.0 6.732418253253365e-07
250.0 7.137034287453192e-07
251.0 7.549053481162744e-07
252.0 7.965012923237372e-07
253.0 8.38049132796455e-07
254.0 8.790028435487004e-07
255.0 9.187214361271646e-07
256.0 9.564938307876152e-07
257.0 9.915753090398445e-07
258.0 1.023229027105078e-06
259.0 1.0507654399385615e-06
260.0 1.0735734255035914e-06
261.0 1.0911390996084709e-06
262.0 1.1030512174643393e-06
263.0 1.1089950061001485e-06
264.0 1.1087386374995205e-06
265.0 1.102117875061601e-06
266.0 1.0890244900059023e-06
267.0 1.0694029045794394e-06
268.0 1.043257471028718e-06
269.0 1.0106703001401051e-06
270.0 9.71827132330814e-07
271.0 9.270468714149642e-07
272.0 8.76809408910994e-07
273.0 8.21776390411942e-07
274.0 7.628005401297629e-07
275.0 7.009208142490521e-07
276.0 6.373426383981118e-07
277.0 5.734044167936226e-07
278.0 5.105330564117938e-07
279.0 4.5019222427930007e-07
280.0 3.938273896070494e-07
281.0 3.428114699720793e-07
282.0 2.9839427097641283e-07
283.0 2.616580892111767e-07
284.0 2.3348102845010727e-07
285.0 2.1450888993683014e-07
286.0 2.0513599469857422e-07
287.0 2.0549496477970468e-07
288.0 2.1545527276793661e-07
289.0 2.3463019407324576e-07
290.0 2.623916098023212e-07
291.0 2.9789188911448476e-07
292.0 3.4009184284673414e-07
293.0 3.8779352416022134e-07
294.0 4.396765018897095e-07
295.0 4.943361819651554e-07
296.0 5.503228118214877e-07
297.0 6.061799567313625e-07
298.0 6.604814503738501e-07
299.0 7.11866051239368e-07
