10.0 -0.175354189106
11.0 -0.158860873013
12.0 -0.144601321371
13.0 -0.132170508148
14.0 -0.121256861983
15.0 -0.111614480994
16.0 -0.103045866298
17.0 -0.0953918897077
18.0 -0.088523966118
19.0 -0.0823366962222
20.0 -0.0767421209949
21.0 -0.0716660676261
22.0 -0.0670458289938
23.0 -0.0628283399534
24.0 -0.0589684661032
25.0 -0.0554274323202
26.0 -0.0521715797764
27.0 -0.0491715208618
28.0 -0.0464015579402
29.0 -0.0438391853882
30.0 -0.0414646152082
31.0 -0.039260368466
32.0 -0.0372109604727
33.0 -0.0353026516452
34.0 -0.0335232216596
35.0 -0.0318617536996
36.0 -0.030308448468
37.0 -0.0288544879878
38.0 -0.0274919372283
39.0 -0.0262136494341
40.0 -0.0250131599761
41.0 -0.0238845886265
42.0 -0.0228225748804
43.0 -0.0218222414193
44.0 -0.0208791576721
45.0 -0.0199892870448
46.0 -0.0191489294107
47.0 -0.0183546792143
48.0 -0.0176034026245
49.0 -0.0168922199316
50.0 -0.0162184819938
51.0 -0.0155797439943
52.0 -0.0149737460345
53.0 -0.0143984027716
54.0 -0.0138517952865
55.0 -0.0133321584858
56.0 -0.0128378642557
57.0 -0.0123674051048
58.0 -0.0119193812441
59.0 -0.0114924899896
60.0 -0.0110855152614
61.0 -0.0106973172626
62.0 -0.010326824738
63.0 -0.00997303175059
64.0 -0.00963499816015
65.0 -0.00931185056843
66.0 -0.00900278044134
67.0 -0.00870703830356
68.0 -0.0084239254988
69.0 -0.0081527861765
70.0 -0.00789300143905
71.0 -0.00764398597333
72.0 -0.00740518639012
73.0 -0.00717608046183
74.0 -0.00695617693604
75.0 -0.00674501575311
76.0 -0.00654216809415
77.0 -0.00634723530304
78.0 -0.00615984600782
79.0 -0.0059796516975
80.0 -0.00580632191812
81.0 -0.00563954047674
82.0 -0.00547900351715
83.0 -0.00532441952361
84.0 -0.00517551071155
85.0 -0.00503201501059
86.0 -0.00489368779364
87.0 -0.00476030254768
88.0 -0.00463164989024
89.0 -0.004507534811
90.0 -0.00438777266649
91.0 -0.00427218498059
92.0 -0.00416059620943
93.0 -0.00405283225932
94.0 -0.00394872090768
95.0 -0.00384809368626
96.0 -0.00375078846424
97.0 -0.00365665195476
98.0 -0.00356554156798
99.0 -0.00347732631539
100.0 -0.00339188673607
101.0 -0.00330911401086
102.0 -0.00322890853685
103.0 -0.00315117825525
104.0 -0.00307583698563
105.0 -0.00300280294587
106.0 -0.00293199755423
107.0 -0.00286334453003
108.0 -0.00279676924559
109.0 -0.0027321982503
110.0 -0.00266955890434
111.0 -0.00260877912096
112.0 -0.00254978729074
113.0 -0.00249251250098
114.0 -0.00243688513045
115.0 -0.00238283779663
116.0 -0.00233030649929
117.0 -0.00227923170394
118.0 -0.00222955908857
119.0 -0.00218123974761
120.0 -0.00213422977944
121.0 -0.00208848933016
122.0 -0.00204398128176
123.0 -0.0020006698345
124.0 -0.00195851923964
125.0 -0.00191749289992
126.0 -0.00187755298413
127.0 -0.00183866060907
128.0 -0.00180077653648
129.0 -0.00176386223082
130.0 -0.00172788104619
131.0 -0.00169279927879
132.0 -0.00165858684854
133.0 -0.00162521745733
134.0 -0.00159266819263
135.0 -0.00156091867216
136.0 -0.00152994992402
137.0 -0.00149974324314
138.0 -0.00147027924909
139.0 -0.00144153730427
140.0 -0.00141349535589
141.0 -0.00138613017035
142.0 -0.00135941785631
143.0 -0.00133333453671
144.0 -0.00130785703025
145.0 -0.00128296343077
146.0 -0.00125863351504
147.0 -0.00123484895332
148.0 -0.00121159333378
149.0 -0.00118885203731
150.0 -0.00116661201241
151.0 -0.00114486150246
152.0 -0.00112358977116
153.0 -0.00110278685796
154.0 -0.00108244337724
155.0 -0.00106255035583
156.0 -0.00104309908751
157.0 -0.00102408097622
158.0 -0.00100548734379
159.0 -0.000987309193966
160.0 -0.000969536948529
161.0 -0.000952160195328
162.0 -0.000935167505214
163.0 -0.000918546376537
164.0 -0.00090228335035
165.0 -0.000886364308645
166.0 -0.000870774929282
167.0 -0.000855501234995
168.0 -0.000840530149734
169.0 -0.000825849970538
170.0 -0.000811450678631
171.0 -0.000797324045885
172.0 -0.000783463533893
173.0 -0.000769864022896
174.0 -0.000756521437047
175.0 -0.000743432344964
176.0 -0.000730593608216
177.0 -0.000718002128481
178.0 -0.000705654713042
179.0 -0.000693548046809
180.0 -0.000681678734732
181.0 -0.000670043366874
182.0 -0.000658638560746
183.0 -0.000647460949535
184.0 -0.000636507105352
185.0 -0.000625773407617
186.0 -0.000615255882862
187.0 -0.000604950050524
188.0 -0.000594850809067
189.0 -0.00058495238941
190.0 -0.000575248390707
191.0 -0.000565731899865
192.0 -0.000556395683097
193.0 -0.000547232427174
194.0 -0.000538235001046
195.0 -0.000529396706088
196.0 -0.000520711485722
197.0 -0.000512174072489
198.0 -0.000503780061627
199.0 -0.000495525912904
200.0 -0.000487408894159
201.0 -0.000479426987964
202.0 -0.000471578784999
203.0 -0.000463863383588
204.0 -0.000456280305511
205.0 -0.000448829426562
206.0 -0.000441510909782
207.0 -0.000434325123491
208.0 -0.00042727252707
209.0 -0.000420353515401
210.0 -0.000413568225853
211.0 -0.000406916326479
212.0 -0.000400396816331
213.0 -0.000394007874891
214.0 -0.000387746795224
215.0 -0.000381610024425
216.0 -0.000375593317198
217.0 -0.00036969198762
218.0 -0.000363901224792
219.0 -0.000358216424432
220.0 -0.000352633483483
221.0 -0.000347149009845
222.0 -0.000341760413361
223.0 -0.000336465864598
224.0 -0.00033126413087
225.0 -0.000326154319914
226.0 -0.000321135576944
227.0 -0.00031620678768
228.0 -0.000311366337452
229.0 -0.000306611965321
230.0 -0.000301940734739
231.0 -0.000297349121935
232.0 -0.000292833203893
233.0 -0.000288388912789
234.0 -0.000284012315559
235.0 -0.000279699876827
236.0 -0.000275448670018
237.0 -0.000271256513261
238.0 -0.000267122020718
239.0 -0.000263044573358
240.0 -0.000259024223533
241.0 -0.000255061553435
242.0 -0.000251157508635
243.0 -0.00024731322517
244.0 -0.000243529863831
245.0 -0.000239808460212
246.0 -0.000236149795254
247.0 -0.000232554289203
248.0 -0.000229021922083
249.0 -0.000225552185117
250.0 -0.000222144068803
251.0 -0.000218796093374
252.0 -0.000215506385292
253.0 -0.000212272799176
254.0 -0.000209093078563
255.0 -0.000205965042368
256.0 -0.000202886778233
257.0 -0.000199856820442
258.0 -0.000196874289721
259.0 -0.00019393897544
260.0 -0.000191051347116
261.0 -0.000188212490766
262.0 -0.000185423975278
263.0 -0.000182687662888
264.0 -0.00018000548488
265.0 -0.00017737920749
266.0 -0.000174810213445
267.0 -0.00017229932148
268.0 -0.000169846660367
269.0 -0.000167451606408
270.0 -0.00016511278527
271.0 -0.000162828131656
272.0 -0.000160594994634
273.0 -0.000158410273046
274.0 -0.000156270564474
275.0 -0.000154172312566
276.0 -0.000152111940483
277.0 -0.000150085962223
278.0 -0.000148091067774
279.0 -0.00014612418187
280.0 -0.000144182499169
281.0 -0.000142263500656
282.0 -0.000140364957049
283.0 -0.000138484925065
284.0 -0.000136621741765
285.0 -0.000134774021124
286.0 -0.000132940655588
287.0 -0.000131120823896
288.0 -0.000129314004945
289.0 -0.000127519996063
290.0 -0.000125738932851
291.0 -0.000123971306843
292.0 -0.00012221797673
293.0 -0.000120480168846
294.0 -0.000118759463161
295.0 -0.000117057761996
296.0 -0.00011537724012
297.0 -0.00011372027658
298.0 -0.000112089370386
299.0 -0.000110487043795
