10.0 -0.0156874262772
11.0 -0.0318157032342
12.0 -0.0429906033378
13.0 -0.0504415380374
14.0 -0.0551236597574
15.0 -0.0577688178493
16.0 -0.058932080486
17.0 -0.0590299594822
18.0 -0.0583722098787
19.0 -0.0571882982011
20.0 -0.0556480798313
21.0 -0.0538769606521
22.0 -0.0519668946585
23.0 -0.0499846339154
24.0 -0.0479781456864
25.0 -0.0459816047495
26.0 -0.0440191174209
27.0 -0.0421073662066
28.0 -0.0402574858828
29.0 -0.0384764740373
30.0 -0.0367682958184
31.0 -0.0351347244644
32.0 -0.033575948781
33.0 -0.0320910127018
34.0 -0.0306781549632
35.0 -0.0293350825495
36.0 -0.0280591760648
37.0 -0.0268476220869
38.0 -0.0256974937963
39.0 -0.0246058171029
40.0 -0.023569639147
41.0 -0.0225860836247
42.0 -0.02165237354
43.0 -0.0207658282456
44.0 -0.0199238611985
45.0 -0.0191239934244
46.0 -0.0183638724572
47.0 -0.0176412790108
48.0 -0.0169541187773
49.0 -0.0163004117936
50.0 -0.0156782891636
51.0 -0.0150859939563
52.0 -0.0145218775476
53.0 -0.013984389207
54.0 -0.0134720647731
55.0 -0.0129835202345
56.0 -0.0125174499779
57.0 -0.0120726255418
58.0 -0.0116478923957
59.0 -0.0112421659319
60.0 -0.0108544288038
61.0 -0.0104837295198
62.0 -0.0101291799405
63.0 -0.00978994965032
64.0 -0.00946525767618
65.0 -0.00915436431472
66.0 -0.00885656595408
67.0 -0.00857119383527
68.0 -0.0082976153689
69.0 -0.00803523561039
70.0 -0.00778349720865
71.0 -0.00754187861484
72.0 -0.00730989127986
73.0 -0.00708707650511
74.0 -0.00687300209331
75.0 -0.00666725879666
76.0 -0.00646945697325
77.0 -0.00627922428935
78.0 -0.00609620512489
79.0 -0.00592006154312
80.0 -0.00575047487562
81.0 -0.00558714674578
82.0 -0.00542979877369
83.0 -0.0052781708625
84.0 -0.0051320184392
85.0 -0.00499110921458
86.0 -0.00485522008487
87.0 -0.00472413481576
88.0 -0.00459764304568
89.0 -0.00447554080052
90.0 -0.00435763218543
91.0 -0.00424373146849
92.0 -0.0041336646565
93.0 -0.00402726994687
94.0 -0.00392439694334
95.0 -0.00382490497734
96.0 -0.00372866109729
97.0 -0.00363553825452
98.0 -0.0035454140222
99.0 -0.00345816995263
100.0 -0.00337369148941
101.0 -0.00329186824066
102.0 -0.00321259438796
103.0 -0.00313576903678
104.0 -0.00306129638103
105.0 -0.00298908562947
106.0 -0.00291905071213
107.0 -0.0028511098422
108.0 -0.00278518504968
109.0 -0.00272120181162
110.0 -0.00265908886722
111.0 -0.00259877822525
112.0 -0.0025402052756
113.0 -0.0024833088522
114.0 -0.0024280310991
115.0 -0.00237431706885
116.0 -0.00232211409727
117.0 -0.00227137109866
118.0 -0.00222203796531
119.0 -0.00217406522378
120.0 -0.00212740401974
121.0 -0.00208200641015
122.0 -0.00203782587035
123.0 -0.0019948178873
124.0 -0.00195294050619
125.0 -0.0019121547147
126.0 -0.00187242457981
127.0 -0.00183371709323
128.0 -0.0017960017341
129.0 -0.0017592498155
130.0 -0.00172343373386
131.0 -0.00168852626924
132.0 -0.00165450007887
133.0 -0.00162132748135
134.0 -0.00158898055753
135.0 -0.00155743151452
136.0 -0.00152665319785
137.0 -0.00149661960954
138.0 -0.00146730630326
139.0 -0.00143869057472
140.0 -0.00141075142782
141.0 -0.0013834693553
142.0 -0.00135682601065
143.0 -0.00133080385954
144.0 -0.0013053858856
145.0 -0.00128055539753
146.0 -0.00125629595215
147.0 -0.00123259138024
148.0 -0.0012094258845
149.0 -0.00118678417039
150.0 -0.0011646515715
151.0 -0.00114301413614
152.0 -0.00112185865188
153.0 -0.00110117259694
154.0 -0.00108094402206
155.0 -0.00106116138165
156.0 -0.00104181334634
157.0 -0.00102288863619
158.0 -0.00100437591224
159.0 -0.000986263752228
160.0 -0.000968540716489
161.0 -0.000951195486671
162.0 -0.000934217040536
163.0 -0.000917594815892
164.0 -0.000901318819798
165.0 -0.000885379654794
166.0 -0.000869768457567
167.0 -0.000854476770416
168.0 -0.000839496384701
169.0 -0.000824819202941
170.0 -0.000810437160495
171.0 -0.000796342230608
172.0 -0.000782526513296
173.0 -0.000768982385359
174.0 -0.000755702672161
175.0 -0.000742680795812
176.0 -0.000729910860249
177.0 -0.000717387649487
178.0 -0.000705106536332
179.0 -0.000693063319537
180.0 -0.000681254022324
181.0 -0.00066967469114
182.0 -0.000658321229784
183.0 -0.000647189292734
184.0 -0.000636274246435
185.0 -0.000625571192816
186.0 -0.000615075038663
187.0 -0.00060478058947
188.0 -0.00059468264674
189.0 -0.000584776092033
190.0 -0.000575055947379
191.0 -0.00056551740828
192.0 -0.000556155851449
193.0 -0.000546966824025
194.0 -0.000537946024126
195.0 -0.000529089283946
196.0 -0.000520392565787
197.0 -0.000511851978216
198.0 -0.000503463814133
199.0 -0.000495224605794
200.0 -0.000487131185399
201.0 -0.000479180735513
202.0 -0.000471370813079
203.0 -0.000463699334684
204.0 -0.000456164518647
205.0 -0.000448764789471
206.0 -0.000441498659736
207.0 -0.000434364610918
208.0 -0.000427360996025
209.0 -0.000420485982619
210.0 -0.000413737545836
211.0 -0.000407113509447
212.0 -0.000400611621817
213.0 -0.000394229645511
214.0 -0.000387965436378
215.0 -0.000381816990678
216.0 -0.000375782446701
217.0 -0.0003698600382
218.0 -0.000364048008368
219.0 -0.000358344502372
220.0 -0.000352747461621
221.0 -0.000347254542973
222.0 -0.000341863081186
223.0 -0.000336570104298
224.0 -0.000331372401153
225.0 -0.000326266630308
226.0 -0.000321249451938
227.0 -0.000316317660596
228.0 -0.000311468297428
229.0 -0.000306698725221
230.0 -0.000302006657533
231.0 -0.00029739014222
232.0 -0.000292847508157
233.0 -0.000288377290061
234.0 -0.000283978148883
235.0 -0.000279648803963
236.0 -0.000275387988479
237.0 -0.000271194432987
238.0 -0.000267066874747
239.0 -0.0002630040847
240.0 -0.000259004900764
241.0 -0.000255068256081
242.0 -0.000251193193727
243.0 -0.000247378864212
244.0 -0.000243624507438
245.0 -0.000239929425207
246.0 -0.000236292952777
247.0 -0.000232714437821
248.0 -0.000229193232774
249.0 -0.00022572870257
250.0 -0.000222320245466
251.0 -0.000218967321075
252.0 -0.000215669477757
253.0 -0.000212426371591
254.0 -0.000209237771077
255.0 -0.000206103544951
256.0 -0.000203023634245
257.0 -0.00019999801296
258.0 -0.00019702664395
259.0 -0.000194109437179
260.0 -0.00019124621663
261.0 -0.000188436699891
262.0 -0.000185680491559
263.0 -0.00018297708865
264.0 -0.000180325893804
265.0 -0.000177726230796
266.0 -0.000175177356724
267.0 -0.000172678466437
268.0 -0.000170228686772
269.0 -0.00016782706066
270.0 -0.000165472523581
271.0 -0.000163163876706
272.0 -0.000160899762048
273.0 -0.000158678644916
274.0 -0.00015649880799
275.0 -0.000154358359681
276.0 -0.00015225525745
277.0 -0.000150187344816
278.0 -0.000148152399244
279.0 -0.000146148187111
280.0 -0.000144172521636
281.0 -0.000142223319874
282.0 -0.000140298655538
283.0 -0.000138396805212
284.0 -0.00013651628637
285.0 -0.000134655886299
286.0 -0.000132814681549
287.0 -0.000130992047872
288.0 -0.000129187660834
289.0 -0.000127401487496
290.0 -0.000125633769724
291.0 -0.000123884999946
292.0 -0.000122155890417
293.0 -0.000120447337262
294.0 -0.000118760380745
295.0 -0.000117096163271
296.0 -0.000115455886539
297.0 -0.000113840769163
298.0 -0.000112252005825
299.0 -0.000110690728815
