10.0 -0.15062594212844646
11.0 -0.13645849458776482
12.0 -0.12420980859194926
13.0 -0.11353197441644854
14.0 -0.10415735813809966
15.0 -0.0958747346760391
16.0 -0.08851445621398767
17.0 -0.08193983463942729
18.0 -0.07604041777093594
19.0 -0.07072566959177809
20.0 -0.06592003495754285
21.0 -0.0615598008230083
22.0 -0.05759110295279442
23.0 -0.05396835938803987
24.0 -0.05065280052886605
25.0 -0.047611119275666025
26.0 -0.04481440332979371
27.0 -0.04223740928846881
28.0 -0.03985806336664204
29.0 -0.037657033658124006
30.0 -0.03561732264619321
31.0 -0.033723916255851444
32.0 -0.03196351343130931
33.0 -0.030324312129728116
34.0 -0.02879581532338628
35.0 -0.027368645672818128
36.0 -0.026034385766492456
37.0 -0.024785461128505354
38.0 -0.023615055717107425
39.0 -0.0225170306040566
40.0 -0.021485832794949183
41.0 -0.02051641128484412
42.0 -0.01960416150127496
43.0 -0.018744893919537157
44.0 -0.017934802762655758
45.0 -0.017170420672359615
46.0 -0.016448569309619448
47.0 -0.01576632336657585
48.0 -0.01512099094127772
49.0 -0.01451009841744887
50.0 -0.013931370232304223
51.0 -0.013382706334176186
52.0 -0.012862165512831756
53.0 -0.01236795649809479
54.0 -0.011898430974706548
55.0 -0.011452072760710376
56.0 -0.011027483336998071
57.0 -0.010623367796928481
58.0 -0.010238523748060543
59.0 -0.009871832209525816
60.0 -0.009522248591561032
61.0 -0.009188793830048126
62.0 -0.008870547737069934
63.0 -0.008566646231676371
64.0 -0.008276281751128307
65.0 -0.007998704062806469
66.0 -0.007733218651171926
67.0 -0.007479181731057287
68.0 -0.007235993169876796
69.0 -0.007003089604365741
70.0 -0.006779939413150655
71.0 -0.006566039823298607
72.0 -0.006360915483904056
73.0 -0.0061641178113051665
74.0 -0.005975224828948462
75.0 -0.00579384135426708
76.0 -0.005619599039923306
77.0 -0.005452155447827025
78.0 -0.005291191576467098
79.0 -0.0051364080614812275
80.0 -0.004987521049132137
81.0 -0.004844258935661287
82.0 -0.004706360714306743
83.0 -0.004573575978549876
84.0 -0.004445666116671206
85.0 -0.0043224060151636845
86.0 -0.004203585543978813
87.0 -0.004089010132683038
88.0 -0.003978499925697689
89.0 -0.0038718874128202485
90.0 -0.0037690139888113556
91.0 -0.00366972634603514
92.0 -0.0035738736956214745
93.0 -0.0034813064943767487
94.0 -0.003391876806341491
95.0 -0.003305439920474884
96.0 -0.003221856569452314
97.0 -0.003140995082759083
98.0 -0.003062732978404774
99.0 -0.002986957739738296
100.0 -0.00291356675206294
101.0 -0.00284246654179357
102.0 -0.0027735715518975206
103.0 -0.002706802705613783
104.0 -0.00264208597557358
105.0 -0.0025793511124858866
106.0 -0.00251853061610495
107.0 -0.0024595589627725554
108.0 -0.0024023720487216797
109.0 -0.002346906781258538
110.0 -0.0022931007641469854
111.0 -0.002240892076222051
112.0 -0.0021902192063640398
113.0 -0.00214102124187857
114.0 -0.002093238379448417
115.0 -0.0020468127387658257
116.0 -0.0020016893448323685
117.0 -0.0019578170586388123
118.0 -0.0019151492186174094
119.0 -0.0018736438157980887
120.0 -0.0018332631395156132
121.0 -0.0017939729560230348
122.0 -0.0017557413816450642
123.0 -0.0017185376650887291
124.0 -0.001682331098863417
125.0 -0.0016470902465920026
126.0 -0.001612782611995363
127.0 -0.0015793747951415116
128.0 -0.0015468330910960355
129.0 -0.0015151243985536181
130.0 -0.0014842172393788535
131.0 -0.0014540826626503831
132.0 -0.0014246948301448238
133.0 -0.0013960311522765302
134.0 -0.0013680719476214678
135.0 -0.0013407997081719225
136.0 -0.0013141981374439205
137.0 -0.0012882511681118845
138.0 -0.0012629421527684543
139.0 -0.001238253364097305
140.0 -0.0012141658591714906
141.0 -0.001190659680766575
142.0 -0.0011677143066716686
143.0 -0.0011453092269369594
144.0 -0.001123424529265772
145.0 -0.0011020413966834964
146.0 -0.0010811424578147314
147.0 -0.0010607119677538712
148.0 -0.001040735829057757
149.0 -0.001021201484180475
150.0 -0.0010020977221204947
151.0 -0.0009834144441807722
152.0 -0.0009651424280783263
153.0 -0.0009472731178760672
154.0 -0.0009297984515180229
155.0 -0.000912710721211389
156.0 -0.0008960024484801109
157.0 -0.0008796662494715987
158.0 -0.0008636946697910032
159.0 -0.0008480799818456782
160.0 -0.0008328139581123999
161.0 -0.0008178876547521828
162.0 -0.0008032912543423734
163.0 -0.0007890140182009316
164.0 -0.0007750443853470516
165.0 -0.0007613702286765019
166.0 -0.0007479792457422348
167.0 -0.000734859430335883
168.0 -0.0007219995503780767
169.0 -0.0007093895532436632
170.0 -0.0006970208329956167
171.0 -0.0006848863218248385
172.0 -0.000672980403364578
173.0 -0.0006612986798374629
174.0 -0.0006498376501689506
175.0 -0.0006385943668646222
176.0 -0.0006275661340739336
177.0 -0.0006167502903941367
178.0 -0.000606144093343631
179.0 -0.0005957446953212505
180.0 -0.0005855491800434734
181.0 -0.0005755546184386216
182.0 -0.0005657581050134176
183.0 -0.0005561567477377122
184.0 -0.0005467476021197917
185.0 -0.0005375275581501781
186.0 -0.0005284932026940701
187.0 -0.0005196406870322475
188.0 -0.0005109656290426959
189.0 -0.0005024630731927008
190.0 -0.0004941275212764533
191.0 -0.00048595303507695416
192.0 -0.0004779334009081235
193.0 -0.0004700623368435325
194.0 -0.0004623337174468849
195.0 -0.0004547417887246125
196.0 -0.000447281348190322
197.0 -0.00043994787119667756
198.0 -0.0004327375741361782
199.0 -0.00042564741601562876
200.0 -0.0004186750499603299
201.0 -0.0004118187430376615
202.0 -0.0004050772846694745
203.0 -0.0003984499003313666
204.0 -0.00039193617924320785
205.0 -0.00038553601471243295
206.0 -0.00037924954678979873
207.0 -0.00037307709185346627
208.0 -0.00036701904450516974
209.0 -0.0003610757439402295
210.0 -0.00035524730815569714
211.0 -0.00034953345201504255
212.0 -0.00034393331572359954
213.0 -0.00033844533549081394
214.0 -0.00033306718610991534
215.0 -0.0003277958157025797
216.0 -0.000322627577639908
217.0 -0.0003175584468017522
218.0 -0.0003125842907183022
219.0 -0.00030770115439612665
220.0 -0.0003029055133871819
221.0 -0.0002981944539429166
222.0 -0.00029356575116544416
223.0 -0.0002890178336070014
224.0 -0.00028454964241318573
225.0 -0.00028016041114781485
226.0 -0.00027584940556555607
227.0 -0.00027161566852049743
228.0 -0.0002674578130409108
229.0 -0.0002633738970247319
230.0 -0.00025936139803139793
231.0 -0.00025541728920783707
232.0 -0.0002515382007576115
233.0 -0.00024772063849601343
234.0 -0.0002439612239967891
235.0 -0.00024025692043739305
236.0 -0.00023660521394513974
237.0 -0.000233004230334636
238.0 -0.00022945277919544338
239.0 -0.00022595032879390412
240.0 -0.0002224969240982938
241.0 -0.00021909306520058298
242.0 -0.00021573956432838922
243.0 -0.00021243739731615968
244.0 -0.00020918756126101908
245.0 -0.00020599094571961522
246.0 -0.0002028482215054143
247.0 -0.0001997597496011733
248.0 -0.00019672551284780307
249.0 -0.00019374507421582763
250.0 -0.00019081756656315717
251.0 -0.00018794171879568542
252.0 -0.00018511592158027273
253.0 -0.00018233833207632804
254.0 -0.00017960701202367503
255.0 -0.00017692008791121496
256.0 -0.0001742759170605135
257.0 -0.0001716732404483518
258.0 -0.00016911130279465868
259.0 -0.0001665899231729523
260.0 -0.00016410950488824366
261.0 -0.0001616709808107096
262.0 -0.00015927569858385538
263.0 -0.00015692525783480988
264.0 -0.00015462131749823633
265.0 -0.0001523653947386944
266.0 -0.00015015867729272864
267.0 -0.00014800186843796895
268.0 -0.0001458950787868979
269.0 -0.00014383777259529594
270.0 -0.00014182876933630602
271.0 -0.00013986629495861745
272.0 -0.00013794807236266836
273.0 -0.00013607143771155958
274.0 -0.00013423346839315842
275.0 -0.00013243110956675036
276.0 -0.00013066128879521391
277.0 -0.0001289210116699018
278.0 -0.000127207434952125
279.0 -0.00012551791704645558
280.0 -0.00012385004821693422
281.0 -0.000122201664676762
282.0 -0.00012057085151560921
283.0 -0.00011895593948957677
284.0 -0.00011735550016557312
285.0 -0.00011576834297381046
286.0 -0.00011419351654618896
287.0 -0.00011263031543584866
288.0 -0.00011107829202505897
289.0 -0.00010953727222164809
290.0 -0.0001080073725041115
291.0 -0.00010648901509229726
292.0 -0.00010498293758394157
293.0 -0.00010349019337801392
294.0 -0.00010201213963909136
295.0 -0.00010055041042417028
296.0 -9.910687381845021e-05
297.0 -9.76835733798487e-05
298.0 -9.628265571023007e-05
299.0 -9.490628738047028e-05
