10.0 1.2921485072238854e-08
11.0 6.930692390609654e-09
12.0 2.3936879546453913e-09
13.0 -1.0307616852989197e-09
14.0 -3.5370121512652416e-09
15.0 -5.3369503786770225e-09
16.0 -6.589740476804423e-09
17.0 -7.3952864036689246e-09
18.0 -7.874313474016e-09
19.0 -8.095890810757686e-09
20.0 -8.13016518486744e-09
21.0 -8.020200545634975e-09
22.0 -7.808538656616436e-09
23.0 -7.520702621206703e-09
24.0 -7.1826728470416444e-09
25.0 -6.8125784110233695e-09
26.0 -6.42414134945182e-09
27.0 -6.0280799848143074e-09
28.0 -5.6323429245934284e-09
29.0 -5.243631410469441e-09
30.0 -4.866098553263411e-09
31.0 -4.502358131806062e-09
32.0 -4.156188355300499e-09
33.0 -3.827556544441006e-09
34.0 -3.5181299614087642e-09
35.0 -3.227624313529494e-09
36.0 -2.9571437677822424e-09
37.0 -2.7041354489705612e-09
38.0 -2.471372573139841e-09
39.0 -2.2557674358508043e-09
40.0 -2.0562883055296333e-09
41.0 -1.8731734177056917e-09
42.0 -1.706164101968193e-09
43.0 -1.552946790762122e-09
44.0 -1.4127289352767615e-09
45.0 -1.2846666489006404e-09
46.0 -1.1679375573945441e-09
47.0 -1.0617860022575625e-09
48.0 -9.654300776065628e-10
49.0 -8.780462675740381e-10
50.0 -7.988863174218085e-10
51.0 -7.271504170424437e-10
52.0 -6.622995850337414e-10
53.0 -6.036664555281653e-10
54.0 -5.506317355371939e-10
55.0 -5.026106395862708e-10
56.0 -4.591256186371626e-10
57.0 -4.197465653719063e-10
58.0 -3.840484260773592e-10
59.0 -3.516425171749687e-10
60.0 -3.221895709337973e-10
61.0 -2.9557828709195206e-10
62.0 -2.717758435390589e-10
63.0 -2.500551208484035e-10
64.0 -2.3020035019989504e-10
65.0 -2.1202352961663445e-10
66.0 -1.956535871234125e-10
67.0 -1.8089723203307965e-10
68.0 -1.672908682850062e-10
69.0 -1.5472877614225964e-10
70.0 -1.4344956499617466e-10
71.0 -1.331816459281118e-10
72.0 -1.236346618874678e-10
73.0 -1.1486394237496986e-10
74.0 -1.0700098649750053e-10
75.0 -9.963444683519713e-11
76.0 -9.28141260520935e-11
77.0 -8.672073819110483e-11
78.0 -8.097104795676957e-11
79.0 -7.568058746959463e-11
80.0 -7.085557279294222e-11
81.0 -6.626592535693589e-11
82.0 -6.215209182627717e-11
83.0 -5.831319517980653e-11
84.0 -5.468324192645554e-11
85.0 -5.1408944831345704e-11
86.0 -4.8258856143334854e-11
87.0 -4.544410469618877e-11
88.0 -4.277528822221246e-11
89.0 -4.0270448171040375e-11
90.0 -3.7977573743818665e-11
91.0 -3.5774383844261304e-11
92.0 -3.379147438148503e-11
93.0 -3.1848006169536274e-11
94.0 -3.014042099874466e-11
95.0 -2.8465869838633096e-11
96.0 -2.6940946062257758e-11
97.0 -2.546405854201537e-11
98.0 -2.4120148168225005e-11
99.0 -2.282829216158178e-11
100.0 -2.1651649153972097e-11
101.0 -2.051354822460198e-11
102.0 -1.9458275325867617e-11
103.0 -1.8443340738718828e-11
104.0 -1.7530285633540132e-11
105.0 -1.6638012127683764e-11
106.0 -1.582456733261266e-11
107.0 -1.5020089675761088e-11
108.0 -1.430443003431305e-11
109.0 -1.3588770392865013e-11
110.0 -1.2958469391637252e-11
111.0 -1.2334395179317724e-11
112.0 -1.1756883562489733e-11
113.0 -1.1196708293789793e-11
114.0 -1.0670844618245617e-11
115.0 -1.018202381953802e-11
116.0 -9.703376045252001e-12
117.0 -9.268776106127846e-12
118.0 -8.834176167003693e-12
119.0 -8.445293629956835e-12
120.0 -8.064602144798518e-12
121.0 -7.702336174094089e-12
122.0 -7.361593492905206e-12
123.0 -7.022081342474792e-12
124.0 -6.728336022073127e-12
125.0 -6.434590701671461e-12
126.0 -6.155681709165357e-12
127.0 -5.889312385790586e-12
128.0 -5.623213093547805e-12
129.0 -5.392727042747081e-12
130.0 -5.162240991946358e-12
131.0 -4.941607836152767e-12
132.0 -4.734475122041181e-12
133.0 -4.527342407929596e-12
134.0 -4.341459424074199e-12
135.0 -4.161429153029345e-12
136.0 -3.983108418847496e-12
137.0 -3.821477873213793e-12
138.0 -3.6598473275800895e-12
139.0 -3.5056270244014377e-12
140.0 -3.365326741272572e-12
141.0 -3.225026458143706e-12
142.0 -3.092491255330487e-12
143.0 -2.966401374750455e-12
144.0 -2.840311494170423e-12
145.0 -2.723905193299045e-12
146.0 -2.611872217299516e-12
147.0 -2.4998392412999865e-12
148.0 -2.397471255459497e-12
149.0 -2.297931711336909e-12
150.0 -2.1983921672143215e-12
151.0 -2.1086465442166572e-12
152.0 -2.0213580592366665e-12
153.0 -1.9340695742566754e-12
154.0 -1.854799631755714e-12
155.0 -1.7779904176580477e-12
156.0 -1.7011812035603816e-12
157.0 -1.6311638762178374e-12
158.0 -1.5644973770294734e-12
159.0 -1.4978308778411093e-12
160.0 -1.4351689705916462e-12
161.0 -1.3763308439127263e-12
162.0 -1.3174927172338064e-12
163.0 -1.2601887648928396e-12
164.0 -1.2066469694699034e-12
165.0 -1.153105174046967e-12
166.0 -1.0995793386775862e-12
167.0 -1.0519487978183676e-12
168.0 -1.0043182569591486e-12
169.0 -9.5668771609993e-13
170.0 -9.120313393997017e-13
171.0 -8.689811474188061e-13
172.0 -8.259309554379104e-13
173.0 -7.842251679823762e-13
174.0 -7.470657972577518e-13
175.0 -7.099064265331276e-13
176.0 -6.727470558085031e-13
177.0 -6.391433788607436e-13
178.0 -6.068020341866022e-13
179.0 -5.744606895124609e-13
180.0 -5.431080494188278e-13
181.0 -5.163441400318917e-13
182.0 -4.895802306449554e-13
183.0 -4.628163212580191e-13
184.0 -4.3748139340418566e-13
185.0 -4.133413567166548e-13
186.0 -3.8920132002912395e-13
187.0 -3.6506128334159307e-13
188.0 -3.4415965180587096e-13
189.0 -3.238814691611169e-13
190.0 -3.036032865163628e-13
191.0 -2.833786475983981e-13
192.0 -2.640292426039773e-13
193.0 -2.446798376095565e-13
194.0 -2.2533043261513567e-13
195.0 -2.064122985977131e-13
196.0 -1.8921540043539742e-13
197.0 -1.7201850227308172e-13
198.0 -1.5482160411076607e-13
199.0 -1.3817760276354426e-13
200.0 -1.2306598300071548e-13
201.0 -1.079543632378867e-13
202.0 -9.28427434750579e-14
203.0 -7.834112814828818e-14
204.0 -6.566532012081358e-14
205.0 -5.298951209333899e-14
206.0 -4.0313704065864404e-14
207.0 -2.8150902799723208e-14
208.0 -1.8792995396266433e-14
209.0 -9.435087992809659e-15
210.0 -7.718058935288166e-17
211.0 9.280726814103892e-15
212.0 1.7194876715650527e-14
213.0 2.5073620062052956e-14
214.0 3.295236340845539e-14
215.0 4.083110675485782e-14
216.0 4.801031327969983e-14
217.0 5.490807109254988e-14
218.0 6.180582890539992e-14
219.0 6.870358671824996e-14
220.0 7.534920582272476e-14
221.0 8.15542960424649e-14
222.0 8.775938626220503e-14
223.0 9.396447648194515e-14
224.0 1.001695667016853e-13
225.0 1.0451279714426437e-13
226.0 1.0870955796596704e-13
227.0 1.129063187876697e-13
228.0 1.1710307960937236e-13
229.0 1.2102587575911836e-13
230.0 1.2453857063199069e-13
231.0 1.28051265504863e-13
232.0 1.315639603777353e-13
233.0 1.3507665525060762e-13
234.0 1.3839374818692342e-13
235.0 1.4165646526647943e-13
236.0 1.4491918234603545e-13
237.0 1.4818189942559147e-13
238.0 1.513956288739682e-13
239.0 1.5397002560515165e-13
240.0 1.5654442233633508e-13
241.0 1.5911881906751854e-13
242.0 1.61693215798702e-13
243.0 1.6378578821579208e-13
244.0 1.6453983426876422e-13
245.0 1.6529388032173633e-13
246.0 1.6604792637470847e-13
247.0 1.6680197242768058e-13
248.0 1.674275873023102e-13
249.0 1.678259747729238e-13
250.0 1.682243622435374e-13
251.0 1.68622749714151e-13
252.0 1.6902113718476461e-13
253.0 1.696031895563219e-13
254.0 1.7051393543672203e-13
255.0 1.7142468131712213e-13
256.0 1.7233542719752224e-13
257.0 1.7324617307792236e-13
258.0 1.7406167051353793e-13
259.0 1.745985574485089e-13
260.0 1.7513544438347991e-13
261.0 1.7567233131845094e-13
262.0 1.7620921825342195e-13
263.0 1.7666340302308508e-13
264.0 1.754762866908851e-13
265.0 1.7428917035868513e-13
266.0 1.7310205402648516e-13
267.0 1.7191493769428518e-13
268.0 1.7072782136208521e-13
269.0 1.691647977736987e-13
270.0 1.67466928568376e-13
271.0 1.6576905936305326e-13
272.0 1.6407119015773056e-13
273.0 1.6237332095240785e-13
274.0 1.609372310101101e-13
275.0 1.6006596464343069e-13
276.0 1.5919469827675126e-13
277.0 1.5832343191007184e-13
278.0 1.5745216554339242e-13
279.0 1.56580899176713e-13
280.0 1.557826477907601e-13
281.0 1.550040491731653e-13
282.0 1.5422545055557057e-13
283.0 1.534468519379758e-13
284.0 1.52668253320381e-13
285.0 1.5189571659204928e-13
286.0 1.5115822584848742e-13
287.0 1.5042073510492557e-13
288.0 1.4968324436136377e-13
289.0 1.4894575361780192e-13
290.0 1.4820826287424007e-13
291.0 1.47389277800108e-13
292.0 1.4644445339040954e-13
293.0 1.4549962898071107e-13
294.0 1.445548045710126e-13
295.0 1.4360998016131414e-13
296.0 1.4266515575161567e-13
297.0 1.412591141063497e-13
298.0 1.394314218532815e-13
299.0 1.3760372960021328e-13
