10.0 -0.0700127852068
11.0 -0.083932501904
12.0 -0.0922656064073
13.0 -0.0964608127248
14.0 -0.0976407410764
15.0 -0.0966629045473
16.0 -0.0941753270962
17.0 -0.090662390793
18.0 -0.0864827319199
19.0 -0.081900440059
20.0 -0.0771093333255
21.0 -0.0722508212805
22.0 -0.0674269132359
23.0 -0.0627099545005
24.0 -0.0581501369069
25.0 -0.0537812956624
26.0 -0.049625229678
27.0 -0.0456947942718
28.0 -0.0419961198608
29.0 -0.0385302895686
30.0 -0.0352946563782
31.0 -0.0322838561366
32.0 -0.0294905579916
33.0 -0.0269060246909
34.0 -0.0245205558838
35.0 -0.0223238516962
36.0 -0.0203052971863
37.0 -0.0184541642025
38.0 -0.0167597527261
39.0 -0.0152115094693
40.0 -0.0137991411588
41.0 -0.0125127074701
42.0 -0.0113426745509
43.0 -0.0102799361712
44.0 -0.00931582913694
45.0 -0.00844215838672
46.0 -0.00765122217401
47.0 -0.00693582027516
48.0 -0.00628924323843
49.0 -0.00570525564996
50.0 -0.00517808371281
51.0 -0.00470240445231
52.0 -0.00427332826585
53.0 -0.00388637299109
54.0 -0.00353743566063
55.0 -0.00322276808434
56.0 -0.00293895638992
57.0 -0.0026829007599
58.0 -0.00245179327738
59.0 -0.00224309542487
60.0 -0.0020545176741
61.0 -0.00188400130959
62.0 -0.00172970027354
63.0 -0.0015899610173
64.0 -0.00146330074313
65.0 -0.00134838664793
66.0 -0.00124401893018
67.0 -0.00114911845868
68.0 -0.00106271775906
69.0 -0.000983953011421
70.0 -0.000912055457144
71.0 -0.000846342035431
72.0 -0.000786205947422
73.0 -0.000731107722312
74.0 -0.000680566802096
75.0 -0.0006341534947
76.0 -0.000591481568982
77.0 -0.000552202230515
78.0 -0.000516000094452
79.0 -0.000482591035258
80.0 -0.000451721021269
81.0 -0.000423164816699
82.0 -0.000396723820663
83.0 -0.000372222915064
84.0 -0.000349506609968
85.0 -0.000328434928527
86.0 -0.000308879522216
87.0 -0.000290720550716
88.0 -0.000273844809256
89.0 -0.000258145307147
90.0 -0.000243522033805
91.0 -0.00022988323072
92.0 -0.000217146371693
93.0 -0.000205238301772
94.0 -0.000194094433863
95.0 -0.000183657299177
96.0 -0.000173874926325
97.0 -0.000164699472381
98.0 -0.000156086344019
99.0 -0.000147993840865
100.0 -0.000140383199243
101.0 -0.000133218837912
102.0 -0.000126468603489
103.0 -0.000120103861223
104.0 -0.000114099349373
105.0 -0.000108432788503
106.0 -0.000103084298506
107.0 -9.80357238912e-05
108.0 -9.32699989955e-05
109.0 -8.87706873018e-05
110.0 -8.45217885884e-05
111.0 -8.05078244665e-05
112.0 -7.67141134638e-05
113.0 -7.31270756118e-05
114.0 -6.97344007946e-05
115.0 -6.65249807895e-05
116.0 -6.34886110313e-05
117.0 -6.06155644087e-05
118.0 -5.78961845454e-05
119.0 -5.53206282441e-05
120.0 -5.28788249794e-05
121.0 -5.05606492807e-05
122.0 -4.83562477275e-05
123.0 -4.62564367134e-05
124.0 -4.42530847463e-05
125.0 -4.23394028973e-05
126.0 -4.05100826099e-05
127.0 -3.87612422298e-05
128.0 -3.7090175768e-05
129.0 -3.54949386872e-05
130.0 -3.39738471321e-05
131.0 -3.25249948736e-05
132.0 -3.11458936275e-05
133.0 -2.98333129893e-05
134.0 -2.8583343203e-05
135.0 -2.73916439009e-05
136.0 -2.62537944173e-05
137.0 -2.51656413168e-05
138.0 -2.41235512858e-05
139.0 -2.31245159188e-05
140.0 -2.21661044219e-05
141.0 -2.12463040086e-05
142.0 -2.0363313176e-05
143.0 -1.9515355544e-05
144.0 -1.87005651163e-05
145.0 -1.79169665818e-05
146.0 -1.71625465322e-05
147.0 -1.64353905764e-05
148.0 -1.57338503927e-05
149.0 -1.50567030212e-05
150.0 -1.44032693376e-05
151.0 -1.37734667873e-05
152.0 -1.31677813659e-05
153.0 -1.25871550928e-05
154.0 -1.20327978142e-05
155.0 -1.15059453847e-05
156.0 -1.10075980183e-05
157.0 -1.0538279718e-05
158.0 -1.00978591007e-05
159.0 -9.68546215802e-06
160.0 -9.29948975524e-06
161.0 -8.93773102861e-06
162.0 -8.59754407209e-06
163.0 -8.27606304387e-06
164.0 -7.97038959575e-06
165.0 -7.67773648558e-06
166.0 -7.39550909136e-06
167.0 -7.12133069559e-06
168.0 -6.85303377529e-06
169.0 -6.58864747837e-06
170.0 -6.3264091109e-06
171.0 -6.06481605968e-06
172.0 -5.80271795006e-06
173.0 -5.53943211593e-06
174.0 -5.27485355881e-06
175.0 -5.00952686885e-06
176.0 -4.74465303838e-06
177.0 -4.48201711034e-06
178.0 -4.22383951391e-06
179.0 -3.97257014909e-06
180.0 -3.73065558754e-06
181.0 -3.50031356322e-06
182.0 -3.28334491103e-06
183.0 -3.08100314735e-06
184.0 -2.89392925947e-06
185.0 -2.72214750081e-06
186.0 -2.56510971487e-06
187.0 -2.42177203532e-06
188.0 -2.29068829132e-06
189.0 -2.17010764389e-06
190.0 -2.05806822302e-06
191.0 -1.95248256961e-06
192.0 -1.85121393203e-06
193.0 -1.75214487986e-06
194.0 -1.65324139206e-06
195.0 -1.55261649716e-06
196.0 -1.44859735876e-06
197.0 -1.33979800397e-06
198.0 -1.22519656359e-06
199.0 -1.10421140467e-06
200.0 -9.7676602706e-07
201.0 -8.43329599201e-07
202.0 -7.04919948757e-07
203.0 -5.63059446342e-07
204.0 -4.19681218601e-07
205.0 -2.76992099479e-07
206.0 -1.37307521882e-07
207.0 -2.87986866125e-09
208.0 1.24256124562e-07
209.0 2.42400199129e-07
210.0 3.50252183352e-07
211.0 4.46922898086e-07
212.0 5.31897208963e-07
213.0 6.0496441605e-07
214.0 6.66135725814e-07
215.0 7.15568523701e-07
216.0 7.53512889039e-07
217.0 7.80288563233e-07
218.0 7.96292268307e-07
219.0 8.02027831125e-07
220.0 7.98146575551e-07
221.0 7.85483781388e-07
222.0 7.65078733272e-07
223.0 7.38170309252e-07
224.0 7.06165981883e-07
225.0 6.70588104182e-07
226.0 6.33006108728e-07
227.0 5.94965799013e-07
228.0 5.57926826829e-07
229.0 5.23216884857e-07
230.0 4.9200679434e-07
231.0 4.65305605567e-07
232.0 4.43970273127e-07
233.0 4.28721509437e-07
234.0 4.20156768469e-07
235.0 4.18753116674e-07
236.0 4.24856545637e-07
237.0 4.38659094903e-07
238.0 4.60169726315e-07
239.0 4.89188006163e-07
240.0 5.25290446275e-07
241.0 5.67837554619e-07
242.0 6.16005638317e-07
243.0 6.68842138104e-07
244.0 7.25338018142e-07
245.0 7.84506737123e-07
246.0 8.45457504661e-07
247.0 9.07451252976e-07
248.0 9.69930789966e-07
249.0 1.03252119517e-06
250.0 1.09500162895e-06
251.0 1.15725427797e-06
252.0 1.21919931406e-06
253.0 1.28072604732e-06
254.0 1.34162989996e-06
255.0 1.40156279157e-06
256.0 1.46000162773e-06
257.0 1.51623651446e-06
258.0 1.56937767966e-06
259.0 1.61837826648e-06
260.0 1.66206931574e-06
261.0 1.69920327923e-06
262.0 1.72850303145e-06
263.0 1.74871422033e-06
264.0 1.75865957072e-06
265.0 1.75729417533e-06
266.0 1.74376075982e-06
267.0 1.71744343129e-06
268.0 1.67801768048e-06
269.0 1.62549366003e-06
270.0 1.56024926811e-06
271.0 1.48304954468e-06
272.0 1.39504944506e-06
273.0 1.29777817001e-06
274.0 1.19310475323e-06
275.0 1.08318628937e-06
276.0 9.70401746641e-07
277.0 8.57275488263e-07
278.0 7.46395249675e-07
279.0 6.40329323893e-07
280.0 5.41547157847e-07
281.0 4.52346622082e-07
282.0 3.74790103971e-07
283.0 3.10650512553e-07
284.0 2.61367445942e-07
285.0 2.28013255353e-07
286.0 2.11268550401e-07
287.0 2.11406760037e-07
288.0 2.28287579096e-07
289.0 2.61359368655e-07
290.0 3.09670737512e-07
291.0 3.71891552295e-07
292.0 4.46343490033e-07
293.0 5.31039983251e-07
294.0 6.23735058404e-07
295.0 7.21980183714e-07
296.0 8.23187863725e-07
297.0 9.24700373371e-07
298.0 1.02386173038e-06
299.0 1.11809077042e-06
