10.0 -0.2696673123886873
11.0 -0.24193130497489276
12.0 -0.2176841368411319
13.0 -0.1963022512167148
14.0 -0.17731016045144726
15.0 -0.1603360528136811
16.0 -0.1450841207335383
17.0 -0.13131840170637196
18.0 -0.11885015239449605
19.0 -0.1075260054730238
20.0 -0.09721872220499923
21.0 -0.08782130234061632
22.0 -0.07924324758707886
23.0 -0.07140764892982267
24.0 -0.06424848535638158
25.0 -0.057708174258915515
26.0 -0.051735669518983056
27.0 -0.046285213602976785
28.0 -0.04131552680086546
29.0 -0.03678914291476235
30.0 -0.032671792563942745
31.0 -0.028931897276974063
32.0 -0.025540215058165595
33.0 -0.022469589582542228
34.0 -0.019694732833673387
35.0 -0.017192017744809777
36.0 -0.014939310011435577
37.0 -0.012915869248962224
38.0 -0.011102299322483859
39.0 -0.009480492911387042
40.0 -0.008033545807742303
41.0 -0.006745672461972664
42.0 -0.005602162075792776
43.0 -0.004589367910919647
44.0 -0.003694685956919019
45.0 -0.002906497681063669
46.0 -0.002214096170378343
47.0 -0.0016076289445096559
48.0 -0.0010780639003415617
49.0 -0.0006171574858199249
50.0 -0.00021740831644116544
51.0 0.00012799765000064345
52.0 0.0004252343827277111
53.0 0.0006798711839479249
54.0 0.0008969063203398918
55.0 0.001080808869296029
56.0 0.0012355678773915758
57.0 0.0013647408399178231
58.0 0.0014714964297485949
59.0 0.001558652924399206
60.0 0.0016287156168358719
61.0 0.0016839128867739176
62.0 0.001726226989855582
63.0 0.0017574164025229838
64.0 0.001779030968657129
65.0 0.001792424971148817
66.0 0.0017987733635175902
67.0 0.0017990929502484283
68.0 0.0017942661981374117
69.0 0.0017850635197744337
70.0 0.0017721610323113706
71.0 0.001756153355659264
72.0 0.0017375627631302313
73.0 0.0017168460505080595
74.0 0.001694399715011047
75.0 0.0016705637939449364
76.0 0.001645625346729331
77.0 0.0016198231674872956
78.0 0.0015933548632456479
79.0 0.0015663859507047484
80.0 0.0015390591786789845
81.0 0.0015115019211288357
82.0 0.001483830314561329
83.0 0.0014561500898886512
84.0 0.001428554993293356
85.0 0.001401124088544909
86.0 0.0013739193118282812
87.0 0.0013469845800081189
88.0 0.0013203474192115393
89.0 0.0012940233238601555
90.0 0.0012680220234660242
91.0 0.0012423540003875194
92.0 0.001217035430730474
93.0 0.0011920903068939677
94.0 0.0011675495119448246
95.0 0.001143447552294306
96.0 0.0011198181649114897
97.0 0.0010966900361329141
98.0 0.0010740835520448347
99.0 0.0010520090522376556
100.0 0.0010304666364132538
101.0 0.0010094472622964815
102.0 0.0009889347047157306
103.0 0.0009689079116220013
104.0 0.0009493433569443937
105.0 0.0009302171062609348
106.0 0.0009115064430693652
107.0 0.0008931910297009515
108.0 0.0008752536785989047
109.0 0.0008576808595812779
110.0 0.0008404630423564975
111.0 0.0008235948760925092
112.0 0.0008070750893191231
113.0 0.000790905930721734
114.0 0.0007750920228532924
115.0 0.0007596386653157594
116.0 0.0007445498348053057
117.0 0.000729826288811876
118.0 0.0007154642117481088
119.0 0.0007014547304064352
120.0 0.0006877844151390539
121.0 0.0006744366512356206
122.0 0.0006613935815252052
123.0 0.0006486382233244243
124.0 0.0006361563530004322
125.0 0.0006239378127141839
126.0 0.0006119770066307224
127.0 0.0006002725020697101
128.0 0.0005888258182194621
129.0 0.0005776396468370766
130.0 0.0005667158725264039
131.0 0.0005560538107048196
132.0 0.0005456490382502331
133.0 0.0005354930586414395
134.0 0.0005255738510391824
135.0 0.0005158771513228487
136.0 0.0005063881560923133
137.0 0.0004970932675731962
138.0 0.00048798152153838124
139.0 0.00047904544627041916
140.0 0.0004702812513383543
141.0 0.00046168839616763583
142.0 0.00045326870278664637
143.0 0.00044502523450894274
144.0 0.00043696116182484593
145.0 0.0004290787925794762
146.0 0.00042137887663503537
147.0 0.00041386022564673556
148.0 0.0004065196303026029
149.0 0.00039935201711523144
150.0 0.00039235076569899577
151.0 0.0003855081035303952
152.0 0.000378815505653469
153.0 0.0003722640485256251
154.0 0.0003658446961893824
155.0 0.0003595485275062683
156.0 0.0003533669379761538
157.0 0.00034729186119274624
158.0 0.0003413160481521856
159.0 0.0003354334172927836
160.0 0.00032963945038543544
161.0 0.00032393157055956044
162.0 0.0003183094122386404
163.0 0.0003127748896045685
164.0 0.0003073319950271716
165.0 0.00030198630780053307
166.0 0.00029674425485705434
167.0 0.0002916122227804602
168.0 0.000286595658674427
169.0 0.00028169830555359787
170.0 0.0002769216932730793
171.0 0.0002722649546154824
172.0 0.00026772497081031484
173.0 0.0002632967874166583
174.0 0.0002589741949943467
175.0 0.00025475034929833823
176.0 0.00025061831567358865
177.0 0.00024657145720352006
178.0 0.00024260363536673124
179.0 0.0002387092420597611
180.0 0.00023488312032265488
181.0 0.0002311204496024431
182.0 0.00022741666762082384
183.0 0.00022376747867320374
184.0 0.0002201689656050124
185.0 0.0002166177894272635
186.0 0.00021311143483172625
187.0 0.0002096484466958394
188.0 0.00020622860303861468
189.0 0.00020285298155843195
190.0 0.00019952389578563068
191.0 0.0001962446985984928
192.0 0.00019301947158300808
193.0 0.00018985263562223202
194.0 0.00018674852917262638
195.0 0.0001837110045608655
196.0 0.00018074308863328515
197.0 0.00017784674252381005
198.0 0.00017502273786488575
199.0 0.00017227064663484848
200.0 0.00016958892327883975
201.0 0.0001669750451312153
202.0 0.00016442567371171033
203.0 0.00016193680608405
204.0 0.0001595039002521736
205.0 0.00015712197714102635
206.0 0.00015478571835359658
207.0 0.00015248958822546818
208.0 0.00015022800728423027
209.0 0.00014799559169979219
210.0 0.00014578745260994812
211.0 0.00014359952581949234
212.0 0.00014142888289487453
213.0 0.00013927396501746568
214.0 0.00013713468472477486
215.0 0.0001350123581767519
216.0 0.0001329094587210014
217.0 0.00013082921549482297
218.0 0.00012877511149085615
219.0 0.00012675035719050397
220.0 0.00012475742369384672
221.0 0.0001227977113415189
222.0 0.00012087140750662525
223.0 0.0001189775548119941
224.0 0.00011711431471766585
225.0 0.000115279378075809
226.0 0.00011347044998516162
227.0 0.00011168572533045265
228.0 0.00010992427537789619
229.0 0.00010818628349371837
230.0 0.00010647309573304795
231.0 0.00010478708427468509
232.0 0.00010313135241095323
233.0 0.00010150933358518059
234.0 9.992434998286803e-05
235.0 9.837919693086502e-05
236.0 9.687580884685796e-05
237.0 9.541504385308685e-05
238.0 9.399660188088207e-05
239.0 9.26190698458805e-05
240.0 9.128007114219075e-05
241.0 8.997648754289525e-05
242.0 8.870471990521358e-05
243.0 8.746095838522401e-05
244.0 8.624144053320778e-05
245.0 8.504268372448465e-05
246.0 8.386168448097165e-05
247.0 8.269608010213312e-05
248.0 8.154426776084948e-05
249.0 8.0405474111559e-05
250.0 7.927976643693086e-05
251.0 7.816799634172345e-05
252.0 7.707167027318169e-05
253.0 7.599274795805126e-05
254.0 7.493337932667021e-05
255.0 7.389560086950703e-05
256.0 7.288102140937908e-05
257.0 7.189053283478666e-05
258.0 7.09240818879248e-05
259.0 6.998053405161501e-05
260.0 6.905765043344555e-05
261.0 6.815218478344136e-05
262.0 6.726009256325611e-05
263.0 6.637682972798016e-05
264.0 6.549770780925954e-05
265.0 6.461826563853226e-05
266.0 6.37346174082072e-05
267.0 6.28437415778648e-05
268.0 6.19436843677145e-05
269.0 6.103366358295616e-05
270.0 6.011407131208961e-05
271.0 5.9186385720032e-05
272.0 5.8253011161048756e-05
273.0 5.731707120649076e-05
274.0 5.638218064260926e-05
275.0 5.5452220414886033e-05
276.0 5.4531134738816496e-05
277.0 5.3622763294799426e-05
278.0 5.2730714738116983e-05
279.0 5.185828167393912e-05
280.0 5.100839245576507e-05
281.0 5.0183591998502056e-05
282.0 4.9386042271790334e-05
283.0 4.861753304536747e-05
284.0 4.787949446658754e-05
285.0 4.717300480956365e-05
286.0 4.6498788937301726e-05
287.0 4.585720541904196e-05
288.0 4.5248222657222695e-05
289.0 4.467138664134988e-05
290.0 4.412578490015737e-05
291.0 4.361001270111945e-05
292.0 4.3122148381977764e-05
293.0 4.2659744760011894e-05
294.0 4.221984278622217e-05
295.0 4.179901202643994e-05
296.0 4.139342030088516e-05
297.0 4.09989321355452e-05
298.0 4.061123287612048e-05
299.0 4.022597270832761e-05
