10.0 -0.265506909015455
11.0 -0.23702994811879516
12.0 -0.21201767750307612
13.0 -0.18985623870088617
14.0 -0.17007967476491986
15.0 -0.15232538667039033
16.0 -0.13630632507504023
17.0 -0.12179471101905226
18.0 -0.10860930789776242
19.0 -0.09660349545835221
20.0 -0.08565595942528888
21.0 -0.07566475840623557
22.0 -0.06654356385936815
23.0 -0.05821874246893742
24.0 -0.050626667143525345
25.0 -0.04371129524622702
26.0 -0.03742230814092315
27.0 -0.03171391628948477
28.0 -0.026544110841448157
29.0 -0.021874068806300103
30.0 -0.01766761079904547
31.0 -0.013890772451723217
32.0 -0.010511528246217195
33.0 -0.007499618175033019
34.0 -0.004826405509179338
35.0 -0.0024647409288072863
36.0 -0.00038886111900683125
37.0 0.00142564882194725
38.0 0.0030018499293540013
39.0 0.004361456186793691
40.0 0.005524878285269082
41.0 0.006511272810300229
42.0 0.007338557399878696
43.0 0.008023398919046696
44.0 0.0085812181190308
45.0 0.009026235591324016
46.0 0.0093715391853132
47.0 0.009629139056630348
48.0 0.009810003317339345
49.0 0.009924094625294427
50.0 0.009980423950606438
51.0 0.00998711488271108
52.0 0.009951461995630377
53.0 0.009879978521524073
54.0 0.009778443024963257
55.0 0.00965195471870896
56.0 0.009504996218218887
57.0 0.009341495490575048
58.0 0.009164881717860267
59.0 0.008978136357503039
60.0 0.008783842557135865
61.0 0.008584232507094879
62.0 0.008381228724650403
63.0 0.008176476070683973
64.0 0.00797136572998663
65.0 0.007767056281856029
66.0 0.0075644971145078345
67.0 0.007364456002050844
68.0 0.007167548565218119
69.0 0.006974265502196458
70.0 0.0067849946420701105
71.0 0.00660003743672312
72.0 0.006419621256738124
73.0 0.006243908909403043
74.0 0.006073006021057918
75.0 0.005906966682260642
76.0 0.0057457983855126035
77.0 0.0055894678858059155
78.0 0.0054379091589020255
79.0 0.005291033146847338
80.0 0.005148737531044852
81.0 0.005010914407751607
82.0 0.004877454566573798
83.0 0.004748248345846997
84.0 0.004623183980433897
85.0 0.004502144752756581
86.0 0.0043850063340953
87.0 0.004271635630860635
88.0 0.004161892114529145
89.0 0.004055631855406545
90.0 0.003952713445988785
91.0 0.003853004164177373
92.0 0.0037563845543695704
93.0 0.0036627501896907607
94.0 0.0035720103893957566
95.0 0.00348408460096115
96.0 0.0033988976654728046
97.0 0.0033163752051638385
98.0 0.0032364400543923614
99.0 0.0031590102067700437
100.0 0.0030839983285022993
101.0 0.0030113125767012717
102.0 0.0029408582926284494
103.0 0.0028725401055549574
104.0 0.002806264046920527
105.0 0.002741939390448901
106.0 0.0026794800656054505
107.0 0.0026188056179847594
108.0 0.002559841791855578
109.0 0.0025025208599643027
110.0 0.0024467817993325046
111.0 0.0023925703143125626
112.0 0.0023398385896457883
113.0 0.002288544593553879
114.0 0.002238650802373993
115.0 0.0021901223827870547
116.0 0.0021429250785478062
117.0 0.0020970232080399663
118.0 0.002052378210982794
119.0 0.0020089480707594213
120.0 0.0019666877283528554
121.0 0.0019255503719760444
122.0 0.0018854893030547896
123.0 0.0018464599813368216
124.0 0.0018084218420677447
125.0 0.0017713395394900555
126.0 0.0017351833836615198
127.0 0.0016999288857944277
128.0 0.0016655554944839603
129.0 0.0016320447670108732
130.0 0.0015993783430885485
131.0 0.0015675361389590925
132.0 0.0015364951366388063
133.0 0.0015062290099484839
134.0 0.0014767086366122425
135.0 0.0014479033442887917
136.0 0.0014197825814059254
137.0 0.0013923176306101853
138.0 0.0013654830068290321
139.0 0.0013392572878662499
140.0 0.0013136232762109336
141.0 0.001288567541955296
142.0 0.0012640795111319564
143.0 0.0012401503211655355
144.0 0.0012167716646570349
145.0 0.0011939347985306943
146.0 0.0011716298287006894
147.0 0.0011498453108529053
148.0 0.0011285681496628452
149.0 0.0011077837385123095
150.0 0.0010874762606155701
151.0 0.0010676290685314035
152.0 0.0010482250695014786
153.0 0.0010292470657879526
154.0 0.0010106780281711103
155.0 0.0009925013113154277
156.0 0.0009747008444953923
157.0 0.0009572613426958263
158.0 0.0009401685762626338
159.0 0.0009234097119366247
160.0 0.0009069737003404324
161.0 0.0008908516461499922
162.0 0.0008750370706689044
163.0 0.0008595259733674043
164.0 0.0008443166237646918
165.0 0.000829409063939711
166.0 0.000814804363287402
167.0 0.0008005037247920401
168.0 0.0007865075803296655
169.0 0.0007728148206285124
170.0 0.0007594222808732093
171.0 0.0007463245515492015
172.0 0.0007335141187881841
173.0 0.0007209817751397363
174.0 0.000708717195196387
175.0 0.0006967095508159938
176.0 0.0006849480506339147
177.0 0.000673422323438166
178.0 0.0006621226141850142
179.0 0.0006510398115375011
180.0 0.0006401653642878975
181.0 0.0006294911625214381
182.0 0.0006190094556063155
183.0 0.0006087128568507961
184.0 0.0005985944520809718
185.0 0.000588647996101557
186.0 0.0005788681552932508
187.0 0.0005692507414220934
188.0 0.0005597928821003799
189.0 0.0005504930850012312
190.0 0.0005413511718255093
191.0 0.0005323680797310715
192.0 0.0005235455486630236
193.0 0.0005148857299281269
194.0 0.0005063907624285523
195.0 0.0004980623668488501
196.0 0.000489901504092654
197.0 0.0004819081327052927
198.0 0.00047408108258411674
199.0 0.00046641804215570684
200.0 0.0004589156376516734
201.0 0.0004515695705151798
202.0 0.0004443747755241876
203.0 0.00043732556884311174
204.0 0.0004304157700095841
205.0 0.00042363880044256255
206.0 0.00041698777770898517
207.0 0.00041045563412083847
208.0 0.0004040352868235337
209.0 0.0003977198740169359
210.0 0.0003915030512480521
211.0 0.0003853793183264675
212.0 0.0003793443279331802
213.0 0.0003733951173293698
214.0 0.0003675302083309907
215.0 0.00036174953821505723
216.0 0.0003560542123512998
217.0 0.00035044610230759455
218.0 0.00034492734385686683
219.0 0.0003394998109805829
220.0 0.00033416464977951136
221.0 0.00032892194825980437
222.0 0.0003237705956372269
223.0 0.0003187083523723738
224.0 0.0003137321158331303
225.0 0.00030883833312819183
226.0 0.00030402348838680447
227.0 0.00029928458081113885
228.0 0.00029461951381234074
229.0 0.0002900273332379488
230.0 0.00028550828037998016
231.0 0.00028106365768430205
232.0 0.0002766955358191946
233.0 0.0002724063545489182
234.0 0.00026819848287692804
235.0 0.0002640738046773306
236.0 0.00026003338552739984
237.0 0.00025607725783176994
238.0 0.00025220433904820836
239.0 0.000248412476584328
240.0 0.00024469859660942523
241.0 0.00024105892487068188
242.0 0.00023748924591974704
243.0 0.00023398517146790376
244.0 0.00023054239625911943
245.0 0.00022715692793933112
246.0 0.0002238252835050169
247.0 0.00022054464778210154
248.0 0.00021731298912703516
249.0 0.00021412912543761374
250.0 0.0002109927315436014
251.0 0.00020790427903289268
252.0 0.00020486490284268367
253.0 0.00020187619575847348
254.0 0.0001989399414462964
255.0 0.00019605780702021842
256.0 0.00019323102518603266
257.0 0.0001904601015645982
258.0 0.00018774458334583507
259.0 0.00018508292037351266
260.0 0.0001824724396124439
261.0 0.00017990944018384588
262.0 0.00017738940093128656
263.0 0.00017490727821651439
264.0 0.00017245786056435685
265.0 0.00017003614051738588
266.0 0.00016763766341020751
267.0 0.00016525881757165577
268.0 0.0001628970396870208
269.0 0.00016055092104167912
270.0 0.00015822021315492471
271.0 0.00015590574297841332
272.0 0.00015360925682629948
273.0 0.0001513332175632636
274.0 0.0001490805810271618
275.0 0.0001468545755760623
276.0 0.00014465850388639247
277.0 0.00014249557982212396
278.0 0.00014036880650603506
279.0 0.0001382808956431646
280.0 0.00013623422335755898
281.0 0.00013423081464124763
282.0 0.00013227234699629325
283.0 0.00013036016376661222
284.0 0.00012849528867644251
285.0 0.0001266784348652516
286.0 0.00012491000392587473
287.0 0.00012319007286973354
288.0 0.00012151836937196866
289.0 0.00011989423792927286
290.0 0.0001183166015341946
291.0 0.00011678392496337855
292.0 0.00011529418662788393
293.0 0.00011384486600814691
294.0 0.00011243295292914401
295.0 0.000111054983355277
296.0 0.00010970710414090434
297.0 0.00010838516649814437
298.0 0.00010708484514232488
299.0 0.00010580177746685176
