10.0 -0.1611016642606391
11.0 -0.12947291294130478
12.0 -0.10385066435438278
13.0 -0.08326765945511316
14.0 -0.06685155120453376
15.0 -0.05382886871224896
16.0 -0.04353033761162805
17.0 -0.03539368268961967
18.0 -0.028958805429666945
19.0 -0.02385591199657835
20.0 -0.019791464667230217
21.0 -0.016535146743542017
22.0 -0.01390833879894071
23.0 -0.011773822292236013
24.0 -0.010026634758262556
25.0 -0.008586304189862582
26.0 -0.007390734727267596
27.0 -0.00639171807705845
28.0 -0.005551682282587991
29.0 -0.004841216115740541
30.0 -0.00423711960664717
31.0 -0.003720920738419099
32.0 -0.0032778032945538164
33.0 -0.0028958262911752642
34.0 -0.0025653124723834567
35.0 -0.0022783449782628642
36.0 -0.0020283749176618865
37.0 -0.0018099515122952502
38.0 -0.0016185417183520495
39.0 -0.0014503753361860927
40.0 -0.001302284694427755
41.0 -0.001171565786659594
42.0 -0.0010558967075336252
43.0 -0.0009533033830007476
44.0 -0.0008621265773135128
45.0 -0.0007809630824998698
46.0 -0.0007085988241132457
47.0 -0.0006439657680267565
48.0 -0.0005861278466550983
49.0 -0.0005342738937924543
50.0 -0.0004876998154294107
51.0 -0.0004457852358131584
52.0 -0.00040797983526560965
53.0 -0.00037380298533413206
54.0 -0.0003428459555274914
55.0 -0.00031476612058455847
56.0 -0.00028927354095696
57.0 -0.0002661174338463868
58.0 -0.00024507719830252085
59.0 -0.0002259562144599711
60.0 -0.000208574886702861
61.0 -0.00019276309880550237
62.0 -0.00017835595248097928
63.0 -0.0001651959506715173
64.0 -0.00015314042951532458
65.0 -0.00014206919556867335
66.0 -0.00013188722434582463
67.0 -0.00012252072202191872
68.0 -0.0001139089533495997
69.0 -0.00010599607691795518
70.0 -9.872606965550087e-05
71.0 -9.204127027790557e-05
72.0 -8.588333425117832e-05
73.0 -8.019534976017137e-05
74.0 -7.492464218815262e-05
75.0 -7.002603083243763e-05
76.0 -6.546465378611532e-05
77.0 -6.121685439477808e-05
78.0 -5.7268055879380666e-05
79.0 -5.360801908137395e-05
80.0 -5.0225319077220416e-05
81.0 -4.7103242639074434e-05
82.0 -4.421849008074622e-05
83.0 -4.154280038000215e-05
84.0 -3.904668105305311e-05
85.0 -3.670402409342649e-05
86.0 -3.449629711102788e-05
87.0 -3.241504562163236e-05
88.0 -3.046174804006384e-05
89.0 -2.8644794669895736e-05
90.0 -2.697437578457147e-05
91.0 -2.5456891763360314e-05
92.0 -2.409067747138824e-05
93.0 -2.2864267616493985e-05
94.0 -2.175744688316704e-05
95.0 -2.0744422551268528e-05
96.0 -1.9797972696189582e-05
97.0 -1.8893417274074428e-05
98.0 -1.8011578748765e-05
99.0 -1.7140336709367224e-05
100.0 -1.6274782688838787e-05
101.0 -1.541626575381309e-05
102.0 -1.457075980717471e-05
103.0 -1.3746992058124198e-05
104.0 -1.2954688121362762e-05
105.0 -1.2203160738556105e-05
106.0 -1.1500332849332382e-05
107.0 -1.0852162424291833e-05
108.0 -1.026234396248756e-05
109.0 -9.732125570443657e-06
110.0 -9.260123912845433e-06
111.0 -8.842135221391063e-06
112.0 -8.471077112661262e-06
113.0 -8.137274479167131e-06
114.0 -7.829262959082991e-06
115.0 -7.535124997800669e-06
116.0 -7.244161992387315e-06
117.0 -6.948539022963593e-06
118.0 -6.644493051299767e-06
119.0 -6.3327895600504815e-06
120.0 -6.018303932383331e-06
121.0 -5.708818347032259e-06
122.0 -5.413295653563365e-06
123.0 -5.139983718509389e-06
124.0 -4.894715547826575e-06
125.0 -4.679718526779732e-06
126.0 -4.49314823741202e-06
127.0 -4.32943158945014e-06
128.0 -4.18035359090509e-06
129.0 -4.03667315418271e-06
130.0 -3.889936844695816e-06
131.0 -3.7341083915601336e-06
132.0 -3.566667462745485e-06
133.0 -3.3889517752534943e-06
134.0 -3.2056937987966817e-06
135.0 -3.023889971503362e-06
136.0 -2.8512856996719826e-06
137.0 -2.694825907731719e-06
138.0 -2.55939609398627e-06
139.0 -2.447077937182621e-06
140.0 -2.3570020893147476e-06
141.0 -2.28574130985867e-06
142.0 -2.2280846327207213e-06
143.0 -2.1779860943937067e-06
144.0 -2.1294891138076903e-06
145.0 -2.0774750752998644e-06
146.0 -2.018151054780669e-06
147.0 -1.9492576108850722e-06
148.0 -1.8700301943113322e-06
149.0 -1.7809814281758942e-06
150.0 -1.6835862123170684e-06
151.0 -1.5799499275288324e-06
152.0 -1.4725251556021491e-06
153.0 -1.3639174569862394e-06
154.0 -1.2567896766479692e-06
155.0 -1.1538423845284735e-06
156.0 -1.0578224780897824e-06
157.0 -9.715000747095457e-07
158.0 -8.975607902711486e-07
159.0 -8.383867159764799e-07
160.0 -7.957390774227812e-07
161.0 -7.703975683076468e-07
162.0 -7.618423228761073e-07
163.0 -7.680731470462776e-07
164.0 -7.856418150870903e-07
165.0 -8.099300833750075e-07
166.0 -8.356493953515247e-07
167.0 -8.574833992951941e-07
168.0 -8.707566074128867e-07
169.0 -8.720023746579747e-07
170.0 -8.593238001172265e-07
171.0 -8.32486802229912e-07
172.0 -7.92743602320126e-07
173.0 -7.424421913527626e-07
174.0 -6.845190596613743e-07
175.0 -6.219891215412485e-07
176.0 -5.57535737020797e-07
177.0 -4.932695335517255e-07
178.0 -4.3067747970264803e-07
179.0 -3.707361284301799e-07
180.0 -3.141269896681079e-07
181.0 -2.614754349368899e-07
182.0 -2.1353937011038362e-07
183.0 -1.7129631383911446e-07
184.0 -1.3590958102348065e-07
185.0 -1.0858673971810115e-07
186.0 -9.0368545363468e-08
187.0 -8.189959879813925e-08
188.0 -8.323226077704152e-08
189.0 -9.370517968062187e-08
190.0 -1.1192106873753391e-07
191.0 -1.358292159073439e-07
192.0 -1.629000228579111e-07
193.0 -1.9036409070817524e-07
194.0 -2.1547868189790752e-07
195.0 -2.357809645303585e-07
196.0 -2.492909476806562e-07
197.0 -2.546372668896558e-07
198.0 -2.5109453933776085e-07
199.0 -2.3853899724976125e-07
200.0 -2.1734554799515266e-07
201.0 -1.88260138091301e-07
202.0 -1.5228320557455967e-07
203.0 -1.105921543799503e-07
204.0 -6.451497023507551e-08
205.0 -1.554756648233652e-08
206.0 3.4610196226110436e-08
207.0 8.403526494133323e-08
208.0 1.3061399087492402e-07
209.0 1.7214990693818255e-07
210.0 2.0654960248266073e-07
211.0 2.3206570595736293e-07
212.0 2.475549924743894e-07
213.0 2.526974111050202e-07
214.0 2.4812213839788796e-07
215.0 2.3540028463125774e-07
216.0 2.168880176910429e-07
217.0 1.9543342641872492e-07
218.0 1.739888909423793e-07
219.0 1.5519175696044697e-07
220.0 1.4098508115357948e-07
221.0 1.323451332309057e-07
222.0 1.2916420892198344e-07
223.0 1.3030980382243258e-07
224.0 1.338498036082296e-07
225.0 1.3740416961416367e-07
226.0 1.385621342597567e-07
227.0 1.3529400084304344e-07
228.0 1.262897619441192e-07
229.0 1.1117186764581011e-07
230.0 9.05533001485112e-08
231.0 6.593982198037178e-08
232.0 3.950149968636304e-08
233.0 1.3758545172418008e-08
234.0 -8.763159592892196e-09
235.0 -2.5851986532784764e-08
236.0 -3.586131733869019e-08
237.0 -3.7863528004331795e-08
238.0 -3.169923252130372e-08
239.0 -1.7931783509257746e-08
240.0 2.2701108080105337e-09
241.0 2.7292898878628324e-08
242.0 5.5254134577020743e-08
243.0 8.417250618030928e-08
244.0 1.1211946130435516e-07
245.0 1.3734839199383396e-07
246.0 1.5840301252181969e-07
247.0 1.7420827964993804e-07
248.0 1.8414518833258466e-07
249.0 1.8810642950925137e-07
250.0 1.8652529620167632e-07
251.0 1.803674547384601e-07
252.0 1.7107574183832053e-07
253.0 1.604624805038046e-07
254.0 1.5055129169749397e-07
255.0 1.4337945992709252e-07
256.0 1.40780533685719e-07
257.0 1.4417296691229507e-07
258.0 1.5438269527442448e-07
259.0 1.715248918780992e-07
260.0 1.9496303667108625e-07
261.0 2.2335303087262854e-07
262.0 2.5476819025387583e-07
263.0 2.86889612445617e-07
264.0 3.172375393524133e-07
265.0 3.434143349639671e-07
266.0 3.633292478930701e-07
267.0 3.7537908819261047e-07
268.0 3.7856643873149874e-07
269.0 3.7254662527557256e-07
270.0 3.57604722264121e-07
271.0 3.3457277622563075e-07
272.0 3.047039321434936e-07
273.0 2.695235275516718e-07
274.0 2.3067735376062948e-07
275.0 1.897946031015982e-07
276.0 1.48378355648056e-07
277.0 1.0773083200531458e-07
278.0 6.891505099478511e-08
279.0 3.27497839886047e-08
280.0 -1.6871272818594441e-10
281.0 -2.942661191439312e-08
282.0 -5.474301126291556e-08
283.0 -7.591935397363407e-08
284.0 -9.2794779253605e-08
285.0 -1.0521266009733322e-07
286.0 -1.1300168066352242e-07
287.0 -1.1597290315217951e-07
288.0 -1.139324629199329e-07
289.0 -1.0670786834831595e-07
290.0 -9.418443268178687e-08
291.0 -7.634721829345787e-08
292.0 -5.3323140709375084e-08
293.0 -2.5417667314162905e-08
294.0 6.859076831471141e-09
295.0 4.2781016100114486e-08
296.0 8.141239055748944e-08
297.0 1.2163250999387085e-07
298.0 1.6217798011947169e-07
299.0 2.0169954907999455e-07
