10.0 0.04854520942652219
11.0 0.024008496658737933
12.0 0.0052248356943043715
13.0 -0.009151831304934473
14.0 -0.01988532371658073
15.0 -0.027810135274740452
16.0 -0.03355201309630324
17.0 -0.03750161567670472
18.0 -0.040133108621866025
19.0 -0.0417154617078226
20.0 -0.04252359087128292
21.0 -0.04272356499895366
22.0 -0.042482217747398715
23.0 -0.04189581573945962
24.0 -0.04106625618733832
25.0 -0.04006377649406626
26.0 -0.03894143454147808
27.0 -0.03774110961392178
28.0 -0.03649444701312217
29.0 -0.03522511058906539
30.0 -0.03395324464986531
31.0 -0.032691511030473866
32.0 -0.03145192659320134
33.0 -0.030239933942344723
34.0 -0.029062107207160334
35.0 -0.02792092726797542
36.0 -0.026820852722611716
37.0 -0.025758406773551172
38.0 -0.02474156484069581
39.0 -0.023764689788096156
40.0 -0.022826618907042635
41.0 -0.02192925331459311
42.0 -0.02107332819662888
43.0 -0.020254143371056427
44.0 -0.019470698228900768
45.0 -0.0187217572794776
46.0 -0.018006117094734785
47.0 -0.017322764859902213
48.0 -0.016670489779086695
49.0 -0.016047805543788114
50.0 -0.01545339409620812
51.0 -0.014885628233145225
52.0 -0.0143437322516029
53.0 -0.013826304193170954
54.0 -0.013331979258575582
55.0 -0.012859385503071592
56.0 -0.012407437562195341
57.0 -0.011975105755515976
58.0 -0.011561256283843331
59.0 -0.011164785968259091
60.0 -0.010784685476864243
61.0 -0.010421214689593028
62.0 -0.010075227667167083
63.0 -0.009743029764808188
64.0 -0.009423780272319578
65.0 -0.009116697979866336
66.0 -0.008823465797366217
67.0 -0.008543530106402797
68.0 -0.008273633621921652
69.0 -0.00801316736973568
70.0 -0.007764926622294366
71.0 -0.0075270423769367495
72.0 -0.007296881966540848
73.0 -0.007075341034419754
74.0 -0.006864768467602722
75.0 -0.00666044920075698
76.0 -0.0064630930745513335
77.0 -0.006275880440846203
78.0 -0.006093673904765632
79.0 -0.005918235374581642
80.0 -0.005750750451989701
81.0 -0.005587207379310666
82.0 -0.005431475425500667
83.0 -0.005280908523987502
84.0 -0.005134266899927479
85.0 -0.004995286496199794
86.0 -0.00485883117555872
87.0 -0.004729012443085369
88.0 -0.004602788976168795
89.0 -0.00448060524539104
90.0 -0.004363578944203196
91.0 -0.004248734797027465
92.0 -0.0041400493325919946
93.0 -0.0040324437810081845
94.0 -0.003931065476633042
95.0 -0.003830787866859194
96.0 -0.003735495847696163
97.0 -0.0036417501912990834
98.0 -0.0035522852787515415
99.0 -0.0034645399024217072
100.0 -0.0033806004108897563
101.0 -0.0032982811746327984
102.0 -0.0032194439133933937
103.0 -0.0031420111434058216
104.0 -0.0030681255928120205
105.0 -0.002995190599865881
106.0 -0.002925861259821144
107.0 -0.0028569290690597846
108.0 -0.002791930576018355
109.0 -0.0027269320829769257
110.0 -0.002665751272548521
111.0 -0.0026048489565254703
112.0 -0.0025467041316751962
113.0 -0.0024895859855662305
114.0 -0.002434208730726485
115.0 -0.002380710946203925
116.0 -0.0023278448809409525
117.0 -0.002277714075583174
118.0 -0.002227583270225396
119.0 -0.0021801566202613557
120.0 -0.0021332144658315825
121.0 -0.002087639501702741
122.0 -0.002043661585664115
123.0 -0.0019997578059108927
124.0 -0.001958611358918132
125.0 -0.001917464911925371
126.0 -0.0018777277485761041
127.0 -0.0018391817122176946
128.0 -0.0018006544062108283
129.0 -0.0017645973654911026
130.0 -0.0017285403247713764
131.0 -0.0016934541937768301
132.0 -0.0016596984037748337
133.0 -0.0016259426137728377
134.0 -0.0015939003498565015
135.0 -0.0015623300343344199
136.0 -0.0015309480669347107
137.0 -0.0015014049400672595
138.0 -0.0014718618131998084
139.0 -0.0014429864009065487
140.0 -0.0014153652795918443
141.0 -0.0013877441582771399
142.0 -0.0013610974563268198
143.0 -0.0013352595607942592
144.0 -0.0013094216652616984
145.0 -0.001284739945223327
146.0 -0.001260580380338017
147.0 -0.001236420815452707
148.0 -0.0012134787269915846
149.0 -0.001190892930782401
150.0 -0.0011683071345732175
151.0 -0.0011469046022599318
152.0 -0.0011257989319150513
153.0 -0.0011046932615701708
154.0 -0.0010846479890732736
155.0 -0.0010649281312150277
156.0 -0.0010452082733567816
157.0 -0.0010263605289340212
158.0 -0.0010079430482006636
159.0 -0.000989525567467306
160.0 -0.0009717301111688012
161.0 -0.000954528594274032
162.0 -0.0009373270773792628
163.0 -0.0009204538763160211
164.0 -0.0009043857830207323
165.0 -0.0008883176897254437
166.0 -0.0008722524797408674
167.0 -0.0008572523016344702
168.0 -0.0008422521235280731
169.0 -0.0008272519454216758
170.0 -0.0008129003076018203
171.0 -0.0007988989112086077
172.0 -0.0007848975148153952
173.0 -0.0007711115871446218
174.0 -0.0007580543170960189
175.0 -0.0007449970470474163
176.0 -0.0007319397769988134
177.0 -0.0007195347002217641
178.0 -0.0007073611632417231
179.0 -0.000695187626261682
180.0 -0.0006831619401281723
181.0 -0.0006718224526154282
182.0 -0.0006604829651026841
183.0 -0.0006491434775899401
184.0 -0.0006382248146677796
185.0 -0.0006276580384384861
186.0 -0.0006170912622091927
187.0 -0.000606524485979899
188.0 -0.0005965708493368545
189.0 -0.00058673525264778
190.0 -0.0005768996559587054
191.0 -0.0005671030224809725
192.0 -0.0005579432875977418
193.0 -0.000548783552714511
194.0 -0.0005396238178312803
195.0 -0.0005305922713296453
196.0 -0.0005220723345823838
197.0 -0.0005135523978351222
198.0 -0.0005050324610878607
199.0 -0.0004966718807222635
200.0 -0.0004887529646563178
201.0 -0.00048083404859037215
202.0 -0.00047291513252442646
203.0 -0.00046513800859005014
204.0 -0.00045778528338705763
205.0 -0.0004504325581840651
206.0 -0.0004430798329810725
207.0 -0.00043580990240829024
208.0 -0.00042899265622028384
209.0 -0.0004221754100322774
210.0 -0.000415358163844271
211.0 -0.0004085409176562646
212.0 -0.00040220747621433144
213.0 -0.0003958858995484415
214.0 -0.0003895643228825515
215.0 -0.00038324274621666154
216.0 -0.0003772513798980263
217.0 -0.00037139286902610494
218.0 -0.0003655343581541836
219.0 -0.00035967584728226226
220.0 -0.0003539749443197737
221.0 -0.0003485494089793976
222.0 -0.00034312387363902145
223.0 -0.0003376983382986453
224.0 -0.00033227280295826915
225.0 -0.0003272283017232357
226.0 -0.00032221377585027564
227.0 -0.0003171992499773156
228.0 -0.0003121847241043556
229.0 -0.00030732257127903
230.0 -0.0003026885076483794
231.0 -0.0002980544440177288
232.0 -0.0002934203803870783
233.0 -0.0002887863167564277
234.0 -0.0002844301661522254
235.0 -0.0002801512732643007
236.0 -0.0002758723803763759
237.0 -0.0002715934874884512
238.0 -0.00026733841868322003
239.0 -0.00026339427561896544
240.0 -0.0002594501325547109
241.0 -0.0002555059894904563
242.0 -0.0002515618464262018
243.0 -0.0002477019890594234
244.0 -0.00024407628058237542
245.0 -0.00024045057210532746
246.0 -0.00023682486362827944
247.0 -0.00023319915515123145
248.0 -0.00022967910806552348
249.0 -0.0002263460028421324
250.0 -0.00022301289761874135
251.0 -0.00021967979239535029
252.0 -0.00021634668717195922
253.0 -0.000213110317089654
254.0 -0.00021004706779846638
255.0 -0.00020698381850727874
256.0 -0.00020392056921609113
257.0 -0.0002008573199249035
258.0 -0.0001978589390752747
259.0 -0.0001950503044101598
260.0 -0.00019224166974504488
261.0 -0.00018943303507992996
262.0 -0.00018662440041481505
263.0 -0.0001838273623716032
264.0 -0.00018126047003541747
265.0 -0.00017869357769923177
266.0 -0.0001761266853630461
267.0 -0.0001735597930268604
268.0 -0.0001709929006906747
269.0 -0.00016858766197466897
270.0 -0.00016624041171667885
271.0 -0.00016389316145868876
272.0 -0.00016154591120069863
273.0 -0.0001591986609427085
274.0 -0.00015691420173758318
275.0 -0.00015476522257998378
276.0 -0.00015261624342238439
277.0 -0.000150467264264785
278.0 -0.00014831828510718562
279.0 -0.00014616930594958622
280.0 -0.0001441674783762511
281.0 -0.00014220525823649058
282.0 -0.00014024303809673008
283.0 -0.00013828081795696956
284.0 -0.00013631859781720903
285.0 -0.0001343820418274988
286.0 -0.00013259385961579139
287.0 -0.00013080567740408398
288.0 -0.0001290174951923766
289.0 -0.00012722931298066918
290.0 -0.00012544113076896177
291.0 -0.00012371700223953285
292.0 -0.00012209178209749853
293.0 -0.00012046656195546421
294.0 -0.0001188413418134299
295.0 -0.0001172161216713956
296.0 -0.00011559090152936129
297.0 -0.00011404593954409209
298.0 -0.00011257435057693971
299.0 -0.00011110276160978734
