10.0 -0.0770548749218
11.0 -0.0920514351358
12.0 -0.101495463024
13.0 -0.106826168866
14.0 -0.10915590581
15.0 -0.109331515801
16.0 -0.107990276446
17.0 -0.105606034763
18.0 -0.102527344233
19.0 -0.0990088601847
20.0 -0.09523576949
21.0 -0.0913417695785
22.0 -0.0874221580654
23.0 -0.0835436189982
24.0 -0.0797517554403
25.0 -0.0760768837728
26.0 -0.0725383301636
27.0 -0.0691474812985
28.0 -0.0659099460749
29.0 -0.06282716415
30.0 -0.0598976447997
31.0 -0.0571178950736
32.0 -0.0544830813224
33.0 -0.0519874988073
34.0 -0.0496249245773
35.0 -0.0473888926799
36.0 -0.0452728938336
37.0 -0.0432704973385
38.0 -0.0413754182896
39.0 -0.0395815685907
40.0 -0.0378831096897
41.0 -0.0362744922743
42.0 -0.0347504639366
43.0 -0.0333060517429
44.0 -0.0319365460977
45.0 -0.0306375009605
46.0 -0.0294047403631
47.0 -0.0282343536529
48.0 -0.0271226769094
49.0 -0.0260662729217
50.0 -0.0250619194248
51.0 -0.0241066023205
52.0 -0.0231975050344
53.0 -0.0223319916476
54.0 -0.0215075894741
55.0 -0.0207219767724
56.0 -0.0199729753189
57.0 -0.0192585437271
58.0 -0.01857676912
59.0 -0.0179258584425
60.0 -0.0173041316373
61.0 -0.0167100166541
62.0 -0.0161420439445
63.0 -0.015598838323
64.0 -0.0150791085031
65.0 -0.014581636871
66.0 -0.0141052722301
67.0 -0.0136489264097
68.0 -0.0132115734024
69.0 -0.0127922487476
70.0 -0.0123900475912
71.0 -0.0120041212806
72.0 -0.0116336732352
73.0 -0.0112779547114
74.0 -0.0109362605224
75.0 -0.0106079246107
76.0 -0.010292315788
77.0 -0.00998883442795
78.0 -0.00969691076965
79.0 -0.00941600475359
80.0 -0.00914560653723
81.0 -0.00888523660967
82.0 -0.00863444480822
83.0 -0.00839280813813
84.0 -0.00815992770993
85.0 -0.00793542525863
86.0 -0.00771893975549
87.0 -0.0075101246642
88.0 -0.00730864634078
89.0 -0.00711418379645
90.0 -0.0069264295742
91.0 -0.00674509107111
92.0 -0.00656989152067
93.0 -0.00640057009552
94.0 -0.00623688103727
95.0 -0.00607859211569
96.0 -0.00592548289597
97.0 -0.00577734324061
98.0 -0.00563397228641
99.0 -0.00549517793103
100.0 -0.00536077670955
101.0 -0.00523059386504
102.0 -0.0051044634133
103.0 -0.00498222804986
104.0 -0.00486373881958
105.0 -0.00474885454224
106.0 -0.00463744104831
107.0 -0.00452937032678
108.0 -0.00442451971743
109.0 -0.00432277128255
110.0 -0.00422401145216
111.0 -0.00412813095372
112.0 -0.00403502493761
113.0 -0.00394459313842
114.0 -0.0038567399061
115.0 -0.00377137400632
116.0 -0.00368840819562
117.0 -0.00360775867277
118.0 -0.00352934455316
119.0 -0.00345308749536
120.0 -0.00337891154775
121.0 -0.00330674321091
122.0 -0.00323651165818
123.0 -0.00316814903106
124.0 -0.00310159072382
125.0 -0.0030367755814
126.0 -0.00297364595025
127.0 -0.00291214754305
128.0 -0.00285222911085
129.0 -0.00279384195624
130.0 -0.00273693936362
131.0 -0.00268147604946
132.0 -0.00262740773781
133.0 -0.00257469093669
134.0 -0.00252328293827
135.0 -0.00247314200642
136.0 -0.00242422766729
137.0 -0.00237650099939
138.0 -0.00232992483158
139.0 -0.0022844637961
140.0 -0.0022400842327
141.0 -0.00219675398355
142.0 -0.00215444214408
143.0 -0.00211311883671
144.0 -0.00207275505808
145.0 -0.00203332262297
146.0 -0.00199479420027
147.0 -0.00195714341586
148.0 -0.00192034498632
149.0 -0.00188437484569
150.0 -0.00184921023238
151.0 -0.00181482971127
152.0 -0.00178121311628
153.0 -0.00174834140953
154.0 -0.0017161964662
155.0 -0.00168476080693
156.0 -0.0016540173117
157.0 -0.00162394895598
158.0 -0.00159453860942
159.0 -0.00156576892784
160.0 -0.00153762235104
161.0 -0.00151008119796
162.0 -0.00148312783047
163.0 -0.00145674484503
164.0 -0.00143091525002
165.0 -0.00140562259652
166.0 -0.00138085104797
167.0 -0.00135658539432
168.0 -0.00133281103256
169.0 -0.0013095139434
170.0 -0.00128668069184
171.0 -0.00126429846767
172.0 -0.00124235516586
173.0 -0.00122083948987
174.0 -0.00119974104935
175.0 -0.00117905041971
176.0 -0.00115875913699
177.0 -0.00113885961388
178.0 -0.00111934498002
179.0 -0.00110020886561
180.0 -0.00108144515864
181.0 -0.00106304776997
182.0 -0.00104501043619
183.0 -0.00102732658051
184.0 -0.00100998923915
185.0 -0.000992991049134
186.0 -0.000976324284997
187.0 -0.0009599809283
188.0 -0.00094395275441
189.0 -0.000928231424066
190.0 -0.000912808571494
191.0 -0.000897675884842
192.0 -0.000882825177869
193.0 -0.000868248454237
194.0 -0.000853937967376
195.0 -0.000839886279869
196.0 -0.000826086326088
197.0 -0.000812531480162
198.0 -0.000799215628088
199.0 -0.000786133238336
200.0 -0.000773279420837
201.0 -0.000760649961278
202.0 -0.000748241317605
203.0 -0.000736050569229
204.0 -0.000724075316452
205.0 -0.000712313536579
206.0 -0.000700763411975
207.0 -0.000689423151641
208.0 -0.000678290829981
209.0 -0.000667364263562
210.0 -0.000656640939458
211.0 -0.000646117998808
212.0 -0.000635792268888
213.0 -0.000625660328668
214.0 -0.000615718588213
215.0 -0.000605963362276
216.0 -0.000596390922614
217.0 -0.000586997520755
218.0 -0.000577779381143
219.0 -0.000568732672045
220.0 -0.000559853466517
221.0 -0.000551137707479
222.0 -0.000542581189199
223.0 -0.000534179563177
224.0 -0.000525928370519
225.0 -0.000517823096993
226.0 -0.000509859242214
227.0 -0.000502032391896
228.0 -0.00049433828216
229.0 -0.000486772847437
230.0 -0.000479332247778
231.0 -0.000472012876395
232.0 -0.000464811352743
233.0 -0.000457724509372
234.0 -0.000450749381395
235.0 -0.000443883205619
236.0 -0.000437123432609
237.0 -0.000430467750179
238.0 -0.000423914112291
239.0 -0.000417460764261
240.0 -0.000411106254462
241.0 -0.000404849424505
242.0 -0.00039868937397
243.0 -0.000392625400984
244.0 -0.000386656925241
245.0 -0.000380783404048
246.0 -0.000375004253795
247.0 -0.00036931878851
248.0 -0.000363726184155
249.0 -0.000358225472662
250.0 -0.000352815564648
251.0 -0.000347495295141
252.0 -0.000342263483503
253.0 -0.000337118997403
254.0 -0.000332060811222
255.0 -0.000327088051309
256.0 -0.000322200023357
257.0 -0.000317396220272
258.0 -0.00031267631153
259.0 -0.000308040116847
260.0 -0.000303487567885
261.0 -0.00029901866169
262.0 -0.000294633408989
263.0 -0.000290331779608
264.0 -0.000286113646525
265.0 -0.000281978729653
266.0 -0.000277926540472
267.0 -0.000273956329114
268.0 -0.000270067036154
269.0 -0.000266257252132
270.0 -0.000262525188206
271.0 -0.00025886866137
272.0 -0.000255285097039
273.0 -0.000251771550674
274.0 -0.000248324748577
275.0 -0.000244941146275
276.0 -0.000241617001396
277.0 -0.000238348456704
278.0 -0.000235131628423
279.0 -0.000231962694926
280.0 -0.000228837981485
281.0 -0.000225754037707
282.0 -0.000222707705419
283.0 -0.000219696175856
284.0 -0.00021671703584
285.0 -0.000213768303173
286.0 -0.000210848451693
287.0 -0.000207956426342
288.0 -0.000205091648443
289.0 -0.000202254011112
290.0 -0.000199443864619
291.0 -0.000196661991498
292.0 -0.000193909571342
293.0 -0.000191188135528
294.0 -0.000188499512449
295.0 -0.000185845764261
296.0 -0.000183229116533
297.0 -0.000180651882543
298.0 -0.000178116384271
299.0 -0.000175624872393
