10.0 -0.0503306848864
11.0 -0.0441938720588
12.0 -0.0392184764061
13.0 -0.0351119921411
14.0 -0.0316708813926
15.0 -0.0287490686256
16.0 -0.0262395706789
17.0 -0.0240625851142
18.0 -0.0221573933029
19.0 -0.0204770571628
20.0 -0.0189848804952
21.0 -0.0176518403437
22.0 -0.0164546736227
23.0 -0.015374495743
24.0 -0.0143958045244
25.0 -0.0135057328246
26.0 -0.0126934807129
27.0 -0.011949898966
28.0 -0.0112671890897
29.0 -0.0106386745609
30.0 -0.010058612675
31.0 -0.00952203938393
32.0 -0.009024646039
33.0 -0.00856267966809
34.0 -0.00813285533924
35.0 -0.00773227643399
36.0 -0.00735836715934
37.0 -0.00700882251157
38.0 -0.00668157511092
39.0 -0.00637477256894
40.0 -0.00608675792844
41.0 -0.00581604881201
42.0 -0.00556131503612
43.0 -0.00532135690417
44.0 -0.0050950865064
45.0 -0.00488151305183
46.0 -0.00467973185298
47.0 -0.00448891586593
48.0 -0.00430830870576
49.0 -0.00413721843776
50.0 -0.00397501181489
51.0 -0.00382110883848
52.0 -0.0036749776003
53.0 -0.00353612941275
54.0 -0.00340411429297
55.0 -0.00327851691404
56.0 -0.00315895313176
57.0 -0.00304506712447
58.0 -0.00293652907555
59.0 -0.00283303323378
60.0 -0.00273429614905
61.0 -0.00264005491209
62.0 -0.00255006530697
63.0 -0.00246409987457
64.0 -0.00238194594723
65.0 -0.00230340373033
66.0 -0.00222828447786
67.0 -0.00215640875844
68.0 -0.00208760476047
69.0 -0.0020217065621
70.0 -0.00195855230123
71.0 -0.00189798221994
72.0 -0.00183983661445
73.0 -0.00178395378381
74.0 -0.00173016812614
75.0 -0.00167830857652
76.0 -0.00162819761134
77.0 -0.00157965105958
78.0 -0.00153247895841
79.0 -0.00148648766353
80.0 -0.00144148336704
81.0 -0.00139727708176
82.0 -0.00135369101963
83.0 -0.00131056613001
84.0 -0.00126777038506
85.0 -0.00122520722742
86.0 -0.00118282345587
87.0 -0.00114061574681
88.0 -0.00109863501329
89.0 -0.00105698790379
90.0 -0.00101583493751
91.0 -0.000975385047101
92.0 -0.000935886625032
93.0 -0.000897615508016
94.0 -0.0008608606439
95.0 -0.00082590842758
96.0 -0.000793026836842
97.0 -0.000762450527771
98.0 -0.000734367960637
99.0 -0.000708911434119
100.0 -0.000686150634111
101.0 -0.00066608998735
102.0 -0.000648669786813
103.0 -0.000633770760262
104.0 -0.000621221513758
105.0 -0.000610808117173
106.0 -0.000602285016726
107.0 -0.000595386457866
108.0 -0.000589837669521
109.0 -0.000585365180962
110.0 -0.000581705795611
111.0 -0.00057861391217
112.0 -0.000575867045163
113.0 -0.000573269540528
114.0 -0.000570654598447
115.0 -0.000567884800495
116.0 -0.000564851391215
117.0 -0.000561472587958
118.0 -0.000557691192174
119.0 -0.000553471756113
120.0 -0.000548797527175
121.0 -0.000543667353541
122.0 -0.000538092693843
123.0 -0.000532094834182
124.0 -0.000525702380114
125.0 -0.000518949060814
126.0 -0.000511871858106
127.0 -0.000504509454323
128.0 -0.000496900979689
129.0 -0.000489085031269
130.0 -0.00048109893083
131.0 -0.000472978187234
132.0 -0.000464756129498
133.0 -0.000456463678796
134.0 -0.00044812923072
135.0 -0.000439778622772
136.0 -0.000431435165818
137.0 -0.000423119721998
138.0 -0.000414850815005
139.0 -0.000406644761724
140.0 -0.000398515816821
141.0 -0.000390476323991
142.0 -0.000382536869232
143.0 -0.00037470643278
144.0 -0.000366992537241
145.0 -0.00035940139014
146.0 -0.000351938019567
147.0 -0.000344606401999
148.0 -0.000337409581648
149.0 -0.00033034978094
150.0 -0.000323428501967
151.0 -0.000316646618944
152.0 -0.000310004461855
153.0 -0.000303501891626
154.0 -0.000297138367246
155.0 -0.000290913005321
156.0 -0.000284824632591
157.0 -0.000278871831948
158.0 -0.000273052982498
159.0 -0.000267366294223
160.0 -0.000261809837753
161.0 -0.000256381569794
162.0 -0.000251079354681
163.0 -0.00024590098255
164.0 -0.000240844184535
165.0 -0.000235906645384
166.0 -0.000231086013805
167.0 -0.000226379910844
168.0 -0.000221785936527
169.0 -0.000217301675001
170.0 -0.000212924698431
171.0 -0.000208652569906
172.0 -0.000204482845704
173.0 -0.000200413077289
174.0 -0.000196440813471
175.0 -0.000192563603182
176.0 -0.000188778999302
177.0 -0.000185084563884
178.0 -0.000181477875006
179.0 -0.000177956535303
180.0 -0.000174518182019
181.0 -0.000171160498195
182.0 -0.000167881224425
183.0 -0.000164678170429
184.0 -0.000161549225633
185.0 -0.000158492367912
186.0 -0.000155505669742
187.0 -0.000152587301175
188.0 -0.000149735529274
189.0 -0.000146948713916
190.0 -0.000144225300176
191.0 -0.000141563807748
192.0 -0.000138962818139
193.0 -0.000136420960495
194.0 -0.000133936897046
195.0 -0.000131509309127
196.0 -0.000129136884713
197.0 -0.0001268183082
198.0 -0.00012455225302
199.0 -0.000122337377419
200.0 -0.000120172323517
201.0 -0.000118055719505
202.0 -0.000115986184675
203.0 -0.000113962336798
204.0 -0.000111982801233
205.0 -0.00011004622115
206.0 -0.000108151268163
207.0 -0.000106296652759
208.0 -0.000104481133962
209.0 -0.000102703527738
210.0 -0.000100962713818
211.0 -9.92576406488e-05
212.0 -9.75873283826e-05
213.0 -9.59508698285e-05
214.0 -9.43474294315e-05
215.0 -9.27762403723e-05
216.0 -9.12365999321e-05
217.0 -8.97278632942e-05
218.0 -8.82494359661e-05
219.0 -8.68007650225e-05
220.0 -8.53813293806e-05
221.0 -8.39906293441e-05
222.0 -8.26281756836e-05
223.0 -8.12934785653e-05
224.0 -7.99860366874e-05
225.0 -7.87053270342e-05
226.0 -7.7450795701e-05
227.0 -7.62218502601e-05
228.0 -7.50178541405e-05
229.0 -7.38381234462e-05
230.0 -7.26819265626e-05
231.0 -7.15484867757e-05
232.0 -7.04369879769e-05
233.0 -6.93465833431e-05
234.0 -6.82764066895e-05
235.0 -6.72255860073e-05
236.0 -6.61932585333e-05
237.0 -6.51785865734e-05
238.0 -6.4180773229e-05
239.0 -6.31990771652e-05
240.0 -6.22328256086e-05
241.0 -6.12814248785e-05
242.0 -6.03443679138e-05
243.0 -5.94212384588e-05
244.0 -5.85117117907e-05
245.0 -5.76155520868e-05
246.0 -5.67326067316e-05
247.0 -5.58627980293e-05
248.0 -5.50061129092e-05
249.0 -5.41625912791e-05
250.0 -5.33323136966e-05
251.0 -5.25153889929e-05
252.0 -5.17119424051e-05
253.0 -5.09221046637e-05
254.0 -5.01460023543e-05
255.0 -4.93837497375e-05
256.0 -4.8635442089e-05
257.0 -4.79011505089e-05
258.0 -4.71809180711e-05
259.0 -4.64747571273e-05
260.0 -4.57826475573e-05
261.0 -4.51045357615e-05
262.0 -4.44403342185e-05
263.0 -4.37899214734e-05
264.0 -4.31531424722e-05
265.0 -4.25298092108e-05
266.0 -4.19197017112e-05
267.0 -4.13225693725e-05
268.0 -4.07381327599e-05
269.0 -4.01660859004e-05
270.0 -3.96060991352e-05
271.0 -3.90578225535e-05
272.0 -3.85208899892e-05
273.0 -3.79949235231e-05
274.0 -3.74795383804e-05
275.0 -3.69743480801e-05
276.0 -3.64789696526e-05
277.0 -3.59930287276e-05
278.0 -3.55161642839e-05
279.0 -3.50480328613e-05
280.0 -3.45883120587e-05
281.0 -3.41367031755e-05
282.0 -3.3692932899e-05
283.0 -3.32567539899e-05
284.0 -3.28279449732e-05
285.0 -3.24063088903e-05
286.0 -3.19916712188e-05
287.0 -3.15838771013e-05
288.0 -3.11827880569e-05
289.0 -3.0788278364e-05
290.0 -3.040023131e-05
291.0 -3.00185354978e-05
292.0 -2.96430813821e-05
293.0 -2.92737581866e-05
294.0 -2.89104513201e-05
295.0 -2.85530403769e-05
296.0 -2.82013977718e-05
297.0 -2.78553880227e-05
298.0 -2.75148676619e-05
299.0 -2.71796857299e-05
