10.0 -0.293193792001
11.0 -0.243559905072
12.0 -0.205862099345
13.0 -0.176640157612
14.0 -0.153577375634
15.0 -0.135070110534
16.0 -0.119988389613
17.0 -0.107523599443
18.0 -0.0970857159829
19.0 -0.0882380674435
20.0 -0.080655291004
21.0 -0.0740929002954
22.0 -0.0683645612513
23.0 -0.0633260651125
24.0 -0.0588642118071
25.0 -0.0548887301623
26.0 -0.0513263713473
27.0 -0.0481169103362
28.0 -0.0452105891842
29.0 -0.0425663033975
30.0 -0.0401500728254
31.0 -0.0379337360799
32.0 -0.0358939156652
33.0 -0.0340111664089
34.0 -0.0322691623156
35.0 -0.0306539018102
36.0 -0.0291530522759
37.0 -0.0277555537154
38.0 -0.0264514796923
39.0 -0.0252320379732
40.0 -0.0240895697191
41.0 -0.0230174661789
42.0 -0.0220100036999
43.0 -0.0210621481387
44.0 -0.0201693836333
45.0 -0.0193275950179
46.0 -0.0185330036248
47.0 -0.0177821391601
48.0 -0.0170718279711
49.0 -0.0163991838867
50.0 -0.0157615947667
51.0 -0.0151567025173
52.0 -0.0145823767817
53.0 -0.0140366841432
54.0 -0.0135178561052
55.0 -0.0130242599347
56.0 -0.0125543759939
57.0 -0.0121067833349
58.0 -0.0116801527866
59.0 -0.011273244606
60.0 -0.0108849068854
61.0 -0.0105140715419
62.0 -0.0101597464296
63.0 -0.00982100407038
64.0 -0.0094969689067
65.0 -0.00918680539255
66.0 -0.00888970870727
67.0 -0.00860489880094
68.0 -0.00833161739381
69.0 -0.0080691268764
70.0 -0.00781670996118
71.0 -0.00757366932515
72.0 -0.00733932709908
73.0 -0.00711302461513
74.0 -0.00689412312047
75.0 -0.00668200613761
76.0 -0.00647608386566
77.0 -0.00627579960831
78.0 -0.00608063782797
79.0 -0.00589013316383
80.0 -0.00570387964964
81.0 -0.00552153940245
82.0 -0.00534285016919
83.0 -0.00516763125098
84.0 -0.00499578743389
85.0 -0.00482731062421
86.0 -0.00466227892886
87.0 -0.00450085296456
88.0 -0.00434326925004
89.0 -0.00418983065069
90.0 -0.00404089400524
91.0 -0.00389685525328
92.0 -0.00375813257612
93.0 -0.0036251482321
94.0 -0.0034983098872
95.0 -0.00337799229901
96.0 -0.00326452020155
97.0 -0.00315815316758
98.0 -0.0030590731053
99.0 -0.0029673748923
100.0 -0.00288306047537
101.0 -0.00280603658292
102.0 -0.00273611601785
103.0 -0.00267302233038
104.0 -0.00261639752148
105.0 -0.0025658123033
106.0 -0.00252077834966
107.0 -0.00248076191192
108.0 -0.00244519815482
109.0 -0.00241350558361
110.0 -0.00238509998378
111.0 -0.00235940737236
112.0 -0.00233587555656
113.0 -0.00231398400347
114.0 -0.0022932518351
115.0 -0.00227324386886
116.0 -0.00225357471903
117.0 -0.00223391105535
118.0 -0.00221397217866
119.0 -0.00219352911883
120.0 -0.00217240248917
121.0 -0.00215045934458
122.0 -0.0021276092905
123.0 -0.00210380007927
124.0 -0.00207901291095
125.0 -0.00205325763087
126.0 -0.00202656798661
127.0 -0.00199899707685
128.0 -0.0019706130936
129.0 -0.00194149543041
130.0 -0.00191173120272
131.0 -0.00188141220377
132.0 -0.00185063229952
133.0 -0.00181948525072
134.0 -0.00178806293812
135.0 -0.00175645395816
136.0 -0.00172474255156
137.0 -0.00169300782492
138.0 -0.00166132322506
139.0 -0.00162975622797
140.0 -0.00159836820602
141.0 -0.00156721444056
142.0 -0.0015363442499
143.0 -0.00150580120568
144.0 -0.00147562341405
145.0 -0.00144584384122
146.0 -0.00141649066626
147.0 -0.00138758764737
148.0 -0.00135915449088
149.0 -0.00133120721512
150.0 -0.00130375850331
151.0 -0.0012768180415
152.0 -0.00125039283859
153.0 -0.00122448752646
154.0 -0.0011991046386
155.0 -0.0011742448663
156.0 -0.00114990729205
157.0 -0.00112608960019
158.0 -0.00110278826573
159.0 -0.00107999872246
160.0 -0.00105771551212
161.0 -0.00103593241626
162.0 -0.0010146425726
163.0 -0.000993838577346
164.0 -0.000973512574969
165.0 -0.000953656336463
166.0 -0.000934261327361
167.0 -0.000915318766606
168.0 -0.000896819677542
169.0 -0.000878754932348
170.0 -0.000861115291243
171.0 -0.000843891437711
172.0 -0.000827074010799
173.0 -0.00081065363529
174.0 -0.000794620950284
175.0 -0.00077896663646
176.0 -0.000763681442128
177.0 -0.000748756208011
178.0 -0.000734181890674
179.0 -0.000719949584432
180.0 -0.000706050541531
181.0 -0.000692476190355
182.0 -0.000679218151324
183.0 -0.000666268250117
184.0 -0.000653618527835
185.0 -0.000641261247734
186.0 -0.000629188898282
187.0 -0.000617394192445
188.0 -0.000605870063271
189.0 -0.000594609656086
190.0 -0.000583606317767
191.0 -0.00057285358372
192.0 -0.000562345163303
193.0 -0.000552074924463
194.0 -0.000542036878377
195.0 -0.000532225164858
196.0 -0.000522634039203
197.0 -0.000513257861099
198.0 -0.000504091086068
199.0 -0.000495128259811
200.0 -0.00048636401565
201.0 -0.00047779307509
202.0 -0.000469410251363
203.0 -0.000461210455626
204.0 -0.000453188705334
205.0 -0.000445340134202
206.0 -0.000437660003049
207.0 -0.000430143710807
208.0 -0.000422786804953
209.0 -0.000415584990666
210.0 -0.000408534138079
211.0 -0.000401630287094
212.0 -0.000394869649329
213.0 -0.000388248606919
214.0 -0.000381763708005
215.0 -0.000375411658914
216.0 -0.000369189313163
217.0 -0.000363093657581
218.0 -0.000357121795962
219.0 -0.000351270930817
220.0 -0.000345538343845
221.0 -0.000339921375891
222.0 -0.000334417407138
223.0 -0.000329023838355
224.0 -0.000323738073962
225.0 -0.000318557507646
226.0 -0.000313479511174
227.0 -0.000308501426916
228.0 -0.000303620564481
229.0 -0.000298834201662
230.0 -0.000294139589763
231.0 -0.000289533963144
232.0 -0.000285014552662
233.0 -0.00028057860252
234.0 -0.00027622338985
235.0 -0.000271946246258
236.0 -0.00026774458045
237.0 -0.000263615901004
238.0 -0.000259557838366
239.0 -0.000255568165143
240.0 -0.000251644813887
241.0 -0.000247785891652
242.0 -0.000243989690755
243.0 -0.000240254695348
244.0 -0.000236579583581
245.0 -0.000232963225324
246.0 -0.000229404675575
247.0 -0.00022590316388
248.0 -0.000222458080168
249.0 -0.000219068957576
250.0 -0.000215735452871
251.0 -0.000212457325151
252.0 -0.000209234413487
253.0 -0.000206066614197
254.0 -0.00020295385836
255.0 -0.000199896090144
256.0 -0.000196893246431
257.0 -0.000193945238151
258.0 -0.000191051933636
259.0 -0.000188213144237
260.0 -0.000185428612351
261.0 -0.000182698001946
262.0 -0.000180020891595
263.0 -0.000177396769994
264.0 -0.000174825033885
265.0 -0.000172304988259
266.0 -0.000169835848702
267.0 -0.000167416745713
268.0 -0.000165046730779
269.0 -0.000162724784006
270.0 -0.000160449823063
271.0 -0.000158220713169
272.0 -0.00015603627787
273.0 -0.000153895310308
274.0 -0.000151796584689
275.0 -0.000149738867672
276.0 -0.000147720929365
277.0 -0.000145741553678
278.0 -0.000143799547766
279.0 -0.000141893750337
280.0 -0.000140023038659
281.0 -0.000138186334107
282.0 -0.000136382606178
283.0 -0.000134610874946
284.0 -0.000132870211972
285.0 -0.000131159739756
286.0 -0.000129478629865
287.0 -0.000127826099907
288.0 -0.000126201409555
289.0 -0.000124603855869
290.0 -0.000123032768159
291.0 -0.000121487502637
292.0 -0.00011996743711
293.0 -0.000118471965942
294.0 -0.000117000495474
295.0 -0.000115552440086
296.0 -0.000114127219012
297.0 -0.000112724254009
298.0 -0.000111342967898
299.0 -0.000109982784016
