10.0 0.006698235847404556
11.0 0.006283829986173854
12.0 0.005894040156801552
13.0 0.005527733854389203
14.0 0.005184739013377422
15.0 0.004865429092517852
16.0 0.004570169581002605
17.0 0.004298866079945749
18.0 0.004050802075257581
19.0 0.003824718273627646
20.0 0.00361896782639301
21.0 0.003431661690256717
22.0 0.003260799170808754
23.0 0.00310438921412767
24.0 0.0029605558666086712
25.0 0.002827614234438224
26.0 0.002704107193741738
27.0 0.002588806278839203
28.0 0.002480691692728167
29.0 0.002378926218160078
30.0 0.002282829044424673
31.0 0.0021918493562403645
32.0 0.002105540033770292
33.0 0.0020235340004446717
34.0 0.0019455254473274967
35.0 0.0018712559181742582
36.0 0.001800503396679889
37.0 0.001733072758960084
38.0 0.00166878779075868
39.0 0.0016074859903889758
40.0 0.0015490161806620442
41.0 0.0014932371986017714
42.0 0.0014400160376768897
43.0 0.0013892256260916868
44.0 0.0013407435840057163
45.0 0.0012944525020399944
46.0 0.0012502407904908378
47.0 0.0012080028849261342
48.0 0.0011676386756170353
49.0 0.0011290529450355762
50.0 0.0010921553501081894
51.0 0.0010568606689709107
52.0 0.0010230887597690314
53.0 0.0009907641438532825
54.0 0.0009598156065226441
55.0 0.0009301761464649404
56.0 0.0009017832001948471
57.0 0.0008745788433308837
58.0 0.00084850980192223
59.0 0.0008235273348119275
60.0 0.0007995870882800861
61.0 0.0007766488786307847
62.0 0.0007546762325956593
63.0 0.0007336355554575887
64.0 0.0007134949596400232
65.0 0.0006942229220430667
66.0 0.0006757869440677382
67.0 0.0006581522863070766
68.0 0.0006412807480682719
69.0 0.0006251294552155388
70.0 0.0006096497178764448
71.0 0.0005947861502224415
72.0 0.0005804763206501304
73.0 0.0005666511870622225
74.0 0.0005532364959649514
75.0 0.0005401552297349511
76.0 0.0005273310849112286
77.0 0.0005146928323255627
78.0 0.0005021792317938486
79.0 0.0004897439801124526
80.0 0.00047736002923617525
81.0 0.0004650225833184081
82.0 0.0004527501873036732
83.0 0.0004405835323248291
84.0 0.0004285818849477163
85.0 0.00041681736280055386
86.0 0.00040536759357832095
87.0 0.0003943075624009543
88.0 0.000383701619917463
89.0 0.0003735966469625386
90.0 0.0003640172389322607
91.0 0.0003549635085856579
92.0 0.00034641175786334166
93.0 0.00033831789228562075
94.0 0.00033062309650381183
95.0 0.00032326100179137
96.0 0.0003161653945159068
97.0 0.0003092774666144094
98.0 0.00030255170339605654
99.0 0.00029595972492874945
100.0 0.0002894917067206088
101.0 0.00028315535126013767
102.0 0.00027697270918378283
103.0 0.0002709754096275901
104.0 0.0002651990206812482
105.0 0.00025967730871859245
106.0 0.0002544371050105828
107.0 0.00024949434074389085
108.0 0.0002448516086454186
109.0 0.0002404973853441718
110.0 0.0002364068355532816
111.0 0.00023254394332572432
112.0 0.00022886459506543598
113.0 0.00022532018215168685
114.0 0.00022186129634544646
115.0 0.00021844114776973912
116.0 0.00021501842594317042
117.0 0.00021155942962966686
118.0 0.00020803939378328281
119.0 0.00020444302932892062
120.0 0.0002007643575925727
121.0 0.00019700596452186314
122.0 0.0001931778222213669
123.0 0.00018929583008843036
124.0 0.00018538021887293225
125.0 0.00018145394242470526
126.0 0.00017754115788627347
127.0 0.00017366586943862023
128.0 0.00016985078633706055
129.0 0.00016611642452024142
130.0 0.00016248046288404476
131.0 0.00015895734987988317
132.0 0.00015555814274945568
133.0 0.00015229055019376096
134.0 0.0001491591400107666
135.0 0.00014616566714409663
136.0 0.00014330947562078879
137.0 0.00014058793048207866
138.0 0.0001379968426423325
139.0 0.00013553085938896084
140.0 0.00013318380413667878
141.0 0.00013094895918975912
142.0 0.00012881929320081168
143.0 0.00012678764004121326
144.0 0.0001248468379820641
145.0 0.00012298983805119118
146.0 0.00012120978904538086
147.0 0.00011950010474656285
148.0 0.00011785451699589506
149.0 0.00011626711673783032
150.0 0.00011473238407679271
151.0 0.00011324520780841057
152.0 0.00011180089477360596
153.0 0.00011039516968787492
154.0 0.0001090241667136395
155.0 0.00010768441477736224
156.0 0.000106372819213079
157.0 0.00010508664245361887
158.0 0.00010382348599364889
159.0 0.00010258127470853482
160.0 0.00010135824306044514
161.0 0.00010015292118465129
162.0 9.8964117822187e-05
163.0 9.779089695048884e-05
164.0 9.663254591422784e-05
165.0 9.548853470571935e-05
166.0 9.435846833050333e-05
167.0 9.32420363022352e-05
168.0 9.213896464873748e-05
169.0 9.104897598252597e-05
170.0 8.99717621091057e-05
171.0 8.8906971557655e-05
172.0 8.785421181907395e-05
173.0 8.681306357886224e-05
174.0 8.57831024038647e-05
175.0 8.476392256204602e-05
176.0 8.375515802971795e-05
177.0 8.27564970928378e-05
178.0 8.176768887758766e-05
179.0 8.07885421440841e-05
180.0 7.981891827291108e-05
181.0 7.885872124804242e-05
182.0 7.790788749522182e-05
183.0 7.696637779705846e-05
184.0 7.603417245666066e-05
185.0 7.511126975647175e-05
186.0 7.419768684643561e-05
187.0 7.329346166790657e-05
188.0 7.239865441449865e-05
189.0 7.151334727828854e-05
190.0 7.063764170271392e-05
191.0 6.977165292905404e-05
192.0 6.891550217247105e-05
193.0 6.806930721822757e-05
194.0 6.723317253384379e-05
195.0 6.640718010760288e-05
196.0 6.55913821222324e-05
197.0 6.47857962571533e-05
198.0 6.399040392984578e-05
199.0 6.320515123341559e-05
200.0 6.242995183734783e-05
201.0 6.166469082929e-05
202.0 6.090922848424518e-05
203.0 6.0163403271165525e-05
204.0 5.942703396618438e-05
205.0 5.869992137489364e-05
206.0 5.798185067187349e-05
207.0 5.727259556315195e-05
208.0 5.657192526335889e-05
209.0 5.587961466571732e-05
210.0 5.5195457200332805e-05
211.0 5.4519278943717596e-05
212.0 5.385095181110736e-05
213.0 5.319040334907173e-05
214.0 5.253762087196599e-05
215.0 5.1892648447199355e-05
216.0 5.1255576397135936e-05
217.0 5.062652431727954e-05
218.0 5.000561983437365e-05
219.0 4.939297618637765e-05
220.0 4.878867201688452e-05
221.0 4.8192736471342395e-05
222.0 4.760514181792605e-05
223.0 4.702580455821568e-05
224.0 4.6454594579952526e-05
225.0 4.58913505965971e-05
226.0 4.533589914837359e-05
227.0 4.478807396796941e-05
228.0 4.4247732604238855e-05
229.0 4.371476780690472e-05
230.0 4.3189112169762075e-05
231.0 4.267073571131576e-05
232.0 4.2159637219736443e-05
233.0 4.165583110367e-05
234.0 4.1159332030345184e-05
235.0 4.067013973913695e-05
236.0 4.0188226122501605e-05
237.0 3.9713526072987606e-05
238.0 3.924593285689685e-05
239.0 3.8785298052662326e-05
240.0 3.833143551695132e-05
241.0 3.788412849010469e-05
242.0 3.744313883481419e-05
243.0 3.700821746907554e-05
244.0 3.6579115221159155e-05
245.0 3.615559350849493e-05
246.0 3.573743435384241e-05
247.0 3.532444927171306e-05
248.0 3.491648650277348e-05
249.0 3.451343599770676e-05
250.0 3.4115231525241275e-05
251.0 3.3721849364703006e-05
252.0 3.333330327561069e-05
253.0 3.294963580844147e-05
254.0 3.2570906482887323e-05
255.0 3.219717783268232e-05
256.0 3.182850070680683e-05
257.0 3.146490044178574e-05
258.0 3.110636552286955e-05
259.0 3.0752840117260474e-05
260.0 3.0404221417926087e-05
261.0 3.006036214763703e-05
262.0 2.9721077930421226e-05
263.0 2.938615864039493e-05
264.0 2.9055382374860987e-05
265.0 2.8728530433712653e-05
266.0 2.8405401650124042e-05
267.0 2.8085824600201153e-05
268.0 2.7769666579894317e-05
269.0 2.7456838709920585e-05
270.0 2.7147297036139178e-05
271.0 2.6841039958704032e-05
272.0 2.6538102687903576e-05
273.0 2.623854965043733e-05
274.0 2.5942465845771626e-05
275.0 2.5649948091608823e-05
276.0 2.536109693235856e-05
277.0 2.507600975695575e-05
278.0 2.4794775425687e-05
279.0 2.451747047676809e-05
280.0 2.4244156797974548e-05
281.0 2.397488051959331e-05
282.0 2.3709671813847042e-05
283.0 2.3448545266146118e-05
284.0 2.3191500504231344e-05
285.0 2.2938522821001793e-05
286.0 2.2689583595543086e-05
287.0 2.2444640396651754e-05
288.0 2.2203636737687276e-05
289.0 2.1966501534981967e-05
290.0 2.1733148397941278e-05
291.0 2.1503474940259478e-05
292.0 2.1277362341032104e-05
293.0 2.1054675395830848e-05
294.0 2.0835263277463276e-05
295.0 2.061896117461192e-05
296.0 2.0405592898564597e-05
297.0 2.019497445264812e-05
298.0 1.998691845722307e-05
299.0 1.9781239227620592e-05
