10.0 0.014479365354188806
11.0 0.013507621243233698
12.0 0.012618843177841349
13.0 0.011809109865412898
14.0 0.011071675615284056
15.0 0.010398451831589373
16.0 0.009781050686332471
17.0 0.009211408944582755
18.0 0.00868227501613116
19.0 0.008187567328561766
20.0 0.0077224563702260685
21.0 0.007283201672372471
22.0 0.006866903403430857
23.0 0.006471287261646023
24.0 0.0060945584448710574
25.0 0.005735305318126947
26.0 0.005392419180534644
27.0 0.005065015693141617
28.0 0.004752367361610291
29.0 0.004453858870079587
30.0 0.004168962146521248
31.0 0.003897219028256163
32.0 0.0036382245830653636
33.0 0.0033916122278740564
34.0 0.003157043496443579
35.0 0.0029342019601563797
36.0 0.002722787702329523
37.0 0.0025225097102250507
38.0 0.0023330777365469578
39.0 0.0021541973558653693
40.0 0.0019855691119029244
41.0 0.0018268885870351473
42.0 0.001677844318500042
43.0 0.0015381143838661161
44.0 0.0014073649476594261
45.0 0.0012852521857343985
46.0 0.0011714255987461315
47.0 0.0010655300644375498
48.0 0.0009672063273437561
49.0 0.0008760916335817526
50.0 0.0007918216629028249
51.0 0.0007140330987779423
52.0 0.0006423655734256284
53.0 0.0005764627529877528
54.0 0.0005159733924274431
55.0 0.0004605530558847396
56.0 0.00040986631328364024
57.0 0.00036358874828335957
58.0 0.00032140843104086313
59.0 0.00028302704002772656
60.0 0.0002481609254228399
61.0 0.0002165420940882358
62.0 0.00018791881941319656
63.0 0.0001620556625980751
64.0 0.00013873303735705879
65.0 0.00011774671895540437
66.0 9.890765718424514e-05
67.0 8.20421476632069e-05
68.0 6.699208932543924e-05
69.0 5.361493012853885e-05
70.0 4.178301755406638e-05
71.0 3.1382288414725186e-05
72.0 2.231038515530815e-05
73.0 1.4474317396765626e-05
74.0 7.787773777903757e-06
75.0 2.1682304183429686e-06
76.0 -2.465890932556542e-06
77.0 -6.197675892184136e-06
78.0 -9.113464215181353e-06
79.0 -1.1303701642506987e-05
80.0 -1.2862861444415494e-05
81.0 -1.3888499372488383e-05
82.0 -1.4479542010966785e-05
83.0 -1.4733930057754169e-05
84.0 -1.4745785239544213e-05
85.0 -1.4602334684928082e-05
86.0 -1.4380872415224317e-05
87.0 -1.414604185572892e-05
88.0 -1.3947696740390674e-05
89.0 -1.3819562956959079e-05
90.0 -1.377888481266155e-05
91.0 -1.382717725222988e-05
92.0 -1.395210274155826e-05
93.0 -1.4130354806862584e-05
94.0 -1.4331292843334884e-05
95.0 -1.4520973727648668e-05
96.0 -1.4666187166605255e-05
97.0 -1.4738121914588271e-05
98.0 -1.471535229983686e-05
99.0 -1.4585920342995089e-05
100.0 -1.4348384828558377e-05
101.0 -1.4011806739941223e-05
102.0 -1.3594734354369232e-05
103.0 -1.312333524536641e-05
104.0 -1.2628890779649977e-05
105.0 -1.2144915897523069e-05
106.0 -1.1704188067729103e-05
107.0 -1.1335961370617699e-05
108.0 -1.1063605896844067e-05
109.0 -1.090285531340337e-05
110.0 -1.0860776126930391e-05
111.0 -1.093550020027241e-05
112.0 -1.1116693715257693e-05
113.0 -1.1386674150658524e-05
114.0 -1.1722034305566048e-05
115.0 -1.2095592908835342e-05
116.0 -1.2478470641746144e-05
117.0 -1.2842093478046647e-05
118.0 -1.3159953066593011e-05
119.0 -1.3409001543635013e-05
120.0 -1.357061596543919e-05
121.0 -1.3631124314358733e-05
122.0 -1.3581931714332821e-05
123.0 -1.341931729586414e-05
124.0 -1.3143988424303669e-05
125.0 -1.2760481685695054e-05
126.0 -1.2276491956562377e-05
127.0 -1.1702194980875266e-05
128.0 -1.1049608190050417e-05
129.0 -1.0332012563186487e-05
130.0 -9.563439062017883e-06
131.0 -8.7582101548107e-06
132.0 -7.930522276202628e-06
133.0 -7.0940585850615475e-06
134.0 -6.261630558416454e-06
135.0 -5.444857716494805e-06
136.0 -4.653902840569617e-06
137.0 -3.8972823712271036e-06
138.0 -3.1817673576320384e-06
139.0 -2.512380734804963e-06
140.0 -1.8924847902437945e-06
141.0 -1.3239418286448483e-06
142.0 -8.073239174699651e-07
143.0 -3.421454156645203e-07
144.0 7.290557037238552e-08
145.0 4.3975502539239666e-07
146.0 7.607613977815372e-07
147.0 1.038569039589242e-06
148.0 1.275995863985963e-06
149.0 1.4759507267797236e-06
150.0 1.6413741049464045e-06
151.0 1.7751951814606275e-06
152.0 1.880299174693145e-06
153.0 1.959500397608187e-06
154.0 2.01551876600871e-06
155.0 2.050959835578333e-06
156.0 2.0683003473680416e-06
157.0 2.0698821075138494e-06
158.0 2.057916428178509e-06
159.0 2.034499326348246e-06
160.0 2.0016347246115635e-06
161.0 1.9612599382240223e-06
162.0 1.915265819804985e-06
163.0 1.8655039055458118e-06
164.0 1.8137750743581987e-06
165.0 1.7617982259735736e-06
166.0 1.7111623376017395e-06
167.0 1.6632696844579386e-06
168.0 1.6192807887816497e-06
169.0 1.5800720081700224e-06
170.0 1.546214457469345e-06
171.0 1.5179787309334382e-06
172.0 1.4953647181373274e-06
173.0 1.4781509649996756e-06
174.0 1.4659546672052977e-06
175.0 1.4582922237385515e-06
176.0 1.4546314621773052e-06
177.0 1.4544297184181209e-06
178.0 1.4571560079202723e-06
179.0 1.4622994730800572e-06
180.0 1.4693691555756445e-06
181.0 1.4778913155676298e-06
182.0 1.4874098975840023e-06
183.0 1.4974937063789855e-06
184.0 1.5077511109264257e-06
185.0 1.517850434730334e-06
186.0 1.5275422661668996e-06
187.0 1.53667908960549e-06
188.0 1.5452279235220976e-06
189.0 1.5532728232245893e-06
190.0 1.5610057972176527e-06
191.0 1.5687065217047187e-06
192.0 1.5767129094756387e-06
193.0 1.5853858806599658e-06
194.0 1.59507245257941e-06
195.0 1.6060714288684647e-06
196.0 1.6186054932190175e-06
197.0 1.632802446535206e-06
198.0 1.6486868194909275e-06
199.0 1.66618141023878e-06
200.0 1.6851167827321194e-06
201.0 1.7052457588134917e-06
202.0 1.7262596909619798e-06
203.0 1.7478038698648331e-06
204.0 1.7694906346168982e-06
205.0 1.7909102530585904e-06
206.0 1.8116409678027175e-06
207.0 1.8312603373920303e-06
208.0 1.849359883003834e-06
209.0 1.865564067432794e-06
210.0 1.879553032063328e-06
211.0 1.891086742327347e-06
212.0 1.900026761089721e-06
213.0 1.9063512338494954e-06
214.0 1.9101590891060706e-06
215.0 1.91166092694764e-06
216.0 1.911156316680933e-06
217.0 1.9089997763609566e-06
218.0 1.9055600027359594e-06
219.0 1.9011784448626686e-06
220.0 1.8961337179694467e-06
221.0 1.8906175254117443e-06
222.0 1.8847258436840149e-06
223.0 1.8784664969923812e-06
224.0 1.871781410232908e-06
225.0 1.8645793202763357e-06
226.0 1.8567730075014723e-06
227.0 1.848314482428148e-06
228.0 1.8392221118656958e-06
229.0 1.8295952580244057e-06
230.0 1.8196143058737941e-06
231.0 1.8095265208627518e-06
232.0 1.7996205319946252e-06
233.0 1.790193957944103e-06
234.0 1.781519512481578e-06
235.0 1.7738147570386297e-06
236.0 1.7672196282871588e-06
237.0 1.7617842359652939e-06
238.0 1.757467573037253e-06
239.0 1.7541460848808126e-06
240.0 1.751629806809032e-06
241.0 1.749683162050991e-06
242.0 1.748047517256782e-06
243.0 1.746463080267994e-06
244.0 1.744688467631699e-06
245.0 1.7425170215124044e-06
246.0 1.7397895214658953e-06
247.0 1.7364032169591367e-06
248.0 1.732317114240938e-06
249.0 1.727553292617583e-06
250.0 1.7221938572313017e-06
251.0 1.7163731114074713e-06
252.0 1.7102647526937731e-06
253.0 1.7040643812249912e-06
254.0 1.6979682872246877e-06
255.0 1.692150217273021e-06
256.0 1.6867384347289694e-06
257.0 1.681795727579277e-06
258.0 1.6773049663891145e-06
259.0 1.6731623417618458e-06
260.0 1.6691795651395785e-06
261.0 1.6650952233751785e-06
262.0 1.660594309506874e-06
263.0 1.6553338975704408e-06
264.0 1.6489721553148738e-06
265.0 1.6411975122087038e-06
266.0 1.6317548685192868e-06
267.0 1.6204662172766021e-06
268.0 1.6072438612746403e-06
269.0 1.59209540238651e-06
270.0 1.5751207015076588e-06
271.0 1.5565019045600003e-06
272.0 1.536488286908925e-06
273.0 1.5153780189205385e-06
274.0 1.4934989885307493e-06
275.0 1.4711905727356338e-06
276.0 1.4487878060220316e-06
277.0 1.4266088457252447e-06
278.0 1.4049460769621146e-06
279.0 1.3840607112971717e-06
280.0 1.3641803650130939e-06
281.0 1.3454988767698986e-06
282.0 1.328177536678971e-06
283.0 1.3123469275764864e-06
284.0 1.2981086939787216e-06
285.0 1.2855367236397141e-06
286.0 1.2746774241297164e-06
287.0 1.2655489819974966e-06
288.0 1.25813968978404e-06
289.0 1.252405604173411e-06
290.0 1.2482679452878428e-06
291.0 1.24561075067384e-06
292.0 1.244279346467564e-06
293.0 1.2440801839906305e-06
294.0 1.2447825094712363e-06
295.0 1.246122192303314e-06
296.0 1.2478078462140766e-06
297.0 1.2495291581112988e-06
298.0 1.250967116068128e-06
299.0 1.251805626409756e-06
