10.0 0.00650669120834
11.0 0.00609045577128
12.0 0.00571083103367
13.0 0.00536429552914
14.0 0.00504736835699
15.0 0.00475692947352
16.0 0.00449023640068
17.0 0.00424481415622
18.0 0.00401841628303
19.0 0.0038090606302
20.0 0.00361503938894
21.0 0.00343487676951
22.0 0.00326727300567
23.0 0.00311106656223
24.0 0.0029652195297
25.0 0.00282881365286
26.0 0.0027010421876
27.0 0.00258119319708
28.0 0.00246863098305
29.0 0.00236278310267
30.0 0.00226313319138
31.0 0.00216921529765
32.0 0.00208060742366
33.0 0.00199692533774
34.0 0.00191781826726
35.0 0.00184296638803
36.0 0.00177207849913
37.0 0.00170488864344
38.0 0.00164115231432
39.0 0.00158064389466
40.0 0.00152315572992
41.0 0.00146849742393
42.0 0.00141649399223
43.0 0.00136698326038
44.0 0.00131981400576
45.0 0.00127484550033
46.0 0.00123194758565
47.0 0.00119100012055
48.0 0.00115189170178
49.0 0.00111451845744
50.0 0.00107878345382
51.0 0.00104459643213
52.0 0.00101187331715
53.0 0.000980535405002
54.0 0.000950508619689
55.0 0.000921723167657
56.0 0.000894113516273
57.0 0.000867618399456
58.0 0.000842180688671
59.0 0.000817747201009
60.0 0.000794268563998
61.0 0.000771699119065
62.0 0.000749996725455
63.0 0.000729122367377
64.0 0.000709039624075
65.0 0.000689714183946
66.0 0.000671113566651
67.0 0.000653207083973
68.0 0.000635965929968
69.0 0.000619363241771
70.0 0.000603374028558
71.0 0.000587974962942
72.0 0.000573144088495
73.0 0.00055886049387
74.0 0.000545103973999
75.0 0.000531854690433
76.0 0.000519092865131
77.0 0.000506798560989
78.0 0.000494951583682
79.0 0.000483531487303
80.0 0.000472517619964
81.0 0.000461889139567
82.0 0.000451624964338
83.0 0.000441703668565
84.0 0.000432103364012
85.0 0.00042280161624
86.0 0.000413775441995
87.0 0.00040500142593
88.0 0.000396455978431
89.0 0.000388115726639
90.0 0.000379957993872
91.0 0.00037196129556
92.0 0.000364105777604
93.0 0.000356373547134
94.0 0.000348748882816
95.0 0.000341218344076
96.0 0.000333770814513
97.0 0.00032639751349
98.0 0.000319091997813
99.0 0.000311850160387
100.0 0.000304670220071
101.0 0.000297552689392
102.0 0.000290500304638
103.0 0.000283517905572
104.0 0.000276612257676
105.0 0.000269791816643
106.0 0.000263066441388
107.0 0.000256447067313
108.0 0.000249945355393
109.0 0.000243573333894
110.0 0.00023734304766
111.0 0.000231266225164
112.0 0.000225353968011
113.0 0.000219616463967
114.0 0.000214062724938
115.0 0.000208700355356
116.0 0.000203535361746
117.0 0.000198572017491
118.0 0.000193812795476
119.0 0.000189258375293
120.0 0.000184907722762
121.0 0.000180758230623
122.0 0.000176805902808
123.0 0.000173045561762
124.0 0.000169471058795
125.0 0.000166075470587
126.0 0.000162851269847
127.0 0.000159790464157
128.0 0.000156884703486
129.0 0.000154125362877
130.0 0.000151503611244
131.0 0.000149010478919
132.0 0.000146636934987
133.0 0.000144373980757
134.0 0.00014221275924
135.0 0.000140144673947
136.0 0.000138161505634
137.0 0.000136255513992
138.0 0.000134419513042
139.0 0.000132646913461
140.0 0.000130931730754
141.0 0.000129268563595
142.0 0.000127652550423
143.0 0.000126079314005
144.0 0.000124544903096
145.0 0.000123045738358
146.0 0.000121578566904
147.0 0.00012014042719
148.0 0.000118728623759
149.0 0.000117340709937
150.0 0.00011597447581
151.0 0.000114627938804
152.0 0.000113299334537
153.0 0.000111987106476
154.0 0.000110689893935
155.0 0.000109406518964
156.0 0.000108135973516
157.0 0.000106877408549
158.0 0.000105630126379
159.0 0.000104393576637
160.0 0.000103167354797
161.0 0.000101951200942
162.0 0.00010074499556
163.0 9.95487491886e-05
164.0 9.83625837331e-05
165.0 9.7186705055e-05
166.0 9.60213686127e-05
167.0 9.48668418576e-05
168.0 9.37233682812e-05
169.0 9.2591138088e-05
170.0 9.14702694034e-05
171.0 9.0360801971e-05
172.0 8.92627029323e-05
173.0 8.81758820902e-05
174.0 8.71002125393e-05
175.0 8.60355520364e-05
176.0 8.49817610225e-05
177.0 8.39387146003e-05
178.0 8.29063076105e-05
179.0 8.18844537374e-05
180.0 8.08730808931e-05
181.0 7.98721256848e-05
182.0 7.88815295306e-05
183.0 7.79012381051e-05
184.0 7.693120459e-05
185.0 7.59713960136e-05
186.0 7.50218010913e-05
187.0 7.40824375739e-05
188.0 7.31533571967e-05
189.0 7.22346468029e-05
190.0 7.13264249276e-05
191.0 7.04288339163e-05
192.0 6.95420283739e-05
193.0 6.86661613037e-05
194.0 6.78013696344e-05
195.0 6.69477609094e-05
196.0 6.61054027069e-05
197.0 6.5274315902e-05
198.0 6.44544722304e-05
199.0 6.36457958929e-05
200.0 6.28481683002e-05
201.0 6.20614346518e-05
202.0 6.1285410968e-05
203.0 6.05198904837e-05
204.0 5.97646488699e-05
205.0 5.90194484278e-05
206.0 5.82840419816e-05
207.0 5.75581775011e-05
208.0 5.68416043986e-05
209.0 5.61340819724e-05
210.0 5.54353897199e-05
211.0 5.4745338426e-05
212.0 5.40637802785e-05
213.0 5.33906159784e-05
214.0 5.27257970063e-05
215.0 5.2069321881e-05
216.0 5.14212262732e-05
217.0 5.07815680002e-05
218.0 5.01504089721e-05
219.0 4.95277968586e-05
220.0 4.89137494287e-05
221.0 4.83082441413e-05
222.0 4.77112146989e-05
223.0 4.71225550771e-05
224.0 4.65421302509e-05
225.0 4.59697916878e-05
226.0 4.54053948878e-05
227.0 4.48488159497e-05
228.0 4.42999643847e-05
229.0 4.37587901078e-05
230.0 4.3225283585e-05
231.0 4.26994692833e-05
232.0 4.21813936544e-05
233.0 4.16711096873e-05
234.0 4.11686604626e-05
235.0 4.06740640999e-05
236.0 4.01873020413e-05
237.0 3.97083119065e-05
238.0 3.92369853241e-05
239.0 3.87731703868e-05
240.0 3.83166778076e-05
241.0 3.78672895588e-05
242.0 3.74247687475e-05
243.0 3.69888696697e-05
244.0 3.655934728e-05
245.0 3.61359656212e-05
246.0 3.57185049795e-05
247.0 3.5306767634e-05
248.0 3.49005820615e-05
249.0 3.44998053787e-05
250.0 3.41043237391e-05
251.0 3.37140504014e-05
252.0 3.33289213128e-05
253.0 3.29488882901e-05
254.0 3.25739102182e-05
255.0 3.22039430384e-05
256.0 3.18389296002e-05
257.0 3.14787906205e-05
258.0 3.11234179779e-05
259.0 3.07726713657e-05
260.0 3.04263789385e-05
261.0 3.00843420897e-05
262.0 2.97463439557e-05
263.0 2.94121607542e-05
264.0 2.90815746962e-05
265.0 2.875438703e-05
266.0 2.84304297891e-05
267.0 2.81095750302e-05
268.0 2.77917407059e-05
269.0 2.74768927642e-05
270.0 2.71650435357e-05
271.0 2.68562468771e-05
272.0 2.65505908505e-05
273.0 2.62481888857e-05
274.0 2.59491704009e-05
275.0 2.56536717591e-05
276.0 2.53618282439e-05
277.0 2.50737675006e-05
278.0 2.47896046365e-05
279.0 2.4509438955e-05
280.0 2.42333521295e-05
281.0 2.39614075094e-05
282.0 2.36936502103e-05
283.0 2.34301076369e-05
284.0 2.31707901348e-05
285.0 2.29156915332e-05
286.0 2.26647894226e-05
287.0 2.24180450994e-05
288.0 2.21754031931e-05
289.0 2.19367910724e-05
290.0 2.17021181889e-05
291.0 2.14712755676e-05
292.0 2.12441356751e-05
293.0 2.10205528936e-05
294.0 2.08003647944e-05
295.0 2.05833943455e-05
296.0 2.0369453104e-05
297.0 2.0158345349e-05
298.0 1.99498730126e-05
299.0 1.97438411796e-05
