10.0 0.0010239053304021061
11.0 -0.0010047592519469007
12.0 -0.002344485248686001
13.0 -0.003034730899831428
14.0 -0.00322561509206223
15.0 -0.0030879440236549786
16.0 -0.0027633165290445925
17.0 -0.0023534326848980987
18.0 -0.001924252995714556
19.0 -0.0015134491182012325
20.0 -0.0011388244498044433
21.0 -0.0008089277585782862
22.0 -0.0005234415632340357
23.0 -0.0002826340252027412
24.0 -8.114711190388679e-05
25.0 8.533107789286623e-05
26.0 0.0002210819346269492
27.0 0.00033027973005507987
28.0 0.00041678827892230113
29.0 0.0004828526060185492
30.0 0.000532553557121756
31.0 0.0005687367914192821
32.0 0.0005924654196431416
33.0 0.0006065653754718598
34.0 0.0006122851211792694
35.0 0.0006112501098864244
36.0 0.000604389169987612
37.0 0.0005932960389393302
38.0 0.0005781586422656146
39.0 0.0005602629785741337
40.0 0.000540230231229022
41.0 0.0005184810980807553
42.0 0.0004955139681415932
43.0 0.00047184059999117806
44.0 0.00044777928368699505
45.0 0.0004236069329712413
46.0 0.0003995670015652706
47.0 0.00037586945267917895
48.0 0.0003526854384339337
49.0 0.0003301524978936775
50.0 0.0003083752653681027
51.0 0.0002874202303190406
52.0 0.0002673731676842632
53.0 0.00024827961486584895
54.0 0.0002301461704130858
55.0 0.00021297130210712602
56.0 0.00019674824600568474
57.0 0.000181463435515275
58.0 0.00016709255532381466
59.0 0.00015360159986704865
60.0 0.00014095053296846375
61.0 0.00012914542386202826
62.0 0.0001182635138782358
63.0 0.00010809755192333419
64.0 9.860228394764533e-05
65.0 8.973504429878334e-05
66.0 8.156332174781465e-05
67.0 7.408236156544707e-05
68.0 6.710722492271696e-05
69.0 6.06047387614054e-05
70.0 5.46955479829544e-05
71.0 4.9311451135887364e-05
72.0 4.4310442568348133e-05
73.0 3.972568076052042e-05
74.0 3.5719433238423064e-05
75.0 3.2048163788456805e-05
76.0 2.873973196084207e-05
77.0 2.6029257005334743e-05
78.0 2.3611681187108373e-05
79.0 2.157797574725243e-05
80.0 2.003712463576115e-05
81.0 1.8721446612076984e-05
82.0 1.7819762730750527e-05
83.0 1.7149635745121136e-05
84.0 1.66393791631864e-05
85.0 1.6313926523019895e-05
86.0 1.6004828260326784e-05
87.0 1.5701676379347558e-05
88.0 1.5322021039995097e-05
89.0 1.4864540228808203e-05
90.0 1.4238504261394027e-05
91.0 1.3549495700273258e-05
92.0 1.2673053391974017e-05
93.0 1.177238159925026e-05
94.0 1.07751216925077e-05
95.0 9.78285904895259e-06
96.0 8.809654489909488e-06
97.0 7.885375495714613e-06
98.0 7.079261219682539e-06
99.0 6.357637324648807e-06
100.0 5.800614726488171e-06
101.0 5.318982734436338e-06
102.0 4.979780913240139e-06
103.0 4.669538934031882e-06
104.0 4.4229288432067186e-06
105.0 4.153965499670388e-06
106.0 3.8135717484312747e-06
107.0 3.445339412830128e-06
108.0 2.876803470614099e-06
109.0 2.30826752839807e-06
110.0 1.5067720318054544e-06
111.0 6.963118284328449e-07
112.0 -2.2276413852841747e-07
113.0 -1.1760929987868683e-06
114.0 -2.115139793473845e-06
115.0 -3.040631440176452e-06
116.0 -3.924697630689473e-06
117.0 -4.662291271532181e-06
118.0 -5.39988491237489e-06
119.0 -5.884271868491131e-06
120.0 -6.334641639273309e-06
121.0 -6.633317584361361e-06
122.0 -6.777491558851616e-06
123.0 -6.905397275620396e-06
124.0 -6.783139947541583e-06
125.0 -6.6608826194627695e-06
126.0 -6.431122978731152e-06
127.0 -6.12272349160057e-06
128.0 -5.809903704287081e-06
129.0 -5.400642844308103e-06
130.0 -4.991381984329126e-06
131.0 -4.5710141849656215e-06
132.0 -4.137551972309617e-06
133.0 -3.704089759653611e-06
134.0 -3.293422456853758e-06
135.0 -2.8876968833734277e-06
136.0 -2.4907121841699405e-06
137.0 -2.1514794283753758e-06
138.0 -1.8122466725808104e-06
139.0 -1.5041568035676277e-06
140.0 -1.2454530771698914e-06
141.0 -9.867493507721555e-07
142.0 -7.752457816930411e-07
143.0 -5.970122813040543e-07
144.0 -4.187787809150674e-07
145.0 -2.94209637839465e-07
146.0 -1.8950783016831818e-07
147.0 -8.480602249717131e-08
148.0 -2.6958054990197953e-08
149.0 2.0279825614731317e-08
150.0 6.751770621966058e-08
151.0 8.00630911971026e-08
152.0 8.610011572859023e-08
153.0 9.213714026007784e-08
154.0 7.421404769181964e-08
155.0 5.0620953681605396e-08
156.0 2.7027859671391153e-08
157.0 -6.74601280133952e-09
158.0 -4.459851452522502e-08
159.0 -8.245101624911052e-08
160.0 -1.2285681574241312e-07
161.0 -1.6529513519746645e-07
162.0 -2.077334546525198e-07
163.0 -2.4941548677637087e-07
164.0 -2.896017044797745e-07
165.0 -3.297879221831781e-07
166.0 -3.6974648405565863e-07
167.0 -4.0535935394567253e-07
168.0 -4.409722238356865e-07
169.0 -4.765850937257004e-07
170.0 -5.07899283423367e-07
171.0 -5.373479450587732e-07
172.0 -5.667966066941794e-07
173.0 -5.933661623321104e-07
174.0 -6.124292036257613e-07
175.0 -6.31492244919412e-07
176.0 -6.505552862130628e-07
177.0 -6.654034410576955e-07
178.0 -6.791175609368081e-07
179.0 -6.928316808159207e-07
180.0 -7.048340326017911e-07
181.0 -7.110492322897999e-07
182.0 -7.172644319778086e-07
183.0 -7.234796316658173e-07
184.0 -7.271229574877562e-07
185.0 -7.290275469300251e-07
186.0 -7.309321363722939e-07
187.0 -7.328367258145628e-07
188.0 -7.331285691655921e-07
189.0 -7.332244245414042e-07
190.0 -7.333202799172163e-07
191.0 -7.330707617021298e-07
192.0 -7.30077498065165e-07
193.0 -7.270842344282e-07
194.0 -7.240909707912351e-07
195.0 -7.206990267555078e-07
196.0 -7.161460118322912e-07
197.0 -7.115929969090747e-07
198.0 -7.070399819858581e-07
199.0 -7.013559378461442e-07
200.0 -6.932850190096414e-07
201.0 -6.852141001731386e-07
202.0 -6.771431813366358e-07
203.0 -6.690493680296075e-07
204.0 -6.609041005524981e-07
205.0 -6.527588330753887e-07
206.0 -6.446135655982793e-07
207.0 -6.368012525201481e-07
208.0 -6.302170861256203e-07
209.0 -6.236329197310926e-07
210.0 -6.170487533365648e-07
211.0 -6.104205385131296e-07
212.0 -6.026098100979436e-07
213.0 -5.947990816827574e-07
214.0 -5.869883532675713e-07
215.0 -5.791776248523852e-07
216.0 -5.722099301658407e-07
217.0 -5.654881759906152e-07
218.0 -5.587664218153897e-07
219.0 -5.520446676401644e-07
220.0 -5.457872896560053e-07
221.0 -5.401548467090659e-07
222.0 -5.345224037621266e-07
223.0 -5.288899608151871e-07
224.0 -5.232575178682478e-07
225.0 -5.185808061940745e-07
226.0 -5.139131453749519e-07
227.0 -5.092454845558292e-07
228.0 -5.045778237367067e-07
229.0 -4.996061489780967e-07
230.0 -4.942851558049924e-07
231.0 -4.889641626318881e-07
232.0 -4.836431694587838e-07
233.0 -4.783221762856795e-07
234.0 -4.726365502532267e-07
235.0 -4.6688587995621597e-07
236.0 -4.6113520965920535e-07
237.0 -4.5538453936219467e-07
238.0 -4.4952487284437364e-07
239.0 -4.42988073931551e-07
240.0 -4.3645127501872826e-07
241.0 -4.299144761059056e-07
242.0 -4.2337767719308287e-07
243.0 -4.175686037236152e-07
244.0 -4.1321369156090286e-07
245.0 -4.0885877939819055e-07
246.0 -4.045038672354782e-07
247.0 -4.001489550727658e-07
248.0 -3.950882587116531e-07
249.0 -3.8909709260743295e-07
250.0 -3.831059265032128e-07
251.0 -3.771147603989926e-07
252.0 -3.7112359429477246e-07
253.0 -3.645007914726408e-07
254.0 -3.570411187704282e-07
255.0 -3.495814460682155e-07
256.0 -3.421217733660028e-07
257.0 -3.3466210066379013e-07
258.0 -3.2795026185923267e-07
259.0 -3.227714691213846e-07
260.0 -3.1759267638353646e-07
261.0 -3.124138836456884e-07
262.0 -3.072350909078403e-07
263.0 -3.0229601068233674e-07
264.0 -2.990732975171572e-07
265.0 -2.9585058435197765e-07
266.0 -2.9262787118679813e-07
267.0 -2.8940515802161856e-07
268.0 -2.8618244485643905e-07
269.0 -2.8399813698044674e-07
270.0 -2.820541385581363e-07
271.0 -2.801101401358259e-07
272.0 -2.781661417135155e-07
273.0 -2.76222143291205e-07
274.0 -2.7413697454551635e-07
275.0 -2.718349600955524e-07
276.0 -2.6953294564558855e-07
277.0 -2.672309311956247e-07
278.0 -2.6492891674566075e-07
279.0 -2.626269022956968e-07
280.0 -2.606441538244031e-07
281.0 -2.587103347591467e-07
282.0 -2.567765156938902e-07
283.0 -2.5484269662863377e-07
284.0 -2.529088775633773e-07
285.0 -2.509587905578937e-07
286.0 -2.4895369922880386e-07
287.0 -2.46948607899714e-07
288.0 -2.4494351657062414e-07
289.0 -2.4293842524153434e-07
290.0 -2.409333339124444e-07
291.0 -2.3870524093552697e-07
292.0 -2.3623114494790688e-07
293.0 -2.3375704896028677e-07
294.0 -2.3128295297266665e-07
295.0 -2.2880885698504656e-07
296.0 -2.2633476099742645e-07
297.0 -2.23900493633727e-07
298.0 -2.214920680560924e-07
299.0 -2.1908364247845779e-07
