10.0 0.052771666431717476
11.0 0.03951917764277869
12.0 0.02896685428442876
13.0 0.02091719582766981
14.0 0.014713135717738893
15.0 0.010038133096705015
16.0 0.006602296741560504
17.0 0.004030959030186398
18.0 0.0021934561868549723
19.0 0.0008867501792697238
20.0 -2.1855329378828265e-05
21.0 -0.0006260370517724652
22.0 -0.0010139102684040286
23.0 -0.001235611341006951
24.0 -0.0013432745747942413
25.0 -0.0013702000088600692
26.0 -0.0013417580694809802
27.0 -0.001276486612161924
28.0 -0.001188354395636686
29.0 -0.001086827663945102
30.0 -0.0009801238335994773
31.0 -0.0008726783102497211
32.0 -0.000768046350373999
33.0 -0.0006686816502164784
34.0 -0.0005758211565600301
35.0 -0.0004902121700564584
36.0 -0.0004126223970702419
37.0 -0.00034222367308848225
38.0 -0.0002798446886610032
39.0 -0.00022452807983125065
40.0 -0.0001757118171773244
41.0 -0.00013330719545140142
42.0 -9.69941261452199e-05
43.0 -6.570237730536503e-05
44.0 -3.901186114772823e-05
45.0 -1.660248409061511e-05
46.0 1.916465921667122e-06
47.0 1.7139622417439783e-05
48.0 2.9486910051634682e-05
49.0 3.9163352229679205e-05
50.0 4.6529361624868405e-05
51.0 5.1835292767047246e-05
52.0 5.561025042861151e-05
53.0 5.802414271243352e-05
54.0 5.926319557586747e-05
55.0 5.9421912726963615e-05
56.0 5.877640894800799e-05
57.0 5.75695854703405e-05
58.0 5.588924995936571e-05
59.0 5.381815133042556e-05
60.0 5.146643018277758e-05
61.0 4.886788964272533e-05
62.0 4.620183911333511e-05
63.0 4.35014322195887e-05
64.0 4.0810545999581285e-05
65.0 3.817267966795596e-05
66.0 3.566398582697515e-05
67.0 3.33650148821366e-05
68.0 3.1237543845790246e-05
69.0 2.929099589083e-05
70.0 2.7632077432390726e-05
71.0 2.6263586789309094e-05
72.0 2.5104260298236116e-05
73.0 2.4170269974244096e-05
74.0 2.346753281540093e-05
75.0 2.289046956402062e-05
76.0 2.2447703859571624e-05
77.0 2.1957842149630996e-05
78.0 2.1383868501173274e-05
79.0 2.06844498965257e-05
80.0 1.9382970668367886e-05
81.0 1.7796442922763408e-05
82.0 1.5669482662076903e-05
83.0 1.3025233210319428e-05
84.0 1.0023839431011501e-05
85.0 6.400150752569703e-06
86.0 2.776430243393687e-06
87.0 -6.813965576069773e-07
88.0 -3.71061433679504e-06
89.0 -6.30381654146717e-06
90.0 -7.639691041528993e-06
91.0 -8.505825021806859e-06
92.0 -7.760182563116624e-06
93.0 -6.783150804153116e-06
94.0 -4.726779404156096e-06
95.0 -2.6990797457537588e-06
96.0 -7.807256338877986e-07
97.0 7.992566733885078e-07
98.0 1.5620055149376974e-06
99.0 1.8163774470750805e-06
100.0 1.0803467132431266e-06
101.0 -1.6930091952901464e-08
102.0 -1.796683697919787e-06
103.0 -3.549088304042466e-06
104.0 -5.2414004377614455e-06
105.0 -6.715319807742227e-06
106.0 -7.491359349908774e-06
107.0 -8.112853987173703e-06
108.0 -7.622370320040101e-06
109.0 -7.1318866529065e-06
110.0 -5.714094447524454e-06
111.0 -4.260617725307593e-06
112.0 -2.6000207987388e-06
113.0 -8.741067761522806e-07
114.0 6.919833141471163e-07
115.0 2.1063840677217968e-06
116.0 3.369860184500756e-06
117.0 4.099695434215649e-06
118.0 4.829530683930543e-06
119.0 4.9600406897563145e-06
120.0 5.010034030238978e-06
121.0 4.801202425354741e-06
122.0 4.328754526820645e-06
123.0 3.842028901925056e-06
124.0 3.1357493726567214e-06
125.0 2.4294698433883872e-06
126.0 1.7011903297641303e-06
127.0 9.568174377944522e-07
128.0 2.1842722924556386e-07
129.0 -3.894341955907958e-07
130.0 -9.972956204271553e-07
131.0 -1.5193130333874836e-06
132.0 -1.9401255210956876e-06
133.0 -2.360938008803892e-06
134.0 -2.6038010700064974e-06
135.0 -2.808086312568706e-06
136.0 -2.9915355841410136e-06
137.0 -3.0373192424843824e-06
138.0 -3.0831029008277516e-06
139.0 -3.0851411127623707e-06
140.0 -3.0178081430758164e-06
141.0 -2.9504751733892625e-06
142.0 -2.8521699786978117e-06
143.0 -2.7320333302160055e-06
144.0 -2.6118966817341993e-06
145.0 -2.4818739463603567e-06
146.0 -2.3481912360244604e-06
147.0 -2.2145085256885637e-06
148.0 -2.083855281845668e-06
149.0 -1.9538880629400013e-06
150.0 -1.8239208440343351e-06
151.0 -1.70502454756037e-06
152.0 -1.5882051715371096e-06
153.0 -1.4713857955138494e-06
154.0 -1.381602039523987e-06
155.0 -1.2982160821732293e-06
156.0 -1.2148301248224718e-06
157.0 -1.150445233946115e-06
158.0 -1.0936725611148673e-06
159.0 -1.0368998882836194e-06
160.0 -9.896342172749816e-07
161.0 -9.499364732086315e-07
162.0 -9.102387291422814e-07
163.0 -8.760066267611886e-07
164.0 -8.525846825204012e-07
165.0 -8.291627382796139e-07
166.0 -8.066546443233785e-07
167.0 -8.015909173251498e-07
168.0 -7.96527190326921e-07
169.0 -7.914634633286923e-07
170.0 -7.88755518641256e-07
171.0 -7.870699291448811e-07
172.0 -7.853843396485063e-07
173.0 -7.809131076622228e-07
174.0 -7.691790429331107e-07
175.0 -7.574449782039988e-07
176.0 -7.457109134748869e-07
177.0 -7.433171014118312e-07
178.0 -7.43436328131248e-07
179.0 -7.435555548506648e-07
180.0 -7.444651628700291e-07
181.0 -7.480468950025603e-07
182.0 -7.516286271350914e-07
183.0 -7.552103592676225e-07
184.0 -7.568553288143595e-07
185.0 -7.57190934161269e-07
186.0 -7.575265395081783e-07
187.0 -7.578621448550877e-07
188.0 -7.515382154178427e-07
189.0 -7.444049901185121e-07
190.0 -7.372717648191817e-07
191.0 -7.294828162963681e-07
192.0 -7.164846171537557e-07
193.0 -7.034864180111433e-07
194.0 -6.904882188685309e-07
195.0 -6.803189187909284e-07
196.0 -6.783881786180098e-07
197.0 -6.764574384450911e-07
198.0 -6.745266982721726e-07
199.0 -6.716027366096867e-07
200.0 -6.665827236629587e-07
201.0 -6.615627107162307e-07
202.0 -6.565426977695027e-07
203.0 -6.510536717248867e-07
204.0 -6.445105623511899e-07
205.0 -6.379674529774931e-07
206.0 -6.314243436037963e-07
207.0 -6.249780432833861e-07
208.0 -6.18888836060714e-07
209.0 -6.12799628838042e-07
210.0 -6.067104216153699e-07
211.0 -6.004284477594862e-07
212.0 -5.889715069532961e-07
213.0 -5.775145661471059e-07
214.0 -5.660576253409157e-07
215.0 -5.546006845347255e-07
216.0 -5.504288410813693e-07
217.0 -5.483822987957994e-07
218.0 -5.463357565102296e-07
219.0 -5.442892142246597e-07
220.0 -5.423209141810831e-07
221.0 -5.404579087657687e-07
222.0 -5.385949033504543e-07
223.0 -5.367318979351399e-07
224.0 -5.348688925198257e-07
225.0 -5.236211668186767e-07
226.0 -5.122845670318731e-07
227.0 -5.009479672450695e-07
228.0 -4.896113674582659e-07
229.0 -4.775218217665413e-07
230.0 -4.645671253841924e-07
231.0 -4.516124290018436e-07
232.0 -4.3865773261949477e-07
233.0 -4.257030362371459e-07
234.0 -4.2544657933597447e-07
235.0 -4.274552711372791e-07
236.0 -4.294639629385838e-07
237.0 -4.314726547398885e-07
238.0 -4.3252553385232914e-07
239.0 -4.27640484746965e-07
240.0 -4.227554356416008e-07
241.0 -4.1787038653623665e-07
242.0 -4.1298533743087245e-07
243.0 -4.0629324623247194e-07
244.0 -3.9599027305190943e-07
245.0 -3.856872998713468e-07
246.0 -3.7538432669078426e-07
247.0 -3.6508135351022175e-07
248.0 -3.573838835825128e-07
249.0 -3.5312137571238895e-07
250.0 -3.488588678422651e-07
251.0 -3.445963599721413e-07
252.0 -3.4033385210201747e-07
253.0 -3.390795356937957e-07
254.0 -3.4181084069831656e-07
255.0 -3.4454214570283743e-07
256.0 -3.4727345070735825e-07
257.0 -3.500047557118792e-07
258.0 -3.5167712729271324e-07
259.0 -3.511787043626536e-07
260.0 -3.5068028143259405e-07
261.0 -3.5018185850253437e-07
262.0 -3.496834355724748e-07
263.0 -3.481157347791052e-07
264.0 -3.3889189086259057e-07
265.0 -3.296680469460759e-07
266.0 -3.2044420302956127e-07
267.0 -3.112203591130466e-07
268.0 -3.0199651519653196e-07
269.0 -2.966630310392726e-07
270.0 -2.922298603127204e-07
271.0 -2.877966895861683e-07
272.0 -2.8336351885961617e-07
273.0 -2.789303481330641e-07
274.0 -2.7542894908868083e-07
275.0 -2.733588047287696e-07
276.0 -2.7128866036885834e-07
277.0 -2.6921851600894704e-07
278.0 -2.671483716490358e-07
279.0 -2.6507822728912455e-07
280.0 -2.6172916361687687e-07
281.0 -2.5818409796977775e-07
282.0 -2.546390323226786e-07
283.0 -2.510939666755795e-07
284.0 -2.4754890102848037e-07
285.0 -2.439571021515102e-07
286.0 -2.4020729127897684e-07
287.0 -2.3645748040644344e-07
288.0 -2.3270766953391005e-07
289.0 -2.2895785866137666e-07
290.0 -2.2520804778884327e-07
291.0 -2.2298640338428425e-07
292.0 -2.2245054720433546e-07
293.0 -2.2191469102438666e-07
294.0 -2.2137883484443787e-07
295.0 -2.2084297866448905e-07
296.0 -2.2030712248454026e-07
297.0 -2.1882080958362676e-07
298.0 -2.1671781709830187e-07
299.0 -2.1461482461297696e-07
