10.0 0.014374239185828936
11.0 0.013414643952415779
12.0 0.012549310845758763
13.0 0.011767353215420481
14.0 0.011056392954619675
15.0 0.010405030685176501
16.0 0.009803770754057443
17.0 0.009244984822552899
18.0 0.008722654826372257
19.0 0.008232148036909285
20.0 0.007769943808279566
21.0 0.007333311159364161
22.0 0.006920031360692981
23.0 0.006528223018053504
24.0 0.006156262267305039
25.0 0.005802753691396351
26.0 0.0054665066882839605
27.0 0.005146499419140961
28.0 0.004841840680079047
29.0 0.004551744243382329
30.0 0.004275515529181122
31.0 0.0040125409209371375
32.0 0.0037622745144158636
33.0 0.0035242246100822077
34.0 0.0032979436058529787
35.0 0.0030830213646953976
36.0 0.0028790788426988575
37.0 0.002685759567659721
38.0 0.002502720619853431
39.0 0.0023296268535668322
40.0 0.0021661492202553457
41.0 0.002011963979810254
42.0 0.0018667497035084876
43.0 0.0017301829084874854
44.0 0.0016019356573103217
45.0 0.0014816765760885487
46.0 0.0013690733150871727
47.0 0.001263793792826733
48.0 0.0011655059088879888
49.0 0.001073877427516611
50.0 0.0009885771874194773
51.0 0.0009092769855194997
52.0 0.000835652879099484
53.0 0.0007673856790178797
54.0 0.0007041614696054285
55.0 0.000645672852400329
56.0 0.0005916207196919297
57.0 0.0005417158846305687
58.0 0.0004956802149105551
59.0 0.0004532474531081398
60.0 0.00041416401922229245
61.0 0.00037818977894921364
62.0 0.0003450984829352885
63.0 0.00031467766584203545
64.0 0.0002867281441067491
65.0 0.00026106352818186724
66.0 0.00023751013152983216
67.0 0.00021590735768287487
68.0 0.00019610831906163853
69.0 0.00017798030851534996
70.0 0.000161404845759763
71.0 0.00014627721814799036
72.0 0.0001325055594384731
73.0 0.00012000950770554743
74.0 0.00010871843561181906
75.0 9.85692613328208e-05
76.0 8.950394584743041e-05
77.0 8.146688309284251e-05
78.0 7.440240973174209e-05
79.0 6.825260018952656e-05
80.0 6.295544469651362e-05
81.0 5.844349887586948e-05
82.0 5.4643134685752085e-05
83.0 5.1474549244938276e-05
84.0 4.885264726986456e-05
85.0 4.6688807657781364e-05
86.0 4.489341767278802e-05
87.0 4.337894586994442e-05
88.0 4.206323677236267e-05
89.0 4.0872645535661964e-05
90.0 3.974460340480708e-05
91.0 3.862924379741556e-05
92.0 3.748984295832277e-05
93.0 3.630202232062222e-05
94.0 3.505187256417076e-05
95.0 3.373333390132095e-05
96.0 3.234526405021233e-05
97.0 3.088863520237103e-05
98.0 2.936423780780766e-05
99.0 2.7771156030036394e-05
100.0 2.610614198990135e-05
101.0 2.4363875833812336e-05
102.0 2.253797546851597e-05
103.0 2.0622528172545532e-05
104.0 1.8613864807883728e-05
105.0 1.6512288290203715e-05
106.0 1.4323498209148896e-05
107.0 1.2059515309100904e-05
108.0 9.738991089223122e-06
109.0 7.3868743950858586e-06
110.0 5.033484281720586e-06
111.0 2.713096827845505e-06
112.0 4.6219005165812926e-07
113.0 -1.6824914602772846e-06
114.0 -3.6858871911193757e-06
115.0 -5.516429077740455e-06
116.0 -7.1475684901259926e-06
117.0 -8.558913190146705e-06
118.0 -9.736907820580263e-06
119.0 -1.0675040905457795e-05
120.0 -1.1373610396389422e-05
121.0 -1.1839120263475724e-05
122.0 -1.2083406741420985e-05
123.0 -1.212260287894759e-05
124.0 -1.197604587123743e-05
125.0 -1.1665216986880726e-05
126.0 -1.1212782553209403e-05
127.0 -1.064177961099393e-05
128.0 -9.974964248624412e-06
129.0 -9.23431715646505e-06
130.0 -8.440682707310129e-06
131.0 -7.613507596386338e-06
132.0 -6.770644127470591e-06
133.0 -5.928190840910458e-06
134.0 -5.100356388566395e-06
135.0 -4.299347006648e-06
136.0 -3.535289189546165e-06
137.0 -2.8162041094287217e-06
138.0 -2.148048054099431e-06
139.0 -1.534825077176713e-06
140.0 -9.787671912947951e-07
141.0 -4.805672515760853e-07
142.0 -3.964291851567997e-08
143.0 3.455919484174256e-07
144.0 6.774696920366612e-07
145.0 9.588407762509697e-07
146.0 1.1928841725240222e-06
147.0 1.3829587248476025e-06
148.0 1.5324929270813154e-06
149.0 1.6449072343892405e-06
150.0 1.7235614321993305e-06
151.0 1.771719436942366e-06
152.0 1.792524898323904e-06
153.0 1.7889828153578354e-06
154.0 1.7639447249366924e-06
155.0 1.7200974159170418e-06
156.0 1.659956997420851e-06
157.0 1.5858709473648032e-06
158.0 1.5000301316226122e-06
159.0 1.4044907585246907e-06
160.0 1.3012033405790107e-06
161.0 1.1920428836824718e-06
162.0 1.0788327435353875e-06
163.0 9.633546837270905e-07
164.0 8.473399160558561e-07
165.0 7.324399110529015e-07
166.0 6.201805635877339e-07
167.0 5.119076134869078e-07
168.0 4.0873386582653144e-07
169.0 3.114989786500038e-07
170.0 2.2075028834945347e-07
171.0 1.3674889431714744e-07
172.0 5.950009091918456e-08
173.0 -1.1197521378647787e-08
174.0 -7.569317007176801e-08
175.0 -1.3442527016333886e-07
176.0 -1.8787172719003477e-07
177.0 -2.3651478861274392e-07
178.0 -2.8082198834917806e-07
179.0 -3.212408039874546e-07
180.0 -3.582018196084262e-07
181.0 -3.921240548589479e-07
182.0 -4.2341677838585927e-07
183.0 -4.524741868577125e-07
184.0 -4.796620944069524e-07
185.0 -5.052984507798845e-07
186.0 -5.296314427157991e-07
187.0 -5.528197782455826e-07
188.0 -5.749194813477126e-07
189.0 -5.958803668001277e-07
190.0 -6.155536875457967e-07
191.0 -6.337106254102731e-07
192.0 -6.50069638971154e-07
193.0 -6.643294071762683e-07
194.0 -6.762033545341763e-07
195.0 -6.854515967073193e-07
196.0 -6.919066314391134e-07
197.0 -6.954901685330101e-07
198.0 -6.96219988799816e-07
199.0 -6.94207379194616e-07
200.0 -6.896471680726978e-07
201.0 -6.828033415297078e-07
202.0 -6.739934222178205e-07
203.0 -6.635741857668938e-07
204.0 -6.519300498586339e-07
205.0 -6.394639597765937e-07
206.0 -6.265892682375965e-07
207.0 -6.13720384447699e-07
208.0 -6.012601003386186e-07
209.0 -5.895824969661455e-07
210.0 -5.790119403384107e-07
211.0 -5.698004499900837e-07
212.0 -5.621071497083103e-07
213.0 -5.559841411862649e-07
214.0 -5.513727235090282e-07
215.0 -5.481124228519903e-07
216.0 -5.459630713322881e-07
217.0 -5.446376542020672e-07
218.0 -5.438413876499641e-07
219.0 -5.433110049116674e-07
220.0 -5.428478613902643e-07
221.0 -5.423393261318641e-07
222.0 -5.417648563768942e-07
223.0 -5.411857842691502e-07
224.0 -5.407206743264281e-07
225.0 -5.405106009771929e-07
226.0 -5.406803877524161e-07
227.0 -5.413024466675621e-07
228.0 -5.423692748636016e-07
229.0 -5.437790451456104e-07
230.0 -5.453363959233922e-07
231.0 -5.467679330610643e-07
232.0 -5.477495807331641e-07
233.0 -5.479411769872947e-07
234.0 -5.470228763417081e-07
235.0 -5.447280793833322e-07
236.0 -5.408686427844273e-07
237.0 -5.353497539791321e-07
238.0 -5.28173711289344e-07
239.0 -5.194335547003903e-07
240.0 -5.092987445984952e-07
241.0 -4.979957229728818e-07
242.0 -4.857862108893837e-07
243.0 -4.72945635222165e-07
244.0 -4.5974336232498953e-07
245.0 -4.4642569001976487e-07
246.0 -4.3320200587101426e-07
247.0 -4.202342568279377e-07
248.0 -4.0762987956045596e-07
249.0 -3.954385057547424e-07
250.0 -3.836529259593206e-07
251.0 -3.7221481682055975e-07
252.0 -3.610255094681643e-07
253.0 -3.499615837959434e-07
254.0 -3.3889438470123587e-07
255.0 -3.2771181127617723e-07
256.0 -3.1634010034349757e-07
257.0 -3.04762972647965e-07
258.0 -2.930355445641466e-07
259.0 -2.8129086537922593e-07
260.0 -2.697377708385704e-07
261.0 -2.586498245222008e-07
262.0 -2.4834627775881935e-07
263.0 -2.3916702910098254e-07
264.0 -2.314443390365081e-07
265.0 -2.254744374712605e-07
266.0 -2.2149210228248378e-07
267.0 -2.196508126941694e-07
268.0 -2.2001028294250104e-07
269.0 -2.2253219742111947e-07
270.0 -2.2708395557795903e-07
271.0 -2.3344934208244533e-07
272.0 -2.4134438109827184e-07
273.0 -2.5043627951829577e-07
274.0 -2.6036332433314915e-07
275.0 -2.707538350994006e-07
276.0 -2.812427080671867e-07
277.0 -2.914846295545905e-07
278.0 -3.0116358889992637e-07
279.0 -3.099988082945062e-07
280.0 -3.1774757678151483e-07
281.0 -3.2420570637269826e-07
282.0 -3.292064227586266e-07
283.0 -3.326184823907328e-07
284.0 -3.3434420147331815e-07
285.0 -3.343179210504832e-07
286.0 -3.3250524203383e-07
287.0 -3.289031647967558e-07
288.0 -3.2354107482152606e-07
289.0 -3.1648234107038866e-07
290.0 -3.0782614889311834e-07
291.0 -2.97709086255515e-07
292.0 -2.8630595223428953e-07
293.0 -2.7382926857040597e-07
294.0 -2.6052705170490475e-07
295.0 -2.4667853960749e-07
296.0 -2.3258775212531894e-07
297.0 -2.1857497573295047e-07
298.0 -2.049664791909521e-07
299.0 -1.9208296083497056e-07
