10.0 0.052302722621659706
11.0 0.03920865243985329
12.0 0.028801367399544756
13.0 0.020866670474086812
14.0 0.014741822183181378
15.0 0.010112488353583837
16.0 0.0066949655740693795
17.0 0.004122206326279388
18.0 0.0022711762631907975
19.0 0.000944997442879716
20.0 1.567528326960669e-05
21.0 -0.0006073892443045611
22.0 -0.001010570855262634
23.0 -0.001242900870589806
24.0 -0.0013564852093698144
25.0 -0.001384882012510925
26.0 -0.0013539577486439817
27.0 -0.0012828790604527943
28.0 -0.0011862691428899364
29.0 -0.0010740876567516507
30.0 -0.000955204227716313
31.0 -0.0008344899939431668
32.0 -0.0007157570750424469
33.0 -0.0006017919177355092
34.0 -0.0004940170650812999
35.0 -0.0003933567706887681
36.0 -0.0003007027522669147
37.0 -0.00021531728923771884
38.0 -0.000138126255417428
39.0 -6.820580803707893e-05
40.0 -5.031196278194416e-06
41.0 5.1427917891889545e-05
42.0 0.00010144127061555986
43.0 0.00014606804907039424
44.0 0.0001856901192663455
45.0 0.000220592282052905
46.0 0.0002511341733496283
47.0 0.0002778817442051549
48.0 0.0003012255768417248
49.0 0.0003213365227678097
50.0 0.0003385479456879687
51.0 0.0003531037445513701
52.0 0.0003655071792034757
53.0 0.0003759199532622186
54.0 0.0003845336823556062
55.0 0.0003914495094302017
56.0 0.0003969548852492639
57.0 0.000401306873664904
58.0 0.00040460941246057085
59.0 0.0004069642252851766
60.0 0.000408504116227838
61.0 0.0004092591705639766
62.0 0.0004093663739251813
63.0 0.00040899158228366105
64.0 0.00040820198141556797
65.0 0.00040705980744591106
66.0 0.0004055791403843468
67.0 0.00040380368659483204
68.0 0.00040179652492661324
69.0 0.00039957026744826343
70.0 0.0003970742172359757
71.0 0.0003942777374392602
72.0 0.00039120237956444167
73.0 0.0003877816079805228
74.0 0.0003836579630699609
75.0 0.00037907655160321916
76.0 0.0003739880186961923
77.0 0.0003677818976907031
78.0 0.0003610070073172262
79.0 0.0003534813778303633
80.0 0.00034478295147277613
81.0 0.00033564223681986687
82.0 0.00032584159226375925
83.0 0.00031582973935936865
84.0 0.0003056720649980008
85.0 0.0002959768521288576
86.0 0.00028673234028657213
87.0 0.000278886903050216
88.0 0.00027227684041417316
89.0 0.0002669235001957315
90.0 0.00026374255523725
91.0 0.0002613732221400583
92.0 0.00026122762657546084
93.0 0.00026136691163853795
94.0 0.0002626242578381841
95.0 0.00026374833138695337
96.0 0.0002643641424431789
97.0 0.0002643575870736425
98.0 0.0002628478962058798
99.0 0.0002603773421333176
100.0 0.0002560348669289196
101.0 0.00025082822785846883
102.0 0.00024398898476157558
103.0 0.00023681966934862133
104.0 0.00022892510395734576
105.0 0.00022115789169175598
106.0 0.00021379763969309033
107.0 0.00020666484689078904
108.0 0.0002011686637952526
109.0 0.0001956724806997162
110.0 0.00019243916805446878
111.0 0.00018929293477423063
112.0 0.00018761841969111928
113.0 0.0001864080233022394
114.0 0.00018574439062053375
115.0 0.00018559969288742774
116.0 0.0001854631471758573
117.0 0.00018535542546501286
118.0 0.00018524770375416842
119.0 0.00018455428946563524
120.0 0.00018378218999947517
121.0 0.00018251299598120315
122.0 0.00018073750523316454
123.0 0.00017890632563755723
124.0 0.00017621879793692632
125.0 0.00017353127023629538
126.0 0.0001704651896188299
127.0 0.00016712219083561393
128.0 0.0001637678368762907
129.0 0.0001601657383478718
130.0 0.00015656363981945292
131.0 0.0001529818488907775
132.0 0.00014942399940040592
133.0 0.00014586614991003437
134.0 0.0001425475997872957
135.0 0.00013928092759294707
136.0 0.00013606506918976903
137.0 0.0001331849432429942
138.0 0.00013030481729621937
139.0 0.00012758496434854511
140.0 0.00012511927105044194
141.0 0.00012265357775233875
142.0 0.00012040415595893154
143.0 0.0001183071778908361
144.0 0.00011621019982274067
145.0 0.00011434469719828772
146.0 0.00011256489019206205
147.0 0.00011078508318583637
148.0 0.00010921154008897323
149.0 0.00010768470560757094
150.0 0.00010615787112616863
151.0 0.00010479521596822216
152.0 0.00010346336107977191
153.0 0.00010213150619132168
154.0 0.00010091203274846968
155.0 9.971915362299681e-05
156.0 9.852627449752393e-05
157.0 9.740458895064626e-05
158.0 9.631142501566908e-05
159.0 9.52182610806919e-05
160.0 9.416589227208165e-05
161.0 9.314599790091306e-05
162.0 9.212610352974448e-05
163.0 9.11227657821935e-05
164.0 9.015217436707381e-05
165.0 8.918158295195414e-05
166.0 8.821267705016348e-05
167.0 8.727594568890865e-05
168.0 8.633921432765382e-05
169.0 8.540248296639899e-05
170.0 8.448721142040529e-05
171.0 8.358125293930343e-05
172.0 8.267529445820155e-05
173.0 8.177740537510532e-05
174.0 8.090055513251448e-05
175.0 8.002370488992366e-05
176.0 7.914685464733281e-05
177.0 7.828120201512084e-05
178.0 7.741856215249434e-05
179.0 7.655592228986786e-05
180.0 7.569718903547612e-05
181.0 7.485166325710315e-05
182.0 7.400613747873019e-05
183.0 7.316061170035722e-05
184.0 7.233377273327215e-05
185.0 7.151956713792235e-05
186.0 7.070536154257254e-05
187.0 6.989115594722274e-05
188.0 6.911215440309098e-05
189.0 6.833743100959628e-05
190.0 6.756270761610159e-05
191.0 6.679127500898633e-05
192.0 6.604598533897131e-05
193.0 6.530069566895632e-05
194.0 6.455540599894132e-05
195.0 6.381433815462616e-05
196.0 6.308556546935917e-05
197.0 6.235679278409217e-05
198.0 6.162802009882518e-05
199.0 6.0905907520348895e-05
200.0 6.019785014057555e-05
201.0 5.9489792760802214e-05
202.0 5.8781735381028877e-05
203.0 5.808261247585304e-05
204.0 5.740356935260599e-05
205.0 5.672452622935894e-05
206.0 5.604548310611188e-05
207.0 5.537387481241692e-05
208.0 5.472969087859095e-05
209.0 5.408550694476498e-05
210.0 5.344132301093902e-05
211.0 5.279852249738394e-05
212.0 5.2192860953685234e-05
213.0 5.158719940998653e-05
214.0 5.098153786628783e-05
215.0 5.0375876322589124e-05
216.0 4.979219628038626e-05
217.0 4.9214928961107494e-05
218.0 4.863766164182873e-05
219.0 4.806039432254997e-05
220.0 4.749662891530074e-05
221.0 4.695103372878858e-05
222.0 4.640543854227642e-05
223.0 4.5859843355764255e-05
224.0 4.5314248169252096e-05
225.0 4.480671984177275e-05
226.0 4.429955201063078e-05
227.0 4.37923841794888e-05
228.0 4.3285216348346834e-05
229.0 4.278743759590099e-05
230.0 4.23004470924717e-05
231.0 4.181345658904241e-05
232.0 4.1326466085613115e-05
233.0 4.0839475582183816e-05
234.0 4.0361723924471017e-05
235.0 3.988562031879079e-05
236.0 3.940951671311055e-05
237.0 3.8933413107430325e-05
238.0 3.846259778281125e-05
239.0 3.8024635582766316e-05
240.0 3.758667338272138e-05
241.0 3.7148711182676434e-05
242.0 3.6710748982631496e-05
243.0 3.628628224673025e-05
244.0 3.5888782524217997e-05
245.0 3.549128280170573e-05
246.0 3.5093783079193474e-05
247.0 3.469628335668122e-05
248.0 3.430722508316647e-05
249.0 3.392929558371322e-05
250.0 3.355136608425998e-05
251.0 3.317343658480673e-05
252.0 3.279550708535348e-05
253.0 3.2422012944924825e-05
254.0 3.2054395312732264e-05
255.0 3.168677768053971e-05
256.0 3.131916004834716e-05
257.0 3.0951542416154604e-05
258.0 3.059231481345007e-05
259.0 3.025028662059649e-05
260.0 2.99082584277429e-05
261.0 2.9566230234889314e-05
262.0 2.9224202042035727e-05
263.0 2.8886355537644136e-05
264.0 2.8578450366988165e-05
265.0 2.827054519633219e-05
266.0 2.7962640025676216e-05
267.0 2.7654734855020242e-05
268.0 2.734682968436427e-05
269.0 2.7052388347460988e-05
270.0 2.6761062833028243e-05
271.0 2.6469737318595495e-05
272.0 2.617841180416275e-05
273.0 2.5887086289730005e-05
274.0 2.560225369260227e-05
275.0 2.5327394588430517e-05
276.0 2.5052535484258758e-05
277.0 2.4777676380087003e-05
278.0 2.450281727591525e-05
279.0 2.4227958171743493e-05
280.0 2.397382687434472e-05
281.0 2.3722872236351005e-05
282.0 2.3471917598357285e-05
283.0 2.322096296036357e-05
284.0 2.2970008322369854e-05
285.0 2.2723464447365278e-05
286.0 2.2491834017542927e-05
287.0 2.2260203587720575e-05
288.0 2.202857315789822e-05
289.0 2.179694272807587e-05
290.0 2.156531229825352e-05
291.0 2.133886827034679e-05
292.0 2.1118145592476643e-05
293.0 2.08974229146065e-05
294.0 2.0676700236736356e-05
295.0 2.045597755886621e-05
296.0 2.023525488099606e-05
297.0 2.0022873341855762e-05
298.0 1.9815903737685228e-05
299.0 1.9608934133514694e-05
