10.0 0.014460317388375147
11.0 0.013529800285510995
12.0 0.012673513782710382
13.0 0.011883373117450096
14.0 0.011151924835037531
15.0 0.010472914364300683
16.0 0.009841145891215966
17.0 0.009252068747311572
18.0 0.008701558570867813
19.0 0.008185915325247747
20.0 0.007701855532967148
21.0 0.007246430376013022
22.0 0.006816941429467226
23.0 0.006410910157847134
24.0 0.006026099940423475
25.0 0.005660554141888054
26.0 0.005312612590919286
27.0 0.0049808952195191155
28.0 0.004664268581119847
29.0 0.004361814067348883
30.0 0.004072801221639409
31.0 0.003796659547405926
32.0 0.003532946259080833
33.0 0.0032813143624311
34.0 0.0030414860786488846
35.0 0.0028132323454430463
36.0 0.002596355308822418
37.0 0.002390671215071104
38.0 0.002195995055458314
39.0 0.002012130402336208
40.0 0.0018388650373132168
41.0 0.0016759689189625303
42.0 0.0015231911371057733
43.0 0.0013802564051932195
44.0 0.001246864133187432
45.0 0.00112269129075238
46.0 0.0010073969198089974
47.0 0.0009006255429868829
48.0 0.000802009094845356
49.0 0.0007111690250643073
50.0 0.0006277196712095155
51.0 0.0005512721924001183
52.0 0.0004814377634978997
53.0 0.0004178297756527956
54.0 0.00036006587069397933
55.0 0.00030777051228535803
56.0 0.00026057790902059394
57.0 0.00021813461587530007
58.0 0.0001801014424890585
59.0 0.00014615481635392826
60.0 0.00011598785644179055
61.0 8.931110938490265e-05
62.0 6.585263797888294e-05
63.0 4.53572500111646e-05
64.0 2.7585015329598123e-05
65.0 1.2309505464147636e-05
66.0 -6.838256611519026e-07
67.0 -1.1598970326600946e-05
68.0 -2.0630537613026837e-05
69.0 -2.7964980705046182e-05
70.0 -3.378194962873776e-05
71.0 -3.825561306168588e-05
72.0 -4.155566655014628e-05
73.0 -4.384777708262065e-05
74.0 -4.529332800280288e-05
75.0 -4.604841538752188e-05
76.0 -4.626208241061775e-05
77.0 -4.607382842434909e-05
78.0 -4.56105592500046e-05
79.0 -4.498333134034942e-05
80.0 -4.428438534423038e-05
81.0 -4.3584976812406204e-05
82.0 -4.293438849341532e-05
83.0 -4.236031520513046e-05
84.0 -4.187061792332388e-05
85.0 -4.1456276664692326e-05
86.0 -4.109523073300006e-05
87.0 -4.075668673085014e-05
88.0 -4.040542696295772e-05
89.0 -4.000568776210577e-05
90.0 -3.952429053864925e-05
91.0 -3.893285612893725e-05
92.0 -3.8209067976201504e-05
93.0 -3.733704818091175e-05
94.0 -3.6306977910209855e-05
95.0 -3.511414673636777e-05
96.0 -3.375766135118231e-05
97.0 -3.2239074164191614e-05
98.0 -3.05611911979928e-05
99.0 -2.8727277233123697e-05
100.0 -2.674079750649706e-05
101.0 -2.4605733134199358e-05
102.0 -2.232740066130725e-05
103.0 -1.991361385144878e-05
104.0 -1.7375963725643774e-05
105.0 -1.4730970245035162e-05
106.0 -1.2000877076264085e-05
107.0 -9.21391335372713e-06
108.0 -6.403922595563536e-06
109.0 -3.609346983927781e-06
110.0 -8.716432816599628e-07
111.0 1.766717032694108e-06
112.0 4.264457722094965e-06
113.0 6.583691248434888e-06
114.0 8.69188359942594e-06
115.0 1.0563423219682819e-05
116.0 1.2180689912846621e-05
117.0 1.3534585848179814e-05
118.0 1.4624547383764036e-05
119.0 1.5458096456329733e-05
120.0 1.605001335367675e-05
121.0 1.642122246448333e-05
122.0 1.6597483710491177e-05
123.0 1.660797819552755e-05
124.0 1.648386893521547e-05
125.0 1.625690738594465e-05
126.0 1.5958145041726922e-05
127.0 1.5616798049414785e-05
128.0 1.525930267117292e-05
129.0 1.4908590463249626e-05
130.0 1.4583602987357207e-05
131.0 1.4299054943776052e-05
132.0 1.4065440645856956e-05
133.0 1.388926213489862e-05
134.0 1.377344014645862e-05
135.0 1.371785495361638e-05
136.0 1.3719956197862318e-05
137.0 1.3775381281940293e-05
138.0 1.3878530770665102e-05
139.0 1.4023064416756066e-05
140.0 1.4202299349331919e-05
141.0 1.4409508787916939e-05
142.0 1.4638132365197377e-05
143.0 1.488191628831431e-05
144.0 1.5135003302285128e-05
145.0 1.539199009389788e-05
146.0 1.564796524086374e-05
147.0 1.5898535773253582e-05
148.0 1.6139846045823795e-05
149.0 1.636858948864751e-05
150.0 1.6582012019866396e-05
151.0 1.677790534209964e-05
152.0 1.6954588803914195e-05
153.0 1.7110879763410404e-05
154.0 1.7246054142620197e-05
155.0 1.7359800676074315e-05
156.0 1.7452173680381985e-05
157.0 1.7523549450594653e-05
158.0 1.7574590273998186e-05
159.0 1.7606217591493594e-05
160.0 1.7619592561479124e-05
161.0 1.7616099108658687e-05
162.0 1.759732250934851e-05
163.0 1.7565016485615514e-05
164.0 1.7521053927856962e-05
165.0 1.746736033841669e-05
166.0 1.7405833894860838e-05
167.0 1.7338260370827267e-05
168.0 1.7266233805742467e-05
169.0 1.719109400451543e-05
170.0 1.7113889559393886e-05
171.0 1.703537068574563e-05
172.0 1.6956010829652257e-05
173.0 1.687605102348533e-05
174.0 1.679555748875187e-05
175.0 1.6714481744683177e-05
176.0 1.6632713621441066e-05
177.0 1.655012065003177e-05
178.0 1.64665714116095e-05
179.0 1.638194449123819e-05
180.0 1.6296127715690215e-05
181.0 1.6209013739401927e-05
182.0 1.612049764823305e-05
183.0 1.603048042561246e-05
184.0 1.5938879543309345e-05
185.0 1.584564536794451e-05
186.0 1.575078015292311e-05
187.0 1.56543554737961e-05
188.0 1.555652410839059e-05
189.0 1.5457523356261517e-05
190.0 1.5357668298863578e-05
191.0 1.5257335172150268e-05
192.0 1.5156936567368691e-05
193.0 1.5056891386188259e-05
194.0 1.4957593214132719e-05
195.0 1.4859380953626132e-05
196.0 1.4762515138855689e-05
197.0 1.4667162378728904e-05
198.0 1.4573388985165034e-05
199.0 1.4481163296428472e-05
200.0 1.4390364829535185e-05
201.0 1.4300797520427558e-05
202.0 1.4212204163492146e-05
203.0 1.412427978646251e-05
204.0 1.403668291663426e-05
205.0 1.3949045147646533e-05
206.0 1.386098065152382e-05
207.0 1.37720978892813e-05
208.0 1.3682015514622722e-05
209.0 1.3590383347031265e-05
210.0 1.349690757809709e-05
211.0 1.3401377525011104e-05
212.0 1.3303689784082766e-05
213.0 1.3203865018187127e-05
214.0 1.3102053091238173e-05
215.0 1.2998523827426818e-05
216.0 1.2893643039712883e-05
217.0 1.2787836153868642e-05
218.0 1.2681544176327478e-05
219.0 1.2575178387544017e-05
220.0 1.2469080624399703e-05
221.0 1.2363495224993917e-05
222.0 1.2258556789378104e-05
223.0 1.21542952288076e-05
224.0 1.2050656645787302e-05
225.0 1.194753595628846e-05
226.0 1.1844815310998726e-05
227.0 1.1742401610935182e-05
228.0 1.1640256846322347e-05
229.0 1.1538416492873596e-05
230.0 1.1436993459206312e-05
231.0 1.1336167649151758e-05
232.0 1.1236163602444213e-05
233.0 1.1137220483424236e-05
234.0 1.1039559614946043e-05
235.0 1.0943354707002042e-05
236.0 1.0848709007513488e-05
237.0 1.0755642071214148e-05
238.0 1.0664087062114343e-05
239.0 1.0573897845818525e-05
240.0 1.0484863886527882e-05
241.0 1.0396730303196255e-05
242.0 1.0309220367707591e-05
243.0 1.0222058115475368e-05
244.0 1.013498937038308e-05
245.0 1.0047800129622757e-05
246.0 9.960331727190094e-06
247.0 9.872492409630352e-06
248.0 9.784264934405563e-06
249.0 9.69570964967494e-06
250.0 9.606962389916031e-06
251.0 9.518226572467372e-06
252.0 9.42975919799964e-06
253.0 9.341851050413745e-06
254.0 9.25480217707374e-06
255.0 9.168894558293752e-06
256.0 9.084364564420512e-06
257.0 9.001378182057861e-06
258.0 8.920011953847125e-06
259.0 8.840242084489706e-06
260.0 8.761943272958259e-06
261.0 8.684897667561681e-06
262.0 8.608813087891175e-06
263.0 8.533348512664467e-06
264.0 8.458143971305265e-06
265.0 8.382851524611936e-06
266.0 8.307164029716928e-06
267.0 8.230838833427978e-06
268.0 8.153714334085481e-06
269.0 8.075718354748476e-06
270.0 7.996868317903746e-06
271.0 7.917264149579414e-06
272.0 7.837075547022595e-06
273.0 7.756525647003175e-06
274.0 7.675873215413213e-06
275.0 7.595395278894606e-06
276.0 7.515371709719199e-06
277.0 7.4360727499899045e-06
278.0 7.3577499147332395e-06
279.0 7.280630224486775e-06
280.0 7.2049133396459774e-06
281.0 7.130770925591491e-06
282.0 7.058347468496117e-06
283.0 6.9877617678384315e-06
284.0 6.919108425148088e-06
285.0 6.852458800350936e-06
286.0 6.787861092067053e-06
287.0 6.725339396632078e-06
288.0 6.664891797342179e-06
289.0 6.606487717535881e-06
290.0 6.550064925881717e-06
291.0 6.4955266963469804e-06
292.0 6.442739685892392e-06
293.0 6.391533090009278e-06
294.0 6.341699565487984e-06
295.0 6.292998275002179e-06
296.0 6.245160221640303e-06
297.0 6.197895823405383e-06
298.0 6.1509044528780525e-06
299.0 6.103885461591076e-06
