10.0 0.014464111425026415
11.0 0.013535203516082516
12.0 0.012680940435445097
13.0 0.011893277785104692
14.0 0.011164795451959593
15.0 0.010489263891562087
16.0 0.00986150297668523
17.0 0.009276967651880852
18.0 0.008731528665521786
19.0 0.008221470466349565
20.0 0.007743483615534752
21.0 0.00729458334772795
22.0 0.006872026022865455
23.0 0.006473279565992026
24.0 0.006096046623920787
25.0 0.005738303914022912
26.0 0.00539832008463601
27.0 0.00507464079653181
28.0 0.004766056701120638
29.0 0.004471573095392477
30.0 0.00419038461544393
31.0 0.00392184833440955
32.0 0.003665452686278146
33.0 0.0034207865806879754
34.0 0.0031875137075318203
35.0 0.0029653527545557856
36.0 0.002754060446986477
37.0 0.00255341481902528
38.0 0.0023632000745657483
39.0 0.002183196484464365
40.0 0.002013175932920821
41.0 0.001852899674790722
42.0 0.0017021149670315495
43.0 0.0015605511430926962
44.0 0.001427918190451816
45.0 0.001303909058841594
46.0 0.0011882035754316848
47.0 0.001080471229756346
48.0 0.0009803724702584524
49.0 0.0008875601751457036
50.0 0.0008016824069973925
51.0 0.0007223857525335477
52.0 0.0006493179554775528
53.0 0.0005821295949166416
54.0 0.0005204756415556601
55.0 0.00046401759813740625
56.0 0.00041242604114676186
57.0 0.00036538289090241893
58.0 0.0003225830381051998
59.0 0.0002837354735951632
60.0 0.0002485641747704672
61.0 0.0002168086981067263
62.0 0.00018822416442165535
63.0 0.00016258042144905125
64.0 0.00013966052800247277
65.0 0.00011925899031559873
66.0 0.00010118016536685333
67.0 8.523697712740965e-05
68.0 7.124980951300586e-05
69.0 5.9045357972040995e-05
70.0 4.8455367832566844e-05
71.0 3.931541285255998e-05
72.0 3.1463993969082755e-05
73.0 2.474220588392066e-05
74.0 1.8994105348732526e-05
75.0 1.4067828127262371e-05
76.0 9.81746646838498e-06
77.0 6.105668956274136e-06
78.0 2.8067950766478158e-06
79.0 -1.8972911212354947e-07
80.0 -2.9763504742406617e-06
81.0 -5.625131744153095e-06
82.0 -8.186682743280667e-06
83.0 -1.069047105497352e-05
84.0 -1.3146508853810751e-05
85.0 -1.5548245388548966e-05
86.0 -1.7876353492490548e-05
87.0 -2.0102990228554253e-05
88.0 -2.2196063915971886e-05
89.0 -2.4123076623757435e-05
90.0 -2.585422443525091e-05
91.0 -2.7364585528309185e-05
92.0 -2.863536105541042e-05
93.0 -2.965423230798709e-05
94.0 -3.041496511253689e-05
95.0 -3.091644550987259e-05
96.0 -3.116137668063664e-05
97.0 -3.1154897185648196e-05
98.0 -3.0903379547272584e-05
99.0 -3.0413626795177415e-05
100.0 -2.9692606013032277e-05
101.0 -2.8747755852727563e-05
102.0 -2.7587798277231703e-05
103.0 -2.6223892563465052e-05
104.0 -2.467090754930526e-05
105.0 -2.2948565543959897e-05
106.0 -2.10822294079853e-05
107.0 -1.910315681943769e-05
108.0 -1.7048122011153707e-05
109.0 -1.4958393334603444e-05
110.0 -1.287814307491764e-05
111.0 -1.085244225033035e-05
112.0 -8.925046227378914e-06
113.0 -7.13619786920152e-06
114.0 -5.520660450234572e-06
115.0 -4.106147677535496e-06
116.0 -2.9122549957611446e-06
117.0 -1.9499300531570385e-06
118.0 -1.221463593507861e-06
119.0 -7.209419681947023e-07
120.0 -4.3507936567499243e-07
121.0 -3.443380491175812e-07
122.0 -4.2424375905846774e-07
123.0 -6.468075895424386e-07
124.0 -9.819733032013132e-07
125.0 -1.3990191878901367e-06
126.0 -1.8678550049250578e-06
127.0 -2.3601659000241005e-06
128.0 -2.85036527759611e-06
129.0 -3.3163276114057692e-06
130.0 -3.739881233824348e-06
131.0 -4.107052092696499e-06
132.0 -4.40806345630848e-06
133.0 -4.63711319118894e-06
134.0 -4.791967349686766e-06
135.0 -4.873423014022869e-06
136.0 -4.884701281779764e-06
137.0 -4.830830836118713e-06
138.0 -4.718073692281494e-06
139.0 -4.553429558448935e-06
140.0 -4.344237343165841e-06
141.0 -4.097875528083636e-06
142.0 -3.82155041304987e-06
143.0 -3.5221540995764254e-06
144.0 -3.206172347489958e-06
145.0 -2.8796247645694153e-06
146.0 -2.5480243197327595e-06
147.0 -2.216348203042025e-06
148.0 -1.8890164172546856e-06
149.0 -1.5698776083358571e-06
150.0 -1.2622034162884684e-06
151.0 -9.686931794903197e-07
152.0 -6.914903549880398e-07
153.0 -4.3221075058592996e-07
154.0 -1.9198090218094314e-07
155.0 2.8516895133382867e-08
156.0 2.2899772672054722e-07
157.0 4.095304809413856e-07
158.0 5.705015592434784e-07
159.0 7.125874245165306e-07
160.0 8.36734268556803e-07
161.0 9.441399111908033e-07
162.0 1.0362310157823498e-06
163.0 1.1146286285228675e-06
164.0 1.1810971970541298e-06
165.0 1.2374761968842059e-06
166.0 1.285598299164109e-06
167.0 1.3272023510445606e-06
168.0 1.3638520909794732e-06
169.0 1.3968717084352542e-06
170.0 1.4273069654909698e-06
171.0 1.4559161940927488e-06
172.0 1.4831901454475358e-06
173.0 1.5093946828925536e-06
174.0 1.5346268293455874e-06
175.0 1.5588734364250913e-06
176.0 1.5820628797413357e-06
177.0 1.6041032553549878e-06
178.0 1.6249046605727421e-06
179.0 1.6443872025373546e-06
180.0 1.66247941082189e-06
181.0 1.6791131133521404e-06
182.0 1.6942204394106189e-06
183.0 1.7077367876098384e-06
184.0 1.7196110138666147e-06
185.0 1.7298215230101703e-06
186.0 1.7383950261659184e-06
187.0 1.7454238144954586e-06
188.0 1.7510775434549912e-06
189.0 1.7556065152974267e-06
190.0 1.7593349547987053e-06
191.0 1.7626444439413365e-06
192.0 1.7659492257998986e-06
193.0 1.7696662986725023e-06
194.0 1.774183959728016e-06
195.0 1.7798326351299742e-06
196.0 1.7868614147826093e-06
197.0 1.7954227341566758e-06
198.0 1.8055662567972733e-06
199.0 1.8172414637196791e-06
200.0 1.8303070803165992e-06
201.0 1.8445445961348153e-06
202.0 1.859672985807908e-06
203.0 1.8753623639522633e-06
204.0 1.891245526779711e-06
205.0 1.9069277865893601e-06
206.0 1.921996740857118e-06
207.0 1.936034226407176e-06
208.0 1.948632450576507e-06
209.0 1.959415173304415e-06
210.0 1.968063101918807e-06
211.0 1.974340810821183e-06
212.0 1.9781210375795634e-06
213.0 1.9794015884026777e-06
214.0 1.9783105655935514e-06
215.0 1.9750971946727785e-06
216.0 1.9701078960581287e-06
217.0 1.9637499284350228e-06
218.0 1.956447353316927e-06
219.0 1.9485957041315357e-06
220.0 1.940522225326265e-06
221.0 1.9324577570784087e-06
222.0 1.924524421636137e-06
223.0 1.916740586491736e-06
224.0 1.909041649389241e-06
225.0 1.9013125592952876e-06
226.0 1.8934261329164163e-06
227.0 1.885280464716366e-06
228.0 1.8768291618137096e-06
229.0 1.8680996401808203e-06
230.0 1.8591969779223787e-06
231.0 1.8502933911816983e-06
232.0 1.8416057976583276e-06
233.0 1.8333657385816962e-06
234.0 1.8257868572391274e-06
235.0 1.8190350841943099e-06
236.0 1.8132057569885543e-06
237.0 1.8083103703429156e-06
238.0 1.8042738722072848e-06
239.0 1.8009417615855168e-06
240.0 1.7980950024534882e-06
241.0 1.7954701075780114e-06
242.0 1.7927816743327283e-06
243.0 1.7897450420487903e-06
244.0 1.786097371892215e-06
245.0 1.7816160938495866e-06
246.0 1.7761341385695236e-06
247.0 1.7695515866187888e-06
248.0 1.7618433444653645e-06
249.0 1.7530623049007044e-06
250.0 1.7433373252252655e-06
251.0 1.7328654071443424e-06
252.0 1.7218977802137299e-06
253.0 1.7107201831261853e-06
254.0 1.699628422495719e-06
255.0 1.6889011167674462e-06
256.0 1.6787722222624734e-06
257.0 1.6694063215463937e-06
258.0 1.6608796171635128e-06
259.0 1.6531690820592036e-06
260.0 1.6461513253105538e-06
261.0 1.6396115685706238e-06
262.0 1.6332618761006066e-06
263.0 1.626766636399338e-06
264.0 1.6197724324466293e-06
265.0 1.6119389853243196e-06
266.0 1.6029678660952195e-06
267.0 1.5926261200154574e-06
268.0 1.5807627435347415e-06
269.0 1.5673169575746911e-06
270.0 1.5523182683293177e-06
271.0 1.535879244891619e-06
272.0 1.5181826496529677e-06
273.0 1.4994649606684866e-06
274.0 1.4799984090988279e-06
275.0 1.460073455165888e-06
276.0 1.4399832167622929e-06
277.0 1.4200108398401747e-06
278.0 1.4004202532777678e-06
279.0 1.3814502619461389e-06
280.0 1.3633115532658085e-06
281.0 1.3461859491272998e-06
282.0 1.3302271256685868e-06
283.0 1.3155620291978088e-06
284.0 1.3022923096452464e-06
285.0 1.290495244307274e-06
286.0 1.2802238091191984e-06
287.0 1.2715057525656496e-06
288.0 1.2643417234999662e-06
289.0 1.2587026856887075e-06
290.0 1.2545270060944672e-06
291.0 1.2517177174884492e-06
292.0 1.250140516068375e-06
293.0 1.2496230514028232e-06
294.0 1.2499559949392028e-06
295.0 1.250896238234824e-06
296.0 1.2521723854329426e-06
297.0 1.2534924863065802e-06
298.0 1.2545537313760485e-06
299.0 1.2550536250667446e-06
