10.0 0.02196357605326928
11.0 0.014876343545138481
12.0 0.009706340516847869
13.0 0.006012526537597688
14.0 0.003426682396726932
15.0 0.0016572858388850123
16.0 0.0004807093404162137
17.0 -0.0002718214035608877
18.0 -0.000726011327569145
19.0 -0.0009737999977611044
20.0 -0.0010811761674298518
21.0 -0.0010949343897078071
22.0 -0.0010481126331451807
23.0 -0.0009639786753467982
24.0 -0.0008587716717329371
25.0 -0.000743590993701995
26.0 -0.000625803811039427
27.0 -0.00051016608392369
28.0 -0.00039967690670302127
29.0 -0.0002961535485743674
30.0 -0.00020058929737415426
31.0 -0.00011339724283778491
32.0 -3.460212310608492e-05
33.0 3.601312791445935e-05
34.0 9.881441779862041e-05
35.0 0.00015426755857370246
36.0 0.0002029056408957618
37.0 0.0002452910594467263
38.0 0.00028197685830908366
39.0 0.00031348714496750896
40.0 0.00034032114545711563
41.0 0.00036296167683671663
42.0 0.00038186892358895244
43.0 0.00039746337530492676
44.0 0.00041011697060879156
45.0 0.000420161173101616
46.0 0.00042790101484222034
47.0 0.0004336202819447575
48.0 0.00043757676015268235
49.0 0.00043999813260404595
50.0 0.00044108559472795175
51.0 0.0004410212898125011
52.0 0.0004399719239335944
53.0 0.00043808697169605995
54.0 0.0004354962914853442
55.0 0.00043231136131808515
56.0 0.0004286292807723443
57.0 0.00042453596651416517
58.0 0.00042010687394764744
59.0 0.0004154067028249791
60.0 0.0004104901536685047
61.0 0.0004054038654797961
62.0 0.000400187826662306
63.0 0.0003948747453757199
64.0 0.00038948764905771257
65.0 0.000384037532224016
66.0 0.00037852288819762206
67.0 0.00037293162761496576
68.0 0.0003672444253883296
69.0 0.00036143805863690583
70.0 0.0003554879475592352
71.0 0.000349370114797477
72.0 0.00034306323204624415
73.0 0.0003365510845379869
74.0 0.00032982517302038264
75.0 0.0003228869505428417
76.0 0.00031574949755398146
77.0 0.0003084388318636089
78.0 0.00030099504204312097
79.0 0.00029347300788666977
80.0 0.00028594206074312697
81.0 0.0002784839447713747
82.0 0.00027118886577796105
83.0 0.0002641499250750785
84.0 0.0002574565393407424
85.0 0.0002511875273030198
86.0 0.0002454045600916518
87.0 0.00024014671170269252
88.0 0.00023542682509655914
89.0 0.00023123020038600647
90.0 0.00022751571960619434
91.0 0.000224219111526
92.0 0.00022125781491184017
93.0 0.00021853687702431168
94.0 0.0002159554331261241
95.0 0.0002134134103644154
96.0 0.00021081810880788107
97.0 0.0002080902561838822
98.0 0.00020516908468743724
99.0 0.0002020159971958581
100.0 0.0001986164912365846
101.0 0.00019498017283431102
102.0 0.00019113888651822698
103.0 0.00018714317881352507
104.0 0.00018305747049359242
105.0 0.00017895441687028362
106.0 0.00017490897939590114
107.0 0.000170992722912665
108.0 0.0001672688012298518
109.0 0.00016378800387052415
110.0 0.0001605861095819693
111.0 0.00015768263563823736
112.0 0.00015508090983231502
113.0 0.00015276925900947243
114.0 0.0001507230331015429
115.0 0.00014890717422874665
116.0 0.00014727907859519098
117.0 0.00014579155297605821
118.0 0.00014439571061808368
119.0 0.0001430436739424523
120.0 0.0001416909618815455
121.0 0.00014029845363337
122.0 0.0001388338485219036
123.0 0.00013727258252753952
124.0 0.0001355982061956957
125.0 0.0001338022655102638
126.0 0.00013188375224204433
127.0 0.00012984820560402662
128.0 0.00012770655822262183
129.0 0.00012547382969072676
130.0 0.0001231677784901267
131.0 0.00012080762224252504
132.0 0.00011841292162228347
133.0 0.00011600269354456651
134.0 0.00011359477903329749
135.0 0.00011120544972865355
136.0 0.00010884920474847311
137.0 0.00010653869416310965
138.0 0.00010428470861454613
139.0 0.00010209619243450557
140.0 9.998026169892395e-05
141.0 9.794223002360285e-05
142.0 9.598565722536649e-05
143.0 9.411243737516795e-05
144.0 9.232293562226373e-05
145.0 9.061617224742065e-05
146.0 8.899004252650468e-05
147.0 8.744155520540821e-05
148.0 8.5967071349119e-05
149.0 8.456252778244676e-05
150.0 8.322363330142591e-05
151.0 8.19460297267177e-05
152.0 8.072541314908307e-05
153.0 7.955761378411029e-05
154.0 7.843863643398426e-05
155.0 7.736466793798639e-05
156.0 7.63320625707627e-05
157.0 7.533731969806094e-05
158.0 7.437706850680492e-05
159.0 7.344807131705486e-05
160.0 7.254725017680414e-05
161.0 7.167173286432702e-05
162.0 7.081890670244536e-05
163.0 6.998646430591078e-05
164.0 6.917242609347243e-05
165.0 6.837513002228212e-05
166.0 6.759318783607653e-05
167.0 6.682541641924072e-05
168.0 6.607075977790084e-05
169.0 6.532821970203905e-05
170.0 6.459681066628602e-05
171.0 6.387554785385598e-05
172.0 6.316346832213883e-05
173.0 6.245967675101254e-05
174.0 6.176340120107238e-05
175.0 6.107404233926387e-05
176.0 6.039120200264466e-05
177.0 5.9714682920425205e-05
178.0 5.904445913248611e-05
179.0 5.838062395472249e-05
180.0 5.772332729957066e-05
181.0 5.7072715609341944e-05
182.0 5.642888555307504e-05
183.0 5.5791857977516725e-05
184.0 5.516157303385261e-05
185.0 5.4537902606486375e-05
186.0 5.3920673310460546e-05
187.0 5.330969273933732e-05
188.0 5.270477289959086e-05
189.0 5.210574698178778e-05
190.0 5.151247790642146e-05
191.0 5.092485888399911e-05
192.0 5.034280741709899e-05
193.0 4.9766254921343994e-05
194.0 4.919513467819562e-05
195.0 4.862937121360273e-05
196.0 4.8068874248862236e-05
197.0 4.751353980020434e-05
198.0 4.696325961818821e-05
199.0 4.6417938062356694e-05
200.0 4.587751316978633e-05
201.0 4.53419768156664e-05
202.0 4.481138819201966e-05
203.0 4.4285875767949466e-05
204.0 4.376562537294729e-05
205.0 4.3250855480560395e-05
206.0 4.274178422469363e-05
207.0 4.223859514997694e-05
208.0 4.174140942478918e-05
209.0 4.1250270959877656e-05
210.0 4.076514787510893e-05
211.0 4.028594981919652e-05
212.0 3.981255680173918e-05
213.0 3.9344852434129314e-05
214.0 3.888275348074483e-05
215.0 3.842622860465986e-05
216.0 3.7975301857562744e-05
217.0 3.753004011492495e-05
218.0 3.709052739630864e-05
219.0 3.665683197050354e-05
220.0 3.622897369431876e-05
221.0 3.580689890129689e-05
222.0 3.5390468459002037e-05
223.0 3.497946179286845e-05
224.0 3.457359637379839e-05
225.0 3.4172559080792815e-05
226.0 3.377604358607964e-05
227.0 3.3383786880142156e-05
228.0 3.299559841087315e-05
229.0 3.261137693396072e-05
230.0 3.223111269687938e-05
231.0 3.185487547194168e-05
232.0 3.14827916141053e-05
233.0 3.111501520138631e-05
234.0 3.075169904683108e-05
235.0 3.039297083615706e-05
236.0 3.0038918017998075e-05
237.0 2.968958277861299e-05
238.0 2.9344966042759668e-05
239.0 2.900503753497855e-05
240.0 2.8669747945995882e-05
241.0 2.833903935996095e-05
242.0 2.80128511987578e-05
243.0 2.769112066524326e-05
244.0 2.7373778509248163e-05
245.0 2.706074239056309e-05
246.0 2.675191080297416e-05
247.0 2.644716031440222e-05
248.0 2.6146347884608866e-05
249.0 2.5849318560998255e-05
250.0 2.5555917343763612e-05
251.0 2.5266002854930168e-05
252.0 2.497945992101103e-05
253.0 2.4696208383072373e-05
254.0 2.4416206289036103e-05
255.0 2.4139446862192744e-05
256.0 2.386594996467345e-05
257.0 2.3595749880613053e-05
258.0 2.3328881903341164e-05
259.0 2.3065370315466233e-05
260.0 2.2805219920243345e-05
261.0 2.254841244718437e-05
262.0 2.2294908115409002e-05
263.0 2.2044651618475657e-05
264.0 2.1797580994277836e-05
265.0 2.1553637402321583e-05
266.0 2.1312773805649817e-05
267.0 2.107496091710128e-05
268.0 2.084018941729713e-05
269.0 2.0608468234769086e-05
270.0 2.0379819432424905e-05
271.0 2.015427082407232e-05
272.0 1.9931847752533316e-05
273.0 1.9712565463678503e-05
274.0 1.9496423241191878e-05
275.0 1.9283401011211445e-05
276.0 1.907345860015095e-05
277.0 1.8866537350158146e-05
278.0 1.8662563456556144e-05
279.0 1.8461452238353992e-05
280.0 1.8263112585112936e-05
281.0 1.8067450997122133e-05
282.0 1.7874374881354985e-05
283.0 1.76837950092077e-05
284.0 1.7495627225230085e-05
285.0 1.730979358893786e-05
286.0 1.712622313570212e-05
287.0 1.694485238413984e-05
288.0 1.6765625635473363e-05
289.0 1.6588495042449803e-05
290.0 1.6413420396095146e-05
291.0 1.6240368593880302e-05
292.0 1.6069312801658546e-05
293.0 1.5900231382278572e-05
294.0 1.5733106712666776e-05
295.0 1.55679240314242e-05
296.0 1.5404670444671795e-05
297.0 1.5243334174645136e-05
298.0 1.5083904077037627e-05
299.0 1.492636939572094e-05
