10.0 0.004985654561993301
11.0 0.004672801093185829
12.0 0.004386582500254736
13.0 0.004123990793036664
14.0 0.0038822375449340868
15.0 0.0036590042499549283
16.0 0.00345243202744977
17.0 0.003260993510814296
18.0 0.0030834079210535557
19.0 0.0029186121044222565
20.0 0.00276571902699605
21.0 0.0026239486875145246
22.0 0.002492563175107203
23.0 0.0023708298173492812
24.0 0.0022580140138419072
25.0 0.0021533889581407894
26.0 0.002056247454764513
27.0 0.0019659092629223155
28.0 0.0018817264807194174
29.0 0.0018030908400141143
30.0 0.0017294420437822871
31.0 0.0016602734963004184
32.0 0.0015951337892490763
33.0 0.00153362520223519
34.0 0.0014754010630111632
35.0 0.0014201625739350976
36.0 0.0013676545136271294
37.0 0.0013176594197656444
38.0 0.0012699911819012506
39.0 0.0012244896249759215
40.0 0.0011810166106073947
41.0 0.0011394527121486558
42.0 0.0010996934838334897
43.0 0.0010616456282447845
44.0 0.0010252241774624765
45.0 0.0009903511406719793
46.0 0.0009569548969533414
47.0 0.0009249693869456303
48.0 0.0008943329664980453
49.0 0.000864987475910261
50.0 0.000836877886949665
51.0 0.0008099522687473647
52.0 0.0007841616106959711
53.0 0.0007594594006202407
54.0 0.0007358012288890238
55.0 0.0007131446471400505
56.0 0.0006914492063955838
57.0 0.0006706764332971116
58.0 0.0006507896100368809
59.0 0.0006317534066611461
60.0 0.0006135334575679808
61.0 0.0005960958776162692
62.0 0.0005794066322552685
63.0 0.0005634307195501885
64.0 0.0005481312548275829
65.0 0.0005334686542582053
66.0 0.0005194001117669273
67.0 0.0005058794693077682
68.0 0.0004928574746424529
69.0 0.0004802823757138786
70.0 0.00046810082589878295
71.0 0.0004562591196883492
72.0 0.0004447047848532459
73.0 0.0004333885078200046
74.0 0.00042226629505874976
75.0 0.0004113017171252619
76.0 0.00040046805716292865
77.0 0.00038975017336687344
78.0 0.0003791458653000135
79.0 0.00036866651508195855
80.0 0.0003583367880747352
81.0 0.0003481932486374328
82.0 0.0003382818691557362
83.0 0.0003286545537266125
84.0 0.00031936492877736045
85.0 0.0003104637537117217
86.0 0.0003019943696747046
87.0 0.0002939886280859004
88.0 0.0002864637133086788
89.0 0.0002794201908442286
90.0 0.0002728414831646797
91.0 0.000266694822951456
92.0 0.00026093358446223407
93.0 0.0002555007663898777
94.0 0.0002503333013099733
95.0 0.0002453667992104577
96.0 0.00024054029779645693
97.0 0.00023580059470414266
98.0 0.00023110577998091032
99.0 0.0002264276696727868
100.0 0.00022175295491742202
101.0 0.0002170830121521595
102.0 0.00021243245304765348
103.0 0.0002078266119311387
104.0 0.00020329826055259345
105.0 0.0001988838960768517
106.0 0.00019461996449521009
107.0 0.00019053935988126575
108.0 0.00018666848588393052
109.0 0.00018302508806771647
110.0 0.00017961697425464317
111.0 0.00017644164580290448
112.0 0.00017348677661696454
113.0 0.00017073140792221475
114.0 0.00016814768146024563
115.0 0.00016570291332038885
116.0 0.000163361812399074
117.0 0.00016108866599367903
118.0 0.00015884934414448884
119.0 0.0001566130088655218
120.0 0.00015435345076266537
121.0 0.00015205001137312074
122.0 0.00014968808305763502
123.0 0.0001472592077155493
124.0 0.0001447608194085169
125.0 0.00014219569313982043
126.0 0.00013957117233302462
127.0 0.00013689825154740757
128.0 0.0001341905896263309
129.0 0.00013146352275525744
130.0 0.00012873313754551674
131.0 0.00012601545186320976
132.0 0.0001233257364352219
133.0 0.0001206779944117906
134.0 0.00011808460058393912
135.0 0.00011555608856503113
136.0 0.00011310106445262678
137.0 0.00011072622016853894
138.0 0.00010843641884018754
139.0 0.00010623482739179153
140.0 0.00010412307654405033
141.0 0.00010210143411622619
142.0 0.0001001689825994956
143.0 9.832379567865414e-05
144.0 9.656311055928166e-05
145.0 9.488349389227019e-05
146.0 9.328099926935078e-05
147.0 9.175131417197325e-05
148.0 9.028989422448735e-05
149.0 8.889208278609924e-05
150.0 8.755321433667218e-05
151.0 8.626870072867686e-05
152.0 8.50341001392186e-05
153.0 8.384516940909968e-05
154.0 8.269790132686812e-05
155.0 8.158854918729256e-05
156.0 8.051364146562346e-05
157.0 7.94699895387567e-05
158.0 7.84546909553369e-05
159.0 7.746512984373501e-05
160.0 7.64989748447375e-05
161.0 7.555417378739854e-05
162.0 7.462894355170971e-05
163.0 7.372175345855064e-05
164.0 7.283130118800685e-05
165.0 7.195648151116414e-05
166.0 7.109634968475725e-05
167.0 7.025008275542285e-05
168.0 6.941694283326936e-05
169.0 6.859624635888253e-05
170.0 6.778734246891548e-05
171.0 6.698960196335234e-05
172.0 6.62024164684593e-05
173.0 6.542520562011503e-05
174.0 6.465742886262399e-05
175.0 6.389859802176762e-05
176.0 6.314828721782346e-05
177.0 6.240613777861545e-05
178.0 6.167185728256023e-05
179.0 6.0945213327943486e-05
180.0 6.022602374313181e-05
181.0 5.951414550074299e-05
182.0 5.8809464524123464e-05
183.0 5.811188798887749e-05
184.0 5.7421339851289056e-05
185.0 5.6737759440095516e-05
186.0 5.6061102247488875e-05
187.0 5.539134167610011e-05
188.0 5.472847046238773e-05
189.0 5.407250074081397e-05
190.0 5.342346213101857e-05
191.0 5.278139771109008e-05
192.0 5.214635819303507e-05
193.0 5.151839497738524e-05
194.0 5.089755298948072e-05
195.0 5.0283864262010706e-05
196.0 4.967734311357649e-05
197.0 4.907798349132912e-05
198.0 4.848575864067702e-05
199.0 4.7900622816682476e-05
200.0 4.7322514365392156e-05
201.0 4.675135928379368e-05
202.0 4.618707438548774e-05
203.0 4.5629569465113885e-05
204.0 4.507874830425906e-05
205.0 4.453450887000438e-05
206.0 4.399674347097641e-05
207.0 4.346533981801312e-05
208.0 4.294018380980894e-05
209.0 4.242116443678062e-05
210.0 4.190818056577771e-05
211.0 4.140114869607178e-05
212.0 4.090001024771154e-05
213.0 4.0404736714412987e-05
214.0 3.991533117266849e-05
215.0 3.9431825180660804e-05
216.0 3.895427092448832e-05
217.0 3.848272940396032e-05
218.0 3.801725629416055e-05
219.0 3.755788768678712e-05
220.0 3.710462807931457e-05
221.0 3.6657442697554015e-05
222.0 3.6216255557145006e-05
223.0 3.578095372024951e-05
224.0 3.535139716426632e-05
225.0 3.4927432742415415e-05
226.0 3.45089100502483e-05
227.0 3.4095696730884234e-05
228.0 3.3687690894138325e-05
229.0 3.3284828850891515e-05
230.0 3.28870871661073e-05
231.0 3.249447895829719e-05
232.0 3.210704525206514e-05
233.0 3.172484287371687e-05
234.0 3.134793076416402e-05
235.0 3.09763566290494e-05
236.0 3.0610145581544825e-05
237.0 3.0249291944232018e-05
238.0 2.9893754782616826e-05
239.0 2.954345716909901e-05
240.0 2.9198288724361463e-05
241.0 2.8858110711271826e-05
242.0 2.8522762871118343e-05
243.0 2.819207125428144e-05
244.0 2.786585643987827e-05
245.0 2.7543941688555977e-05
246.0 2.722616067319003e-05
247.0 2.6912364458852562e-05
248.0 2.660242736686294e-05
249.0 2.6296251297616505e-05
250.0 2.5993768056543126e-05
251.0 2.569493927574389e-05
252.0 2.539975367857957e-05
253.0 2.510822169336218e-05
254.0 2.4820367751708873e-05
255.0 2.4536220949761644e-05
256.0 2.4255805038928228e-05
257.0 2.397912888525344e-05
258.0 2.3706178550847152e-05
259.0 2.3436911993810126e-05
260.0 2.31712570733422e-05
261.0 2.2909113130582007e-05
262.0 2.2650355958176893e-05
263.0 2.2394845543817786e-05
264.0 2.214243563950653e-05
265.0 2.189298401593275e-05
266.0 2.1646362232013775e-05
267.0 2.1402463878198548e-05
268.0 2.1161210508851842e-05
269.0 2.0922554816514397e-05
270.0 2.068648096323463e-05
271.0 2.0453002317344e-05
272.0 2.0222157104328123e-05
273.0 1.9994002640794916e-05
274.0 1.9768608872913335e-05
275.0 1.954605189490854e-05
276.0 1.9326408002453526e-05
277.0 1.9109748670642424e-05
278.0 1.889613666795028e-05
279.0 1.868562335279444e-05
280.0 1.8478247066433178e-05
281.0 1.8274032444076917e-05
282.0 1.8072990416057055e-05
283.0 1.787511865765433e-05
284.0 1.7680402261683964e-05
285.0 1.7488814443712886e-05
286.0 1.7300317138531602e-05
287.0 1.7114861402511684e-05
288.0 1.6932387595312762e-05
289.0 1.6752825371992837e-05
290.0 1.6576093568590764e-05
291.0 1.6402100105864373e-05
292.0 1.623074206212829e-05
293.0 1.6061906072946663e-05
294.0 1.5895469200517275e-05
295.0 1.573130037943203e-05
296.0 1.5569262491574856e-05
297.0 1.5409215057460302e-05
298.0 1.5251017462311469e-05
299.0 1.5094532571156222e-05
