10.0 0.014468056138075076
11.0 0.013540824517546122
12.0 0.012688671223801191
13.0 0.011903595083329277
14.0 0.01117821218075201
15.0 0.010506320802978987
16.0 0.009882759216237297
17.0 0.009302990542205417
18.0 0.00876288301889129
19.0 0.008258707736578315
20.0 0.007787131192786463
21.0 0.00734513428315901
22.0 0.006929929445124624
23.0 0.006538932019737111
24.0 0.006169784523271252
25.0 0.005820397262893883
26.0 0.005488967572858382
27.0 0.0051739663371611405
28.0 0.004874107431866507
29.0 0.004588318826987029
30.0 0.004315718673137106
31.0 0.0040555897065261215
32.0 0.0038073493665545044
33.0 0.0035705199693391054
34.0 0.0033447039198631983
35.0 0.003129564675398024
36.0 0.002924810364069904
37.0 0.0027301774682435337
38.0 0.0025454159343920495
39.0 0.00237027916497681
40.0 0.002204519516300809
41.0 0.0020478858780894203
42.0 0.0019001200137627407
43.0 0.001760952247140967
44.0 0.0016300995732642966
45.0 0.0015072674383419687
46.0 0.0013921530820736052
47.0 0.0012844477212156063
48.0 0.001183837231128092
49.0 0.001090003001406092
50.0 0.0010026240868223496
51.0 0.0009213799650735757
52.0 0.0008459526176057836
53.0 0.0007760276925601971
54.0 0.0007112955872382258
55.0 0.000651453159836456
56.0 0.0005962058896561616
57.0 0.000545269813740259
58.0 0.000498372867779868
59.0 0.00045525577690479284
60.0 0.0004156727479242991
61.0 0.0003793919099766094
62.0 0.00034619518730227166
63.0 0.00031587738545771517
64.0 0.0002882446318002693
65.0 0.00026311259728263906
66.0 0.00024030491080171041
67.0 0.00021965190853582398
68.0 0.00020098957866132388
69.0 0.00018415848015151736
70.0 0.0001690025607454441
71.0 0.00015536802471360916
72.0 0.00014310252783275294
73.0 0.0001320549448660644
74.0 0.00012207584131615937
75.0 0.00011301869457672377
76.0 0.00010474187470414074
77.0 9.711134529460718e-05
78.0 9.000391564710153e-05
79.0 8.331068965360549e-05
80.0 7.694021439718733e-05
81.0 7.082081960994506e-05
82.0 6.490176278518645e-05
83.0 5.9152988524426776e-05
84.0 5.3563505337226744e-05
85.0 4.813855043812917e-05
86.0 4.28958543246684e-05
87.0 3.786142528551108e-05
88.0 3.306532193090471e-05
89.0 2.853784506620062e-05
90.0 2.430646706094474e-05
91.0 2.0393669160914596e-05
92.0 1.6815722270653097e-05
93.0 1.3582348239210692e-05
94.0 1.0697131210085771e-05
95.0 8.158495471473483e-06
96.0 5.961020298985985e-06
97.0 4.09683213585794e-06
98.0 2.55681544865817e-06
99.0 1.3314249442478183e-06
100.0 4.109603617602674e-07
101.0 -2.147329370099715e-07
102.0 -5.570677099175713e-07
103.0 -6.298608684043241e-07
104.0 -4.5059776818375075e-07
105.0 -4.156820465179535e-08
106.0 5.693543111581716e-07
107.0 1.3484658772375539e-06
108.0 2.2566177143070395e-06
109.0 3.250245371269998e-06
110.0 4.282965049585647e-06
111.0 5.307584167296432e-06
112.0 6.27832019548314e-06
113.0 7.15300093108336e-06
114.0 7.895033877162497e-06
115.0 8.474977322541574e-06
116.0 8.871608906930354e-06
117.0 9.07245379026526e-06
118.0 9.073791190704472e-06
119.0 8.880198158941202e-06
120.0 8.503712583611307e-06
121.0 7.962707256188339e-06
122.0 7.28056798050571e-06
123.0 6.484264578524335e-06
124.0 5.6028959997016005e-06
125.0 4.66628061134885e-06
126.0 3.703651301536004e-06
127.0 2.7425037012270427e-06
128.0 1.8076356939472813e-06
129.0 9.204073955121556e-07
130.0 9.824169993571188e-08
131.0 -6.456254795392951e-07
132.0 -1.3021501594758347e-06
133.0 -1.866261978891241e-06
134.0 -2.336461326072107e-06
135.0 -2.714284824470553e-06
136.0 -3.0037000645923458e-06
137.0 -3.2104900493142257e-06
138.0 -3.3416789884135534e-06
139.0 -3.405035942182153e-06
140.0 -3.4086749228247204e-06
141.0 -3.3607532604930764e-06
142.0 -3.2692573375503956e-06
143.0 -3.141857658933113e-06
144.0 -2.9858134974857742e-06
145.0 -2.8079096775121556e-06
146.0 -2.6144125873004527e-06
147.0 -2.4110375385557674e-06
148.0 -2.202923944672098e-06
149.0 -1.9946179034273995e-06
150.0 -1.790063533432121e-06
151.0 -1.592604954504396e-06
152.0 -1.4050003199907601e-06
153.0 -1.2294480309438382e-06
154.0 -1.0676234884213796e-06
155.0 -9.207229044772528e-07
156.0 -7.89509349329137e-07
157.0 -6.743559154733932e-07
158.0 -5.752819789144095e-07
159.0 -4.919809847111061e-07
160.0 -4.2384144821250016e-07
161.0 -3.6996602715755333e-07
162.0 -3.291955443636489e-07
163.0 -3.0014491592379375e-07
164.0 -2.8125579064139245e-07
165.0 -2.7086673346102214e-07
166.0 -2.672969813721162e-07
167.0 -2.689354641951863e-07
168.0 -2.743241337194486e-07
169.0 -2.8222446029752575e-07
170.0 -2.916583510673539e-07
171.0 -3.01919151050275e-07
172.0 -3.125537291452781e-07
173.0 -3.2332163972187486e-07
174.0 -3.341408342211549e-07
175.0 -3.450306445292823e-07
176.0 -3.560616256131369e-07
177.0 -3.673187772964306e-07
178.0 -3.7888055945963177e-07
179.0 -3.9081205693290894e-07
180.0 -4.031676195251007e-07
181.0 -4.1599692111732764e-07
182.0 -4.293487785870004e-07
183.0 -4.4326889816146306e-07
184.0 -4.5779030032900957e-07
185.0 -4.729177462654172e-07
186.0 -4.886094104281625e-07
187.0 -5.04759955560106e-07
188.0 -5.211890226465973e-07
189.0 -5.37638154575366e-07
190.0 -5.537776647000742e-07
191.0 -5.692232904136542e-07
192.0 -5.835609269697289e-07
193.0 -5.963765256456305e-07
194.0 -6.072875017949728e-07
195.0 -6.159718203628199e-07
196.0 -6.221913450157979e-07
197.0 -6.258070125385198e-07
198.0 -6.267847828610559e-07
199.0 -6.251928623750006e-07
200.0 -6.211920737101155e-07
201.0 -6.150221203560857e-07
202.0 -6.069866415508074e-07
203.0 -5.974393282866963e-07
204.0 -5.867721512845459e-07
205.0 -5.754052982881723e-07
206.0 -5.637771823537432e-07
207.0 -5.523322738764075e-07
208.0 -5.41504767454065e-07
209.0 -5.316972124016395e-07
210.0 -5.232549475733156e-07
211.0 -5.164390303576905e-07
212.0 -5.114018099989493e-07
213.0 -5.081699134960711e-07
214.0 -5.066389322497704e-07
215.0 -5.065825320598087e-07
216.0 -5.076763414094372e-07
217.0 -5.095342902642279e-07
218.0 -5.117526488136082e-07
219.0 -5.139553813431613e-07
220.0 -5.158339479164988e-07
221.0 -5.171754761468397e-07
222.0 -5.178751446571845e-07
223.0 -5.179313004787977e-07
224.0 -5.174247627207967e-07
225.0 -5.164863956800599e-07
226.0 -5.152588891250416e-07
227.0 -5.138594452053883e-07
228.0 -5.123496381483805e-07
229.0 -5.1071720805795e-07
230.0 -5.08872290999568e-07
231.0 -5.066580180487426e-07
232.0 -5.038730168312787e-07
233.0 -5.003015435127619e-07
234.0 -4.957460462473885e-07
235.0 -4.900570093459614e-07
236.0 -4.831558500538171e-07
237.0 -4.7504817186044745e-07
238.0 -4.6582645917537706e-07
239.0 -4.5566295783083945e-07
240.0 -4.4479472766416324e-07
241.0 -4.335035140929273e-07
242.0 -4.22093157429629e-07
243.0 -4.1086687133720954e-07
244.0 -4.0010609044443867e-07
245.0 -3.9005194360530196e-07
246.0 -3.8088993616081026e-07
247.0 -3.7273820977878893e-07
248.0 -3.656397717206885e-07
249.0 -3.59559237005628e-07
250.0 -3.5438475135611256e-07
251.0 -3.4993571221458466e-07
252.0 -3.459765872597724e-07
253.0 -3.4223653743524254e-07
254.0 -3.3843376617481653e-07
255.0 -3.3430268857254507e-07
256.0 -3.296213248955735e-07
257.0 -3.2423593967451916e-07
258.0 -3.1807998475759955e-07
259.0 -3.1118489641259624e-07
260.0 -3.0368118921572447e-07
261.0 -2.957894525995295e-07
262.0 -2.8780210834455256e-07
263.0 -2.8005793200510104e-07
264.0 -2.7291220205117055e-07
265.0 -2.6670579251836475e-07
266.0 -2.6173651456029664e-07
267.0 -2.582355627828625e-07
268.0 -2.5635112551667696e-07
269.0 -2.5614021477827626e-07
270.0 -2.5756872353770607e-07
271.0 -2.605187794685196e-07
272.0 -2.648017573442542e-07
273.0 -2.7017490864942625e-07
274.0 -2.7635948274431394e-07
275.0 -2.830584133297034e-07
276.0 -2.899720530466335e-07
277.0 -2.968109639202991e-07
278.0 -3.0330531771789657e-07
279.0 -3.092109492815577e-07
280.0 -3.1431248442901904e-07
281.0 -3.1842420761262444e-07
282.0 -3.213894441760922e-07
283.0 -3.230792265951376e-07
284.0 -3.233909214073245e-07
285.0 -3.2224734263181237e-07
286.0 -3.195966935291449e-07
287.0 -3.15413481236845e-07
288.0 -3.0970035323157673e-07
289.0 -3.0249062360500084e-07
290.0 -2.9385110351120633e-07
291.0 -2.838847371045745e-07
292.0 -2.7273248469640624e-07
293.0 -2.6057389864744977e-07
294.0 -2.476259089609662e-07
295.0 -2.3413947089603662e-07
296.0 -2.2039391374866628e-07
297.0 -2.0668904823750973e-07
298.0 -1.9333531474014965e-07
299.0 -1.8064246005794985e-07
