10.0 0.02071080365967749
11.0 0.01369270446989686
12.0 0.00860293048724481
13.0 0.004997501607248127
14.0 0.0025063427300269867
15.0 0.0008360532783306512
16.0 -0.0002392525021894
17.0 -0.0008908992093002054
18.0 -0.001247173207787288
19.0 -0.0014023628796319282
20.0 -0.0014243830046709327
21.0 -0.001361432432709213
22.0 -0.0012474132254630783
23.0 -0.0011059575593060386
24.0 -0.000953245550076333
25.0 -0.0007999858264728831
26.0 -0.0006529154282436144
27.0 -0.0005160046311482202
28.0 -0.00039138227972445883
29.0 -0.00027996753696830364
30.0 -0.00018187030707087905
31.0 -9.666464271268594e-05
32.0 -2.3599237737347013e-05
33.0 3.824594263208502e-05
34.0 8.98628433695665e-05
35.0 0.00013226687124304908
36.0 0.00016646771881988323
37.0 0.0001934367404905043
38.0 0.00021407466598977296
39.0 0.00022919870721761483
40.0 0.00023955319449588718
41.0 0.0002458242985959328
42.0 0.00024863958493930233
43.0 0.0002485561122124555
44.0 0.00024605601460025024
45.0 0.00024155830705872885
46.0 0.00023543607062917544
47.0 0.0002280243227077766
48.0 0.00021961755768277506
49.0 0.00021046757968666408
50.0 0.00020078875114728289
51.0 0.00019076686562947994
52.0 0.00018056410549396212
53.0 0.00017031854308671997
54.0 0.00016014299884353796
55.0 0.00015012745308962038
56.0 0.00014034416859384986
57.0 0.00013085198771564695
58.0 0.00012169817490764059
59.0 0.00011291928438134319
60.0 0.00010454311981509398
61.0 9.659189171915209e-05
62.0 8.908480698071873e-05
63.0 8.203848011586264e-05
64.0 7.546530513201999e-05
65.0 6.937146224646304e-05
66.0 6.375626277005351e-05
67.0 5.861323614840514e-05
68.0 5.393194581929978e-05
69.0 4.969909030172352e-05
70.0 4.58981537749967e-05
71.0 4.2507950384180084e-05
72.0 3.9500956269080114e-05
73.0 3.684209040431857e-05
74.0 3.4488084558714745e-05
75.0 3.238740852188546e-05
76.0 3.0481007665536857e-05
77.0 2.8704413771248907e-05
78.0 2.699161990152924e-05
79.0 2.52804622196875e-05
80.0 2.3518581880331354e-05
81.0 2.1668791015390037e-05
82.0 1.971288360938419e-05
83.0 1.7653328964250238e-05
84.0 1.551260351529634e-05
85.0 1.333014920586674e-05
86.0 1.1157234478204929e-05
87.0 9.050379354239834e-06
88.0 7.064341744112486e-06
89.0 5.24575221069558e-06
90.0 3.6282762691940174e-06
91.0 2.229807426630648e-06
92.0 1.051835920135398e-06
93.0 8.088915589115813e-08
94.0 -7.082335943160551e-07
95.0 -1.3478817393614048e-06
96.0 -1.8722667785945803e-06
97.0 -2.312251106606296e-06
98.0 -2.691015380189846e-06
99.0 -3.0212658132331917e-06
100.0 -3.3043649359785586e-06
101.0 -3.5314247214318496e-06
102.0 -3.6860679927621214e-06
103.0 -3.748308207899636e-06
104.0 -3.698861350162952e-06
105.0 -3.5231996119320454e-06
106.0 -3.214766643942715e-06
107.0 -2.776957759037552e-06
108.0 -2.2236805957452814e-06
109.0 -1.578518866904901e-06
110.0 -8.727050100161947e-07
111.0 -1.4225345133895754e-07
112.0 5.753021314621988e-07
113.0 1.244105451497328e-06
114.0 1.8327086165962188e-06
115.0 2.316067828105611e-06
116.0 2.6766950767551e-06
117.0 2.9050045081065614e-06
118.0 2.998991987787206e-06
119.0 2.963428223679731e-06
120.0 2.8087416466149997e-06
121.0 2.549739867704928e-06
122.0 2.2042873222285225e-06
123.0 1.7920300159718336e-06
124.0 1.3332348473666758e-06
125.0 8.477869520646215e-07
126.0 3.543637403673423e-07
127.0 -1.3021654234288647e-07
128.0 -5.914849204576067e-07
129.0 -1.0176626390665502e-06
130.0 -1.3998559042202352e-06
131.0 -1.7320980126975794e-06
132.0 -2.0112311639003905e-06
133.0 -2.2366308834313556e-06
134.0 -2.4097963012212503e-06
135.0 -2.5338521702355534e-06
136.0 -2.613024430791052e-06
137.0 -2.652153539345891e-06
138.0 -2.6562970150771043e-06
139.0 -2.6304486846673894e-06
140.0 -2.5793746925838267e-06
141.0 -2.5075437744914975e-06
142.0 -2.419117199223182e-06
143.0 -2.3179634502629714e-06
144.0 -2.207671357287036e-06
145.0 -2.0915479917284783e-06
146.0 -1.9725992989446486e-06
147.0 -1.8534990951768627e-06
148.0 -1.736555078899525e-06
149.0 -1.6236801319742482e-06
150.0 -1.5163753436129541e-06
151.0 -1.4157293516687098e-06
152.0 -1.3224371774975053e-06
153.0 -1.2368402076022904e-06
154.0 -1.1589865316169413e-06
155.0 -1.088707152775713e-06
156.0 -1.0256992729386231e-06
157.0 -9.6960441385432e-07
158.0 -9.200683025352506e-07
159.0 -8.767723321273638e-07
160.0 -8.394328263737207e-07
161.0 -8.077726649659172e-07
162.0 -7.814775004122863e-07
163.0 -7.601532287118994e-07
164.0 -7.433009455018245e-07
165.0 -7.303202980993276e-07
166.0 -7.205435217150774e-07
167.0 -7.132931696880397e-07
168.0 -7.079494057245175e-07
169.0 -7.040097640407211e-07
170.0 -7.011262124428962e-07
171.0 -6.991104380274319e-07
172.0 -6.979066549086258e-07
173.0 -6.975395259347526e-07
174.0 -6.980507718258534e-07
175.0 -6.994402244117743e-07
176.0 -7.016250675442148e-07
177.0 -7.044255510721051e-07
178.0 -7.075782193309696e-07
179.0 -7.107707435696312e-07
180.0 -7.136876701744783e-07
181.0 -7.160549246626343e-07
182.0 -7.176728127611391e-07
183.0 -7.184315866094215e-07
184.0 -7.183088267090564e-07
185.0 -7.173523226854164e-07
186.0 -7.156547184652895e-07
187.0 -7.133266180232644e-07
188.0 -7.104735709405894e-07
189.0 -7.071802345276805e-07
190.0 -7.035028920101246e-07
191.0 -6.994699082085147e-07
192.0 -6.950887069426074e-07
193.0 -6.903572439326876e-07
194.0 -6.852774727676932e-07
195.0 -6.798678907817642e-07
196.0 -6.74172088735757e-07
197.0 -6.682606326060061e-07
198.0 -6.622248109295148e-07
199.0 -6.56162727528859e-07
200.0 -6.501604795527892e-07
201.0 -6.442730437817545e-07
202.0 -6.38510291840509e-07
203.0 -6.328328253552656e-07
204.0 -6.271600912664439e-07
205.0 -6.213900353152248e-07
206.0 -6.154262653297342e-07
207.0 -6.092062944425691e-07
208.0 -6.027236625139743e-07
209.0 -5.960378785040129e-07
210.0 -5.892689281842416e-07
211.0 -5.825768247858066e-07
212.0 -5.761303670848289e-07
213.0 -5.700719579840451e-07
214.0 -5.644863581537944e-07
215.0 -5.593803836342859e-07
216.0 -5.546780657955881e-07
217.0 -5.502323253528233e-07
218.0 -5.45850615888975e-07
219.0 -5.413290897742218e-07
220.0 -5.364882370371211e-07
221.0 -5.312029157748668e-07
222.0 -5.254211379299693e-07
223.0 -5.191684982168562e-07
224.0 -5.12538148331386e-07
225.0 -5.056690832042567e-07
226.0 -4.9871765816726e-07
227.0 -4.918283088865517e-07
228.0 -4.85109247533503e-07
229.0 -4.786175560769919e-07
230.0 -4.723559109380556e-07
231.0 -4.662806318537701e-07
232.0 -4.6031839618983113e-07
233.0 -4.543872968785924e-07
234.0 -4.484172923997517e-07
235.0 -4.4236561042322496e-07
236.0 -4.3622416664647815e-07
237.0 -4.3001815757402234e-07
238.0 -4.237971516729175e-07
239.0 -4.1762170273184646e-07
240.0 -4.1154933998695637e-07
241.0 -4.056235857938892e-07
242.0 -3.9986852327549904e-07
243.0 -3.942897318090657e-07
244.0 -3.888806112919708e-07
245.0 -3.836317088462264e-07
246.0 -3.7853999318526154e-07
247.0 -3.7361522164263787e-07
248.0 -3.6888150190809094e-07
249.0 -3.6437356098166367e-07
250.0 -3.601286975079727e-07
251.0 -3.561765279961478e-07
252.0 -3.52529175987446e-07
253.0 -3.4917440282304844e-07
254.0 -3.460734252523252e-07
255.0 -3.4316403335290593e-07
256.0 -3.4036840563758834e-07
257.0 -3.376040019067104e-07
258.0 -3.3479531036718565e-07
259.0 -3.318841337567071e-07
260.0 -3.288364991213211e-07
261.0 -3.256450449221456e-07
262.0 -3.2232668986570124e-07
263.0 -3.1891631320203284e-07
264.0 -3.154578928766676e-07
265.0 -3.1199492994260697e-07
266.0 -3.0856198581497593e-07
267.0 -3.0517880372537946e-07
268.0 -3.018478749089927e-07
269.0 -2.985555844633282e-07
270.0 -2.9527638422118957e-07
271.0 -2.9197892342089963e-07
272.0 -2.886328098616471e-07
273.0 -2.852147014406564e-07
274.0 -2.817127055301349e-07
275.0 -2.781285071787188e-07
276.0 -2.7447714545284713e-07
277.0 -2.7078479966341255e-07
278.0 -2.6708524861252347e-07
279.0 -2.6341578377346614e-07
280.0 -2.598132966198864e-07
281.0 -2.563110668326889e-07
282.0 -2.5293652141982057e-07
283.0 -2.4970998749292795e-07
284.0 -2.4664428008470415e-07
285.0 -2.4374487918268447e-07
286.0 -2.410104542383573e-07
287.0 -2.3843356221482344e-07
288.0 -2.3600143693705076e-07
289.0 -2.33696865102379e-07
290.0 -2.3149918284855506e-07
291.0 -2.2938541978038379e-07
292.0 -2.2733157557038625e-07
293.0 -2.2531395916805728e-07
294.0 -2.2331047565781162e-07
295.0 -2.213017281150208e-07
296.0 -2.1927181771433672e-07
297.0 -2.1720876971591032e-07
298.0 -2.1510457252459856e-07
299.0 -2.1295487568697844e-07
