10.0 0.006506651966966889
11.0 0.006090390651423086
12.0 0.00571072942780285
13.0 0.005364144959271835
14.0 0.00504715483177416
15.0 0.004756638009141046
16.0 0.0044898516707292
17.0 0.004244321222694296
18.0 0.0040178013530563
19.0 0.0038083117814981956
20.0 0.0036141472114693367
21.0 0.0034338348796355347
22.0 0.0032660784016267297
23.0 0.0031097198039546194
24.0 0.0029637247403997155
25.0 0.002827178352948629
26.0 0.0026992769823200083
27.0 0.0025793113470640857
28.0 0.0024666478916056424
29.0 0.0023607157549058073
30.0 0.0022609995789636206
31.0 0.002167033859151927
32.0 0.0020783965254799136
33.0 0.0019947028143690476
34.0 0.0019156010334952065
35.0 0.0018407701296383559
36.0 0.001769917443280778
37.0 0.0017027754057042607
38.0 0.0016390978158732773
39.0 0.0015786573407926647
40.0 0.0015212446398101423
41.0 0.0014666677011694288
42.0 0.001414750025597049
43.0 0.001365328045244605
44.0 0.0013182492774772717
45.0 0.0012733718721925273
46.0 0.0012305646853033524
47.0 0.0011897067201344976
48.0 0.0011506858382063264
49.0 0.0011133975404841014
50.0 0.0010777443605462047
51.0 0.0010436355871971208
52.0 0.0010109867592547454
53.0 0.000979718840389574
54.0 0.0009497574642558678
55.0 0.0009210325797256151
56.0 0.0008934784225318785
57.0 0.0008670335170236131
58.0 0.0008416405465627705
59.0 0.0008172461645820516
60.0 0.0007938008661130359
61.0 0.000771258901745015
62.0 0.0007495780956867321
63.0 0.0007287194703511508
64.0 0.0007086467365578783
65.0 0.000689325829594548
66.0 0.0006707246539115698
67.0 0.0006528130657144307
68.0 0.0006355629823020122
69.0 0.0006189484575542131
70.0 0.0006029456190418765
71.0 0.0005875324590066032
72.0 0.000572688531029276
73.0 0.0005583946013132028
74.0 0.0005446322740094951
75.0 0.0005313836022680828
76.0 0.0005186307197416134
77.0 0.0005063555471792961
78.0 0.0004945396109899842
79.0 0.0004831639595323893
80.0 0.0004722091173913013
81.0 0.000461655012678344
82.0 0.00045148084718897656
83.0 0.00044166492520981504
84.0 0.00043218448662926494
85.0 0.00042301559808876563
86.0 0.0004141331519338968
87.0 0.00040551101349232255
88.0 0.00039712233919601706
89.0 0.00038894005663464906
90.0 0.0003809374590211403
91.0 0.00037308883775855696
92.0 0.0003653700731231502
93.0 0.00035775912600939945
94.0 0.0003502364100778696
95.0 0.0003427850556287599
96.0 0.0003353910926469098
97.0 0.00032804357989652406
98.0 0.0003207346960624855
99.0 0.0003134597954168475
100.0 0.000306217419656636
101.0 0.00029900925186432896
102.0 0.0002918399983982054
103.0 0.00028471718898333325
104.0 0.00027765089252470047
105.0 0.0002706533542048569
106.0 0.0002637385667925985
107.0 0.000256921794973359
108.0 0.0002502190752911586
109.0 0.0002436467151489815
110.0 0.0002372208116286168
111.0 0.0002309568051492025
112.0 0.00022486907623037744
113.0 0.00021897058872620762
114.0 0.00021327258191118482
115.0 0.00020778431661054223
116.0 0.00020251288479196925
117.0 0.00019746309435400146
118.0 0.00019263743886999694
119.0 0.00018803615555648687
120.0 0.00018365736561883896
121.0 0.00017949728222872152
122.0 0.00017555046509754816
123.0 0.00017181009802272053
124.0 0.0001682682667244844
125.0 0.00016491621792244566
126.0 0.0001617445860361943
127.0 0.000158743580430972
128.0 0.0001559031330861555
129.0 0.00015321301302917659
130.0 0.00015066291867956854
131.0 0.00014824256125798806
132.0 0.00014594175102176278
133.0 0.0001437504935707213
134.0 0.00014165909704145542
135.0 0.00013965828450123726
136.0 0.00013773930111880104
137.0 0.00013589400400684136
138.0 0.00013411492431056812
139.0 0.0001323952954573451
140.0 0.00013072904708195907
141.0 0.00012911076941226888
142.0 0.00012753565658119652
143.0 0.0001259994388169525
144.0 0.00012449831284841025
145.0 0.00012302887775282966
146.0 0.00012158808067949652
147.0 0.00012017317413692438
148.0 0.00011878168431749286
149.0 0.00011741138845978279
150.0 0.00011606029851733203
151.0 0.00011472664831207808
152.0 0.00011340888177353906
153.0 0.00011210564066861099
154.0 0.0001108157512549328
155.0 0.00010953821033446522
156.0 0.0001082721719867039
157.0 0.00010701693657127741
158.0 0.00010577194325062312
159.0 0.00010453676631777172
160.0 0.000103311114261378
161.0 0.00010209482917260639
162.0 0.0001008878832627961
163.0 9.969036928084313e-05
164.0 9.850248261904163e-05
165.0 9.732449469794452e-05
166.0 9.61567193826914e-05
167.0 9.499947612722355e-05
168.0 9.385305472813657e-05
169.0 9.27176866540142e-05
170.0 9.159352685279378e-05
171.0 9.048064798656474e-05
172.0 8.937904668404552e-05
173.0 8.828865920945604e-05
174.0 8.720938243392693e-05
175.0 8.614109548257157e-05
176.0 8.508367797435703e-05
177.0 8.403702216545565e-05
178.0 8.300103814438895e-05
179.0 8.197565302129947e-05
180.0 8.096080636763426e-05
181.0 7.995644472305e-05
182.0 7.896251774345162e-05
183.0 7.797897768251115e-05
184.0 7.700578268863676e-05
185.0 7.604290321063745e-05
186.0 7.509032992762469e-05
187.0 7.414808121330376e-05
188.0 7.32162082289634e-05
189.0 7.229479621612661e-05
190.0 7.138396127188935e-05
191.0 7.048384267435898e-05
192.0 6.959459154714858e-05
193.0 6.871635721385897e-05
194.0 6.78492729318224e-05
195.0 6.699344276960589e-05
196.0 6.614893119039455e-05
197.0 6.531575644402784e-05
198.0 6.449388822235512e-05
199.0 6.368324931389251e-05
200.0 6.288372035651919e-05
201.0 6.209514638158835e-05
202.0 6.131734377355278e-05
203.0 6.055010655627763e-05
204.0 5.979321148093934e-05
205.0 5.9046422066732066e-05
206.0 5.830949232943295e-05
207.0 5.75821712376693e-05
208.0 5.6864208851359766e-05
209.0 5.61553646217421e-05
210.0 5.545541758400304e-05
211.0 5.4764177354615504e-05
212.0 5.408149419078826e-05
213.0 5.3407266081686393e-05
214.0 5.274144103542814e-05
215.0 5.2084013397822244e-05
216.0 5.143501406337921e-05
217.0 5.0794495600824826e-05
218.0 5.0162514359843575e-05
219.0 4.95391123199458e-05
220.0 4.8924301627113336e-05
221.0 4.831805438870799e-05
222.0 4.77202994282198e-05
223.0 4.713092650521859e-05
224.0 4.654979721160222e-05
225.0 4.597676060706763e-05
226.0 4.5411670865526166e-05
227.0 4.4854403907723336e-05
228.0 4.430487023490844e-05
229.0 4.3763021894082556e-05
230.0 4.322885255106718e-05
231.0 4.2702390821365605e-05
232.0 4.218368809359252e-05
233.0 4.167280288639991e-05
234.0 4.116978418099004e-05
235.0 4.0674656127022245e-05
236.0 4.018740607871452e-05
237.0 3.970797720300501e-05
238.0 3.9236266078064755e-05
239.0 3.8772124937220164e-05
240.0 3.831536764522947e-05
241.0 3.786577819461623e-05
242.0 3.742312048203103e-05
243.0 3.698714830832738e-05
244.0 3.655761484210365e-05
245.0 3.6134281087876136e-05
246.0 3.571692312225672e-05
247.0 3.530533796283314e-05
248.0 3.48993479227166e-05
249.0 3.44988032277905e-05
250.0 3.4103582603982604e-05
251.0 3.371359154617648e-05
252.0 3.332875810209882e-05
253.0 3.2949026249299927e-05
254.0 3.257434727692333e-05
255.0 3.2204669940993074e-05
256.0 3.183993046273687e-05
257.0 3.1480043609782056e-05
258.0 3.112489608890698e-05
259.0 3.077434327055467e-05
260.0 3.0428209882418114e-05
261.0 3.00862948090153e-05
262.0 2.9748379595651828e-05
263.0 2.9414239764910034e-05
264.0 2.9083657689039523e-05
265.0 2.875643557679321e-05
266.0 2.84324071513671e-05
267.0 2.811144680612851e-05
268.0 2.7793475385447695e-05
269.0 2.7478462186577415e-05
270.0 2.716642324324688e-05
271.0 2.6857416364221242e-05
272.0 2.6551533707017925e-05
273.0 2.6248892837136685e-05
274.0 2.5949627250350508e-05
275.0 2.565387723668298e-05
276.0 2.5361781773378472e-05
277.0 2.5073471892864474e-05
278.0 2.4789065722749403e-05
279.0 2.4508665173472645e-05
280.0 2.4232354078807474e-05
281.0 2.396019748552079e-05
282.0 2.369224174017563e-05
283.0 2.3428515024413562e-05
284.0 2.316902803214218e-05
285.0 2.291377454958813e-05
286.0 2.2662731780694567e-05
287.0 2.241586034699074e-05
288.0 2.21731039761859e-05
289.0 2.193438897177419e-05
290.0 2.1699623621490317e-05
291.0 2.146869774993958e-05
292.0 2.1241482644730214e-05
293.0 2.101783158183773e-05
294.0 2.0797581143050224e-05
295.0 2.058055345804748e-05
296.0 2.0366559421499915e-05
297.0 2.0155402840491273e-05
298.0 1.9946885370482727e-05
299.0 1.9740812010316643e-05
