10.0 0.01452757352677643
11.0 0.013571329854835418
12.0 0.012688221880003995
13.0 0.011875030644909659
14.0 0.01112759269131196
15.0 0.010441058299045515
16.0 0.009809969121479013
17.0 0.009228355455592948
18.0 0.008690098667960122
19.0 0.008189427544093882
20.0 0.007721253225109498
21.0 0.007281265712312755
22.0 0.006865893135660698
23.0 0.0064722240375705885
24.0 0.006097934342362498
25.0 0.005741216097042274
26.0 0.0054006923294697305
27.0 0.0050753183701888315
28.0 0.004764289202685279
29.0 0.004466970565511275
30.0 0.004182853492336714
31.0 0.003911521025090431
32.0 0.0036526199896643415
33.0 0.0034058383430372176
34.0 0.0031708901473277524
35.0 0.002947506873339911
36.0 0.0027354307173899223
37.0 0.0025344067206526343
38.0 0.0023441748359277065
39.0 0.0021644654204500398
40.0 0.0019949989258619214
41.0 0.00183548656136618
42.0 0.001685628822763145
43.0 0.0015451126776037153
44.0 0.0014136106647636537
45.0 0.0012907833013275866
46.0 0.0011762828028228853
47.0 0.0010697554776445827
48.0 0.0009708425118062297
49.0 0.0008791808651221536
50.0 0.0007944054354953028
51.0 0.0007161518295734468
52.0 0.0006440584730026458
53.0 0.0005777678262808401
54.0 0.0005169275434350944
55.0 0.00046119228175362767
56.0 0.00041022598548033217
57.0 0.0003637039847620996
58.0 0.00032131456088825946
59.0 0.00028276015248924113
60.0 0.00024775848272697135
61.0 0.00021604357583629137
62.0 0.0001873663560990661
63.0 0.00016149460439222814
64.0 0.00013821238817749858
65.0 0.00011731934414716342
66.0 9.863014945445266e-05
67.0 8.197421797641534e-05
68.0 6.719534673132228e-05
69.0 5.415093541442683e-05
70.0 4.2710545434667886e-05
71.0 3.275381250736463e-05
72.0 2.416790499082043e-05
73.0 1.684476750861311e-05
74.0 1.0678376435989307e-05
75.0 5.562256312705612e-06
76.0 1.3875724990195888e-06
77.0 -1.957859199394284e-06
78.0 -4.589401826056031e-06
79.0 -6.62422837334004e-06
80.0 -8.178938870332036e-06
81.0 -9.366489865361448e-06
82.0 -1.0292805337645642e-05
83.0 -1.1053423177632907e-05
84.0 -1.1730501419272835e-05
85.0 -1.2390466263368454e-05
86.0 -1.308250964934398e-05
87.0 -1.3838035950852864e-05
88.0 -1.4671045703782524e-05
89.0 -1.5579366312826376e-05
90.0 -1.6546606536451842e-05
91.0 -1.7544702836606165e-05
92.0 -1.8536913434047967e-05
93.0 -1.9481090925218074e-05
94.0 -2.0333040525982357e-05
95.0 -2.104976838716312e-05
96.0 -2.1592449842923568e-05
97.0 -2.1928990133478612e-05
98.0 -2.2036091882426577e-05
99.0 -2.19007718677377e-05
100.0 -2.1521283260767838e-05
101.0 -2.090740606089858e-05
102.0 -2.0080078191246535e-05
103.0 -1.9070360893150585e-05
104.0 -1.79177682636734e-05
105.0 -1.6668039731014188e-05
106.0 -1.5370488110355127e-05
107.0 -1.4075103757090173e-05
108.0 -1.2829627365853876e-05
109.0 -1.167681446492181e-05
110.0 -1.0652102566901652e-05
111.0 -9.781858920681812e-06
112.0 -9.082335327327092e-06
113.0 -8.559389805727604e-06
114.0 -8.208958825902357e-06
115.0 -8.01818800985788e-06
116.0 -7.967065985270423e-06
117.0 -8.030366875962033e-06
118.0 -8.179697935240882e-06
119.0 -8.385468744427568e-06
120.0 -8.618639226308524e-06
121.0 -8.852154274354065e-06
122.0 -9.062022669968239e-06
123.0 -9.228040107274237e-06
124.0 -9.334187292897124e-06
125.0 -9.368753613402782e-06
126.0 -9.324245437796688e-06
127.0 -9.197137057984825e-06
128.0 -8.987513635053176e-06
129.0 -8.698642428468403e-06
130.0 -8.336494995168528e-06
131.0 -7.909232860484653e-06
132.0 -7.426665010136902e-06
133.0 -6.899687849926013e-06
134.0 -6.3397250864261755e-06
135.0 -5.758192735709371e-06
136.0 -5.166019317004967e-06
137.0 -4.573250491168316e-06
138.0 -3.988760253206927e-06
139.0 -3.420078749555593e-06
140.0 -2.8733328472209777e-06
141.0 -2.3532831048552162e-06
142.0 -1.8634324171932431e-06
143.0 -1.4061785089576507e-06
144.0 -9.829842871249221e-07
145.0 -5.945453591641155e-07
146.0 -2.4094090762256736e-07
147.0 7.823909436300538e-08
148.0 3.637917366631048e-07
149.0 6.168215647062226e-07
150.0 8.386787273995265e-07
151.0 1.0309093311682716e-06
152.0 1.1952129206239635e-06
153.0 1.3334034464212168e-06
154.0 1.4473721573105922e-06
155.0 1.5390530947448741e-06
156.0 1.6103936733164016e-06
157.0 1.663333592007445e-06
158.0 1.6997946385137067e-06
159.0 1.7216818304921921e-06
160.0 1.730893294423965e-06
161.0 1.7293332366426913e-06
162.0 1.7189203765034245e-06
163.0 1.7015841378255601e-06
164.0 1.679243048353497e-06
165.0 1.6537638109747382e-06
166.0 1.6269044101952487e-06
167.0 1.6002491028341796e-06
168.0 1.5751459777719983e-06
169.0 1.5526581527702333e-06
170.0 1.5335374652149512e-06
171.0 1.5182252550009848e-06
172.0 1.5068795999286576e-06
173.0 1.4994234335186027e-06
174.0 1.495604513341388e-06
175.0 1.4950569569892316e-06
176.0 1.4973551761584139e-06
177.0 1.5020540713883611e-06
178.0 1.5087134029353497e-06
179.0 1.5169082367956225e-06
180.0 1.5262302969460863e-06
181.0 1.536286316952929e-06
182.0 1.5466989584359608e-06
183.0 1.5571139162660138e-06
184.0 1.5672141536375314e-06
185.0 1.5767395891638143e-06
186.0 1.585508640212228e-06
187.0 1.5934371709427634e-06
188.0 1.6005506350494211e-06
189.0 1.6069863205765384e-06
190.0 1.6129842427144463e-06
191.0 1.6188670233341507e-06
192.0 1.6250107409186643e-06
193.0 1.6318100162050854e-06
194.0 1.6396413745140142e-06
195.0 1.6488291061913057e-06
196.0 1.659617396282212e-06
197.0 1.6721514551959806e-06
198.0 1.6864689018173434e-06
199.0 1.7025009916126897e-06
200.0 1.7200817864907227e-06
201.0 1.7389623733241688e-06
202.0 1.7588269972340693e-06
203.0 1.7793085407055119e-06
204.0 1.8000019827023037e-06
205.0 1.820475952888596e-06
206.0 1.840283797789792e-06
207.0 1.8589762772612647e-06
208.0 1.8761178546004526e-06
209.0 1.891307523499399e-06
210.0 1.9042034809358806e-06
211.0 1.9145491542863127e-06
212.0 1.9221966456847927e-06
213.0 1.927123021461273e-06
214.0 1.929435310732347e-06
215.0 1.9293615801390765e-06
216.0 1.9272277470138633e-06
217.0 1.9234224028663557e-06
218.0 1.9183542762977946e-06
219.0 1.912408547638308e-06
220.0 1.9059086790824426e-06
221.0 1.8990896271068336e-06
222.0 1.8920864023067916e-06
223.0 1.8849393026844435e-06
224.0 1.8776142778263052e-06
225.0 1.870034325505191e-06
226.0 1.862116047525331e-06
227.0 1.853804805149443e-06
228.0 1.845102409000809e-06
229.0 1.8360828225936058e-06
230.0 1.8268936299631399e-06
231.0 1.817743570255652e-06
232.0 1.808878796314966e-06
233.0 1.8005522518654047e-06
234.0 1.7929914054355751e-06
235.0 1.7863694416128306e-06
236.0 1.7807840027324397e-06
237.0 1.7762459715939402e-06
238.0 1.7726789572125995e-06
239.0 1.7699284669792507e-06
240.0 1.7677785190301952e-06
241.0 1.765972830302206e-06
242.0 1.7642377116154572e-06
243.0 1.7623042737311501e-06
244.0 1.7599282725921406e-06
245.0 1.7569066552169052e-06
246.0 1.7530904171674115e-06
247.0 1.7483936517863066e-06
248.0 1.7427986751790554e-06
249.0 1.736356956678552e-06
250.0 1.7291854290812405e-06
251.0 1.7214577484261156e-06
252.0 1.713390318470307e-06
253.0 1.705223405723399e-06
254.0 1.6971983738576865e-06
255.0 1.689532819266067e-06
256.0 1.6823960181034584e-06
257.0 1.6758874367071892e-06
258.0 1.670021000602938e-06
259.0 1.66471732878195e-06
260.0 1.65980527171207e-06
261.0 1.655032970768855e-06
262.0 1.650087459858701e-06
263.0 1.6446207482008057e-06
264.0 1.6382795266282192e-06
265.0 1.630735247327092e-06
266.0 1.6217113871490731e-06
267.0 1.611005190307757e-06
268.0 1.5985020031479654e-06
269.0 1.584181320559173e-06
270.0 1.5681146995365496e-06
271.0 1.5504566083900266e-06
272.0 1.531429951972301e-06
273.0 1.5113083762543449e-06
274.0 1.4903974980723891e-06
275.0 1.469016967750228e-06
276.0 1.447484830955276e-06
277.0 1.4261051079264988e-06
278.0 1.40515894869483e-06
279.0 1.3848992310403968e-06
280.0 1.3655480957651289e-06
281.0 1.3472966839833057e-06
282.0 1.330306250115456e-06
283.0 1.314709850604263e-06
284.0 1.3006139216684116e-06
285.0 1.2880992285720727e-06
286.0 1.277220867245092e-06
287.0 1.2680072061517219e-06
288.0 1.260457856811579e-06
289.0 1.2545409427966278e-06
290.0 1.2501900873741318e-06
291.0 1.2473016469047552e-06
292.0 1.2457327687541362e-06
293.0 1.2453008398279408e-06
294.0 1.2457848114379087e-06
295.0 1.24692874249044e-06
296.0 1.248447708969824e-06
297.0 1.2500360038136956e-06
298.0 1.2513773228052479e-06
299.0 1.2521564250913786e-06
