10.0 0.00653375204274
11.0 0.00612189702915
12.0 0.00574542393179
13.0 0.00540049599775
14.0 0.00508350394545
15.0 0.00479139167472
16.0 0.00452164934118
17.0 0.00427215876063
18.0 0.00404109924432
19.0 0.00382692749052
20.0 0.00362833905728
21.0 0.00344418996743
22.0 0.00327341929019
23.0 0.00311500414465
24.0 0.00296794983354
25.0 0.0028312992688
26.0 0.00270414333873
27.0 0.00258562459064
28.0 0.00247493833965
29.0 0.00237133686461
30.0 0.00227413590198
31.0 0.00218271879802
32.0 0.00209653616584
33.0 0.00201510258967
34.0 0.00193799263001
35.0 0.00186483673704
36.0 0.00179531611257
37.0 0.00172915584111
38.0 0.00166611737607
39.0 0.00160599235445
40.0 0.00154859836059
41.0 0.00149377535539
42.0 0.00144138146137
43.0 0.00139128849425
44.0 0.00134337870754
45.0 0.00129754335392
46.0 0.00125368213076
47.0 0.00121170228356
48.0 0.00117151720327
49.0 0.00113304525882
50.0 0.00109620935329
51.0 0.00106093687599
52.0 0.00102715945424
53.0 0.000994812380124
54.0 0.000963834074561
55.0 0.000934165894909
56.0 0.000905752192291
57.0 0.000878540305909
58.0 0.000852480320438
59.0 0.000827524651275
60.0 0.000803627577019
61.0 0.000780744709513
62.0 0.000758832282487
63.0 0.000737846193496
64.0 0.00071774090464
65.0 0.000698468442837
66.0 0.000679977735386
67.0 0.000662214391546
68.0 0.000645120902805
69.0 0.0006286371788
70.0 0.000612701375397
71.0 0.000597251040381
72.0 0.000582224623131
73.0 0.000567563344234
74.0 0.00055321333903
75.0 0.000539127929251
76.0 0.000525269855011
77.0 0.000511613288629
78.0 0.000498145424161
79.0 0.000484867401485
80.0 0.00047179432256
81.0 0.000458954183555
82.0 0.000446385674589
83.0 0.000434134951157
84.0 0.000422251618899
85.0 0.000410784277331
86.0 0.000399776035009
87.0 0.000389260434442
88.0 0.000379258199269
89.0 0.000369775132554
90.0 0.000360801363941
91.0 0.000352311991459
92.0 0.000344269020538
93.0 0.000336624386351
94.0 0.000329323759822
95.0 0.00032231077948
96.0 0.000315531319991
97.0 0.000308937407969
98.0 0.000302490431768
99.0 0.000296163364978
100.0 0.000289941827015
101.0 0.000283823926019
102.0 0.000277818954307
103.0 0.000271945119426
104.0 0.000266226581372
105.0 0.000260690119664
106.0 0.000255361768973
107.0 0.000250263740419
108.0 0.000245411893148
109.0 0.00024081394543
110.0 0.00023646852608
111.0 0.00023236507592
112.0 0.000228484526506
113.0 0.000224800618685
114.0 0.000221281683147
115.0 0.000217892689995
116.0 0.000214597381054
117.0 0.000211360320702
118.0 0.000208148731681
119.0 0.000204934016391
120.0 0.000201692898499
121.0 0.000198408152817
122.0 0.000195068922168
123.0 0.000191670647067
124.0 0.000188214656158
125.0 0.000184707481265
126.0 0.000181159970488
127.0 0.000177586276383
128.0 0.000174002794921
129.0 0.000170427125335
130.0 0.00016687711162
131.0 0.000163370013781
132.0 0.000159921841365
133.0 0.000156546864653
134.0 0.000153257301856
135.0 0.000150063165855
136.0 0.000146972243387
137.0 0.000143990174217
138.0 0.000141120597815
139.0 0.000138365339299
140.0 0.000135724613224
141.0 0.000133197231087
142.0 0.000130780804749
143.0 0.000128471942331
144.0 0.000126266435408
145.0 0.000124159436984
146.0 0.000122145629372
147.0 0.0001202193805
148.0 0.000118374886639
149.0 0.000116606299481
150.0 0.000114907835695
151.0 0.000113273867759
152.0 0.000111698995636
153.0 0.000110178099973
154.0 0.000108706378495
155.0 0.000107279368349
156.0 0.000105892957741
157.0 0.000104543390405
158.0 0.000103227265871
159.0 0.000101941537326
160.0 0.000100683507339
161.0 9.94508201971e-05
162.0 9.82414486063e-05
163.0 9.70536724051e-05
164.0 9.58860478257e-05
165.0 9.47373675319e-05
166.0 9.360661374e-05
167.0 9.24929085794e-05
168.0 9.13954669413e-05
169.0 9.03135570413e-05
170.0 8.92464727494e-05
171.0 8.81935196667e-05
172.0 8.71540144563e-05
173.0 8.61272946405e-05
174.0 8.51127344797e-05
175.0 8.41097619873e-05
176.0 8.31178726639e-05
177.0 8.21366369536e-05
178.0 8.11657003276e-05
179.0 8.02047767858e-05
180.0 7.92536379974e-05
181.0 7.83121009757e-05
182.0 7.73800170528e-05
183.0 7.6457264123e-05
184.0 7.55437429684e-05
185.0 7.46393773068e-05
186.0 7.37441163007e-05
187.0 7.28579377967e-05
188.0 7.19808505586e-05
189.0 7.11128941257e-05
190.0 7.02541355202e-05
191.0 6.94046627074e-05
192.0 6.85645753402e-05
193.0 6.77339738199e-05
194.0 6.69129480138e-05
195.0 6.61015670468e-05
196.0 6.52998714239e-05
197.0 6.45078683378e-05
198.0 6.37255304571e-05
199.0 6.29527978569e-05
200.0 6.2189582213e-05
201.0 6.14357720518e-05
202.0 6.06912378454e-05
203.0 5.9955836066e-05
204.0 5.92294118936e-05
205.0 5.85118009346e-05
206.0 5.7802830861e-05
207.0 5.71023241315e-05
208.0 5.64101028117e-05
209.0 5.57259959705e-05
210.0 5.50498493281e-05
211.0 5.43815359631e-05
212.0 5.37209662116e-05
213.0 5.30680945948e-05
214.0 5.24229218265e-05
215.0 5.17854906562e-05
216.0 5.11558753796e-05
217.0 5.05341660615e-05
218.0 4.99204496169e-05
219.0 4.93147906296e-05
220.0 4.87172150025e-05
221.0 4.8127699163e-05
222.0 4.75461666624e-05
223.0 4.69724927764e-05
224.0 4.64065163649e-05
225.0 4.58480570388e-05
226.0 4.52969348245e-05
227.0 4.47529891603e-05
228.0 4.42160942546e-05
229.0 4.36861685238e-05
230.0 4.31631768738e-05
231.0 4.26471257831e-05
232.0 4.2138052276e-05
233.0 4.16360087406e-05
234.0 4.11410460224e-05
235.0 4.0653197249e-05
236.0 4.01724644751e-05
237.0 3.96988095685e-05
238.0 3.92321499745e-05
239.0 3.87723592384e-05
240.0 3.83192715862e-05
241.0 3.78726895234e-05
242.0 3.74323933296e-05
243.0 3.69981514382e-05
244.0 3.65697309131e-05
245.0 3.61469074635e-05
246.0 3.57294745975e-05
247.0 3.53172515737e-05
248.0 3.49100897739e-05
249.0 3.45078770464e-05
250.0 3.41105395225e-05
251.0 3.37180404588e-05
252.0 3.33303758389e-05
253.0 3.29475667841e-05
254.0 3.25696492237e-05
255.0 3.2196661704e-05
256.0 3.18286325658e-05
257.0 3.14655679309e-05
258.0 3.1107441946e-05
259.0 3.07541905212e-05
260.0 3.04057093964e-05
261.0 3.00618568345e-05
262.0 2.97224606497e-05
263.0 2.93873287373e-05
264.0 2.90562618491e-05
265.0 2.8729067124e-05
266.0 2.84055708584e-05
267.0 2.80856291789e-05
268.0 2.77691356255e-05
269.0 2.7456025095e-05
270.0 2.71462740697e-05
271.0 2.68398974873e-05
272.0 2.65369429384e-05
273.0 2.62374830838e-05
274.0 2.59416072364e-05
275.0 2.56494129873e-05
276.0 2.53609985866e-05
277.0 2.50764565696e-05
278.0 2.47958688792e-05
279.0 2.45193035213e-05
280.0 2.42468126163e-05
281.0 2.39784315939e-05
282.0 2.37141792189e-05
283.0 2.34540581246e-05
284.0 2.31980555576e-05
285.0 2.29461440927e-05
286.0 2.26982821445e-05
287.0 2.24544141806e-05
288.0 2.22144706234e-05
289.0 2.19783675e-05
290.0 2.17460059725e-05
291.0 2.15172719281e-05
292.0 2.12920358441e-05
293.0 2.10701531459e-05
294.0 2.08514652509e-05
295.0 2.06358014418e-05
296.0 2.04229816345e-05
297.0 2.02128200199e-05
298.0 2.00051294609e-05
299.0 1.97997264427e-05
