10.0 0.0147698621111
11.0 0.0083280995542
12.0 0.00389660537004
13.0 0.000973433697033
14.0 -0.000851339357619
15.0 -0.0018957641027
16.0 -0.002398833384
17.0 -0.00253692994787
18.0 -0.00243825212703
19.0 -0.00219403387005
20.0 -0.00186766396254
21.0 -0.00150228133415
22.0 -0.00112673158347
23.0 -0.000759872714408
24.0 -0.000413517757497
25.0 -9.44527427526e-05
26.0 0.000194073753007
27.0 0.000451179496554
28.0 0.000677464586497
29.0 0.000874419509117
30.0 0.00104405950923
31.0 0.00118868096378
32.0 0.001310676736
33.0 0.00141240235883
34.0 0.00149609970308
35.0 0.00156386746085
36.0 0.0016176500148
37.0 0.00165922211976
38.0 0.00169017277488
39.0 0.00171190690874
40.0 0.00172566906531
41.0 0.00173257007957
42.0 0.00173359774772
43.0 0.00172961499574
44.0 0.00172136411589
45.0 0.00170948576526
46.0 0.00169454224184
47.0 0.00167703074779
48.0 0.00165738575777
49.0 0.00163598102593
50.0 0.00161313830799
51.0 0.00158913911961
52.0 0.00156423214407
53.0 0.00153863479248
54.0 0.0015125336784
55.0 0.00148608818195
56.0 0.00145943633799
57.0 0.00143269963651
58.0 0.00140598518599
59.0 0.00137938673529
60.0 0.00135298662327
61.0 0.00132685879934
62.0 0.00130107120721
63.0 0.00127568594446
64.0 0.00125075729262
65.0 0.00122632921093
66.0 0.00120243395223
67.0 0.00117909225683
68.0 0.0011563142655
69.0 0.00113409991778
70.0 0.00111243830027
71.0 0.00109130643325
72.0 0.00107066845935
73.0 0.00105047588805
74.0 0.00103066894859
75.0 0.00101117884515
76.0 0.000991930925993
77.0 0.000972849043335
78.0 0.000953861226657
79.0 0.000934906211121
80.0 0.000915939792794
81.0 0.000896939840969
82.0 0.000877909113162
83.0 0.000858875493815
84.0 0.000839889644664
85.0 0.000821020296795
86.0 0.000802347667831
87.0 0.000783955801592
88.0 0.000765924873578
89.0 0.000748324511109
90.0 0.000731208908368
91.0 0.000714614113119
92.0 0.000698557509061
93.0 0.00068303930093
94.0 0.0006680456851
95.0 0.000653553269767
96.0 0.000639534164542
97.0 0.000625961036523
98.0 0.000612811403727
99.0 0.000600070547531
100.0 0.000587732657775
101.0 0.000575800122728
102.0 0.000564281177234
103.0 0.000553186369617
104.0 0.00054252446112
105.0 0.000532298412571
106.0 0.000522502049397
107.0 0.000513117856716
108.0 0.000504116175506
109.0 0.000495455876286
110.0 0.000487086395549
111.0 0.00047895084835
112.0 0.000470989800235
113.0 0.000463145218697
114.0 0.000455364144419
115.0 0.00044760171902
116.0 0.000439823348342
117.0 0.000432005927022
118.0 0.000424138166839
119.0 0.000416220143754
120.0 0.000408262212497
121.0 0.000400283448627
122.0 0.000392309779681
123.0 0.000384371963578
124.0 0.000376503560986
125.0 0.000368739025359
126.0 0.00036111200139
127.0 0.000353653886798
128.0 0.000346392682568
129.0 0.000339352138202
130.0 0.000332551190295
131.0 0.000326003688928
132.0 0.000319718400016
133.0 0.00031369925897
134.0 0.000307945832717
135.0 0.000302453928865
136.0 0.000297216279274
137.0 0.000292223225941
138.0 0.00028746335066
139.0 0.000282924012851
140.0 0.000278591785275
141.0 0.000274452798123
142.0 0.000270493013419
143.0 0.000266698453034
144.0 0.000263055397507
145.0 0.000259550563784
146.0 0.000256171262103
147.0 0.000252905527951
148.0 0.000249742224596
149.0 0.000246671113621
150.0 0.000243682893381
151.0 0.000240769206894
152.0 0.00023792262123
153.0 0.000235136580571
154.0 0.000232405335917
155.0 0.00022972385644
156.0 0.00022708773052
157.0 0.000224493067244
158.0 0.000221936410137
159.0 0.00021941467291
160.0 0.000216925102087
161.0 0.000214465264508
162.0 0.000212033051173
163.0 0.000209626684683
164.0 0.000207244717225
165.0 0.0002048860097
166.0 0.000202549689119
167.0 0.000200235088606
168.0 0.000197941680118
169.0 0.00019566901256
170.0 0.000193416666811
171.0 0.000191184234762
172.0 0.000188971323214
173.0 0.000186777577265
174.0 0.000184602713238
175.0 0.000182446549526
176.0 0.000180309025169
177.0 0.00017819020005
178.0 0.000176090235998
179.0 0.000174009363276
180.0 0.000171947840385
181.0 0.00016990591607
182.0 0.000167883800799
183.0 0.000165881651577
184.0 0.000163899570065
185.0 0.000161937610841
186.0 0.000159995795003
187.0 0.000158074124448
188.0 0.000156172593441
189.0 0.000154291195832
190.0 0.000152429927726
191.0 0.000150588786289
192.0 0.000148767765605
193.0 0.000146966850587
194.0 0.000145186010022
195.0 0.000143425190211
196.0 0.000141684310968
197.0 0.000139963265811
198.0 0.000138261927592
199.0 0.000136580159517
200.0 0.000134917829835
201.0 0.00013327482691
202.0 0.000131651070574
203.0 0.000130046515991
204.0 0.000128461147852
205.0 0.000126894965132
206.0 0.000125347959276
207.0 0.000123820090694
208.0 0.000122311269271
209.0 0.000120821343946
210.0 0.000119350104386
211.0 0.000117897295005
212.0 0.000116462638646
213.0 0.000115045865073
214.0 0.000113646738347
215.0 0.00011226507754
216.0 0.000110900766856
217.0 0.000109553753584
218.0 0.000108224034914
219.0 0.000106911636803
220.0 0.00010561658939
221.0 0.000104338903763
222.0 0.000103078554136
223.0 0.000101835468008
224.0 0.000100609525047
225.0 9.94005635858e-05
226.0 9.82083922238e-05
227.0 9.70328032222e-05
228.0 9.58735843853e-05
229.0 9.47305268144e-05
230.0 9.36034271627e-05
231.0 9.24920845141e-05
232.0 9.13962934019e-05
233.0 9.0315835465e-05
234.0 8.92504725653e-05
235.0 8.81999437797e-05
236.0 8.71639676385e-05
237.0 8.61422495633e-05
238.0 8.51344930396e-05
239.0 8.4140412007e-05
240.0 8.31597415547e-05
241.0 8.21922443715e-05
242.0 8.12377114232e-05
243.0 8.02959567452e-05
244.0 7.93668076596e-05
245.0 7.84500928013e-05
246.0 7.75456307868e-05
247.0 7.6653222117e-05
248.0 7.57726460414e-05
249.0 7.49036629088e-05
250.0 7.40460212674e-05
251.0 7.31994679974e-05
252.0 7.23637592336e-05
253.0 7.1538669863e-05
254.0 7.07239998869e-05
255.0 6.99195767528e-05
256.0 6.91252536715e-05
257.0 6.83409047299e-05
258.0 6.75664181339e-05
259.0 6.68016890964e-05
260.0 6.6046613727e-05
261.0 6.53010848713e-05
262.0 6.4564990296e-05
263.0 6.38382130694e-05
264.0 6.31206335446e-05
265.0 6.24121321078e-05
266.0 6.17125918223e-05
267.0 6.10219002737e-05
268.0 6.033995023e-05
269.0 5.96666390996e-05
270.0 5.90018674991e-05
271.0 5.83455374659e-05
272.0 5.76975509148e-05
273.0 5.70578088435e-05
274.0 5.64262115693e-05
275.0 5.58026599886e-05
276.0 5.51870575736e-05
277.0 5.45793126179e-05
278.0 5.39793401667e-05
279.0 5.33870631303e-05
280.0 5.28024122549e-05
281.0 5.22253248722e-05
282.0 5.16557425985e-05
283.0 5.10936083509e-05
284.0 5.05388631529e-05
285.0 4.99914431996e-05
286.0 4.94512775568e-05
287.0 4.8918286715e-05
288.0 4.83923820522e-05
289.0 4.78734661123e-05
290.0 4.73614335123e-05
291.0 4.68561722548e-05
292.0 4.63575652368e-05
293.0 4.58654917902e-05
294.0 4.53798291472e-05
295.0 4.49004537719e-05
296.0 4.4427242534e-05
297.0 4.39600737146e-05
298.0 4.34988278425e-05
299.0 4.30433883605e-05
