10.0 0.014528941926213448
11.0 0.013590870704683218
12.0 0.012723847008932709
13.0 0.011922526884618359
14.0 0.011182005978750683
15.0 0.010497916783870588
16.0 0.009866079841542063
17.0 0.009282116369496222
18.0 0.00874141263888744
19.0 0.008239368930150056
20.0 0.007771637102806257
21.0 0.00733423288948541
22.0 0.006923576659352555
23.0 0.006536521311904863
24.0 0.006170380303249459
25.0 0.005822937590702312
26.0 0.005492418961001827
27.0 0.005177426748067845
28.0 0.004876862312668552
29.0 0.004589859600284579
30.0 0.004315734504169141
31.0 0.004053942692614878
32.0 0.003804041505962648
33.0 0.003565658087635133
34.0 0.003338466635553284
35.0 0.0031221737297313637
36.0 0.0029165073169784683
37.0 0.00272120586184675
38.0 0.002536008479335272
39.0 0.0023606492255860453
40.0 0.002194856074545053
41.0 0.0020383511751387827
42.0 0.0018908491506219498
43.0 0.0017520541371748907
44.0 0.0016216587565366025
45.0 0.0014993463770939257
46.0 0.001384794651935642
47.0 0.0012776776922989708
48.0 0.0011776665981598489
49.0 0.0010844300745836432
50.0 0.0009976362967660582
51.0 0.0009169553672284023
52.0 0.0008420611046459922
53.0 0.0007726319393460842
54.0 0.0007083517641626037
55.0 0.0006489114600732032
56.0 0.0005940109266438119
57.0 0.0005433609586146619
58.0 0.0004966846118908677
59.0 0.00045371821966287083
60.0 0.0004142123215243218
61.0 0.00037793245624465885
62.0 0.00034465949456055444
63.0 0.00031418927206629016
64.0 0.00028633162575680197
65.0 0.00026090920668744486
66.0 0.00023775640841645597
67.0 0.00021671846796662188
68.0 0.00019765050644702427
69.0 0.00018041619804057247
70.0 0.00016488592025517326
71.0 0.00015093449821091277
72.0 0.00013843883243075267
73.0 0.00012727572847422446
74.0 0.00011732019738963138
75.0 0.00010844446633944104
76.0 0.00010051794267911477
77.0 9.340833603896954e-05
78.0 8.698399078171945e-05
79.0 8.111723799182983e-05
80.0 7.568834706449274e-05
81.0 7.058954064979559e-05
82.0 6.572855348867777e-05
83.0 6.1031317137230186e-05
84.0 5.644348445076187e-05
85.0 5.193065183868531e-05
86.0 4.7477297775255916e-05
87.0 4.30846211802557e-05
88.0 3.876759411019674e-05
89.0 3.4551600218246024e-05
90.0 3.0469006449207446e-05
91.0 2.655593981668534e-05
92.0 2.284945406335964e-05
93.0 1.938519514562278e-05
94.0 1.619560857422931e-05
95.0 1.3308666229190726e-05
96.0 1.0747025831812848e-05
97.0 8.527487173617162e-06
98.0 6.660593323742528e-06
99.0 5.1502507262252e-06
100.0 3.993302992780946e-06
101.0 3.1790717910833934e-06
102.0 2.688953072989162e-06
103.0 2.496208813607129e-06
104.0 2.566110717495255e-06
105.0 2.856569267922169e-06
106.0 3.319324831147979e-06
107.0 3.9017002294423885e-06
108.0 4.548831859335596e-06
109.0 5.2062230278057765e-06
110.0 5.822409161899999e-06
111.0 6.351497232219665e-06
112.0 6.755345905758653e-06
113.0 7.005189968064311e-06
114.0 7.082578279253942e-06
115.0 6.97957814949495e-06
116.0 6.6982847779534305e-06
117.0 6.249746061717444e-06
118.0 5.65245909869513e-06
119.0 4.93061137690824e-06
120.0 4.112230845979806e-06
121.0 3.2273832027363427e-06
122.0 2.3065208279591993e-06
123.0 1.3790528725866133e-06
124.0 4.7217426254949253e-07
125.0 -3.9003484685820823e-07
126.0 -1.1872470839860942e-06
127.0 -1.9032832561967949e-06
128.0 -2.5262899234614786e-06
129.0 -3.0487234628061157e-06
130.0 -3.4671621131065014e-06
131.0 -3.781965718161111e-06
132.0 -3.996804643591064e-06
133.0 -4.118085180325986e-06
134.0 -4.1543070474383235e-06
135.0 -4.115396234064476e-06
136.0 -4.012059975586869e-06
137.0 -3.855207820557883e-06
138.0 -3.6554731585351273e-06
139.0 -3.4228549833144218e-06
140.0 -3.1664832393328555e-06
141.0 -2.8944963446576896e-06
142.0 -2.614009117805265e-06
143.0 -2.331144590660861e-06
144.0 -2.0511037303875196e-06
145.0 -1.7782514509415619e-06
146.0 -1.516203557849646e-06
147.0 -1.2679057162011944e-06
148.0 -1.0357009997336726e-06
149.0 -8.213865285821316e-07
150.0 -6.26262057318007e-07
151.0 -4.5117429059404864e-07
152.0 -2.965604077698727e-07
153.0 -1.624930232261538e-07
154.0 -4.872692515306436e-08
155.0 4.525410876290263e-08
156.0 1.2019372893792677e-07
157.0 1.7702655007855762e-07
158.0 2.1685184322317637e-07
159.0 2.4091816938611657e-07
160.0 2.5061660359928567e-07
161.0 2.4747709857811163e-07
162.0 2.3316053412496146e-07
163.0 2.0943893028371285e-07
164.0 1.7815847260033682e-07
165.0 1.4118402659628665e-07
166.0 1.0032872096883809e-07
167.0 5.727664928569383e-08
168.0 1.3509541687519654e-08
169.0 -2.9751409017847395e-08
170.0 -7.157965507689409e-08
171.0 -1.1134874906119898e-07
172.0 -1.4870986551985332e-07
173.0 -1.8354710183252742e-07
174.0 -2.159197892079003e-07
175.0 -2.4600234124874565e-07
176.0 -2.7403108453642537e-07
177.0 -3.0026449389219104e-07
178.0 -3.249591876833905e-07
179.0 -3.4836001361340096e-07
180.0 -3.706995564325165e-07
181.0 -3.9220105089858017e-07
182.0 -4.1307911499885953e-07
183.0 -4.3353457810416957e-07
184.0 -4.537422874123878e-07
185.0 -4.7383335952016496e-07
186.0 -4.938752598012143e-07
187.0 -5.138539796021729e-07
188.0 -5.336623973261648e-07
189.0 -5.530978643606834e-07
190.0 -5.718704929572388e-07
191.0 -5.896218967784569e-07
192.0 -6.059525407843114e-07
193.0 -6.204546069462758e-07
194.0 -6.327465180000963e-07
195.0 -6.42505073597722e-07
196.0 -6.494915796737815e-07
197.0 -6.535693537524341e-07
198.0 -6.547114215031769e-07
199.0 -6.529988249118464e-07
200.0 -6.486114033822313e-07
201.0 -6.418138491455009e-07
202.0 -6.329400407031198e-07
203.0 -6.223780713915576e-07
204.0 -6.105571857259498e-07
205.0 -5.979363749157911e-07
206.0 -5.849931194533728e-07
207.0 -5.722101166173976e-07
208.0 -5.600580432882662e-07
209.0 -5.489734802782353e-07
210.0 -5.393328050003736e-07
211.0 -5.314246917754572e-07
212.0 -5.254253176394035e-07
213.0 -5.213810005293146e-07
214.0 -5.192025359589252e-07
215.0 -5.186739555007614e-07
216.0 -5.194760843802443e-07
217.0 -5.212226097974396e-07
218.0 -5.235039590179616e-07
219.0 -5.259326545611512e-07
220.0 -5.281833262237907e-07
221.0 -5.300213373387924e-07
222.0 -5.313158843598282e-07
223.0 -5.320360876812647e-07
224.0 -5.322314974236127e-07
225.0 -5.320010441450967e-07
226.0 -5.314562964103968e-07
227.0 -5.306856307819779e-07
228.0 -5.297254753408528e-07
229.0 -5.285432807420066e-07
230.0 -5.270346216171457e-07
231.0 -5.250342800524252e-07
232.0 -5.223387917568848e-07
233.0 -5.187361655668014e-07
234.0 -5.140376000366097e-07
235.0 -5.081061097139035e-07
236.0 -5.008779331644684e-07
237.0 -4.923741557102331e-07
238.0 -4.827017780467846e-07
239.0 -4.720451247679728e-07
240.0 -4.6064971681998275e-07
241.0 -4.488013664941108e-07
242.0 -4.3680328752721984e-07
243.0 -4.2495357979588636e-07
244.0 -4.135247680191463e-07
245.0 -4.027463839639753e-07
246.0 -3.927910693513867e-07
247.0 -3.8376443386737024e-07
248.0 -3.7569891163221923e-07
249.0 -3.685520113509766e-07
250.0 -3.622094938606283e-07
251.0 -3.5649398598349746e-07
252.0 -3.5117925611489753e-07
253.0 -3.460098238576401e-07
254.0 -3.407248311298331e-07
255.0 -3.3508431228784576e-07
256.0 -3.2889534410708893e-07
257.0 -3.22035198206727e-07
258.0 -3.1446867124996083e-07
259.0 -3.062572654463699e-07
260.0 -2.975587799407723e-07
261.0 -2.886170228777707e-07
262.0 -2.7974258453963145e-07
263.0 -2.712867290448726e-07
264.0 -2.636112919724462e-07
265.0 -2.570578918540661e-07
266.0 -2.519197239194367e-07
267.0 -2.484187306261962e-07
268.0 -2.466901293059817e-07
269.0 -2.4677526456474356e-07
270.0 -2.486227043066596e-07
271.0 -2.5209656739365303e-07
272.0 -2.569903784700736e-07
273.0 -2.6304436141705085e-07
274.0 -2.699640208328553e-07
275.0 -2.7743808262566666e-07
276.0 -2.851542939662515e-07
277.0 -2.928121236846127e-07
278.0 -3.001319611460741e-07
279.0 -3.068609053341809e-07
280.0 -3.1277561341758634e-07
281.0 -3.176829158555776e-07
282.0 -3.2141900536696725e-07
283.0 -3.2384799020360093e-07
284.0 -3.248604975027436e-07
285.0 -3.2437285035102014e-07
286.0 -3.223271487324191e-07
287.0 -3.1869238004745476e-07
288.0 -3.1346648472310056e-07
289.0 -3.0667911943827827e-07
290.0 -2.9839470714847253e-07
291.0 -2.887152523130574e-07
292.0 -2.77782343985789e-07
293.0 -2.6577777825661665e-07
294.0 -2.529223088197514e-07
295.0 -2.394721760366828e-07
296.0 -2.2571325791293996e-07
297.0 -2.1195291047160059e-07
298.0 -1.9850979472545393e-07
299.0 -1.8570219655480933e-07
