10.0 0.0151476146936
11.0 0.00853292435785
12.0 0.00396167998917
13.0 0.000937966893275
14.0 -0.000950951411536
15.0 -0.00203059570534
16.0 -0.0025488880583
17.0 -0.00269058817762
18.0 -0.00259071196784
19.0 -0.00234544402868
20.0 -0.00202136493112
21.0 -0.00166335674875
22.0 -0.00130093082728
23.0 -0.000952882525797
24.0 -0.000630520225715
25.0 -0.000339896462409
26.0 -8.34442805029e-05
27.0 0.000138757528742
28.0 0.000328045549164
29.0 0.000486553588518
30.0 0.000616841202789
31.0 0.000721657379032
32.0 0.000803769897538
33.0 0.000865847059927
34.0 0.000910395181657
35.0 0.000939739855549
36.0 0.000956022616109
37.0 0.000961191135681
38.0 0.000956987090964
39.0 0.00094495081264
40.0 0.000926447065821
41.0 0.000902692935547
42.0 0.000874768876801
43.0 0.000843616695891
44.0 0.000810043430452
45.0 0.000774740147725
46.0 0.000738305283233
47.0 0.0007012581474
48.0 0.00066404159355
49.0 0.000627024337592
50.0 0.000590510063405
51.0 0.000554749733144
52.0 0.000519949786356
53.0 0.000486274737154
54.0 0.000453848868757
55.0 0.000422761091886
56.0 0.000393072093023
57.0 0.000364820304941
58.0 0.000338025179306
59.0 0.000312689351873
60.0 0.000288801872661
61.0 0.000266342693457
62.0 0.000245286678514
63.0 0.000225605474841
64.0 0.000207267259671
65.0 0.000190235911311
66.0 0.000174471235964
67.0 0.000159930661434
68.0 0.000146571433475
69.0 0.000134351900546
70.0 0.000123231118358
71.0 0.000113167027303
72.0 0.000104113990784
73.0 9.6020287917e-05
74.0 8.88257084877e-05
75.0 8.24593131196e-05
76.0 7.68378026159e-05
77.0 7.18653294003e-05
78.0 6.74354829879e-05
79.0 6.3435563359e-05
80.0 5.97525491647e-05
81.0 5.6279800098e-05
82.0 5.29235610527e-05
83.0 4.9608510059e-05
84.0 4.62817018677e-05
85.0 4.29143442844e-05
86.0 3.950107967e-05
87.0 3.60568849662e-05
88.0 3.26121913793e-05
89.0 2.92071277999e-05
90.0 2.58858060666e-05
91.0 2.26913710463e-05
92.0 1.96622867302e-05
93.0 1.6830107645e-05
94.0 1.42187791326e-05
95.0 1.18452792071e-05
96.0 9.7211718922e-06
97.0 7.85446376835e-06
98.0 6.25112381203e-06
99.0 4.91576747314e-06
100.0 3.85127511193e-06
101.0 3.05742758627e-06
102.0 2.52891205006e-06
103.0 2.2532166492e-06
104.0 2.20896451117e-06
105.0 2.36514120162e-06
106.0 2.68148336041e-06
107.0 3.11007532699e-06
108.0 3.59799774712e-06
109.0 4.09071934188e-06
110.0 4.535829198e-06
111.0 4.88666959522e-06
112.0 5.10544725819e-06
113.0 5.16547620835e-06
114.0 5.05233478525e-06
115.0 4.7638839816e-06
116.0 4.30925920748e-06
117.0 3.70707437623e-06
118.0 2.98314016946e-06
119.0 2.16799522974e-06
120.0 1.29449871649e-06
121.0 3.95662772862e-07
122.0 -4.97163569837e-07
123.0 -1.35570182465e-06
124.0 -2.15572812892e-06
125.0 -2.87765451114e-06
126.0 -3.50675720997e-06
127.0 -4.03312211582e-06
128.0 -4.45138392774e-06
129.0 -4.7603272053e-06
130.0 -4.9623985254e-06
131.0 -5.06315798511e-06
132.0 -5.07068404048e-06
133.0 -4.99494296748e-06
134.0 -4.847142073e-06
135.0 -4.63909821903e-06
136.0 -4.38266236911e-06
137.0 -4.08924055741e-06
138.0 -3.76944010474e-06
139.0 -3.43285016729e-06
140.0 -3.08794420954e-06
141.0 -2.74207553118e-06
142.0 -2.40152991843e-06
143.0 -2.07160234347e-06
144.0 -1.7566744284e-06
145.0 -1.46028143514e-06
146.0 -1.18516757005e-06
147.0 -9.33334076905e-07
148.0 -7.06085934655e-07
149.0 -5.04081628039e-07
150.0 -3.27388510092e-07
151.0 -1.75545140066e-07
152.0 -4.76318624471e-08
153.0 5.76490314224e-08
154.0 1.41883093307e-07
155.0 2.0684546259e-07
156.0 2.54400253335e-07
157.0 2.86406822817e-07
158.0 3.04643836463e-07
159.0 3.10760550885e-07
160.0 3.06259916599e-07
161.0 2.92511145992e-07
162.0 2.70782461447e-07
163.0 2.42280158368e-07
164.0 2.08179485881e-07
165.0 1.6963643346e-07
166.0 1.27776172786e-07
167.0 8.36615276457e-08
168.0 3.82510995378e-08
169.0 -7.64022099578e-09
170.0 -5.33664046534e-08
171.0 -9.84533460151e-08
172.0 -1.42578323703e-07
173.0 -1.85530745687e-07
174.0 -2.27163850211e-07
175.0 -2.67348955407e-07
176.0 -3.05942520807e-07
177.0 -3.42772232274e-07
178.0 -3.77642831137e-07
179.0 -4.10357128452e-07
180.0 -4.40744089335e-07
181.0 -4.68684945405e-07
182.0 -4.94130020489e-07
183.0 -5.1710251743e-07
184.0 -5.37689589468e-07
185.0 -5.56024289305e-07
186.0 -5.72263605582e-07
187.0 -5.86567624071e-07
188.0 -5.99083393927e-07
189.0 -6.09935164127e-07
190.0 -6.19221030655e-07
191.0 -6.27015080482e-07
192.0 -6.33373777154e-07
193.0 -6.38345267087e-07
194.0 -6.41980146848e-07
195.0 -6.44341891965e-07
196.0 -6.4551477756e-07
197.0 -6.45607082671e-07
198.0 -6.44747994566e-07
199.0 -6.4307799618e-07
200.0 -6.40734354162e-07
201.0 -6.37835063067e-07
202.0 -6.34465598595e-07
203.0 -6.30672621946e-07
204.0 -6.26467268403e-07
205.0 -6.21838193557e-07
206.0 -6.16771825283e-07
207.0 -6.1127508127e-07
208.0 -6.05394822377e-07
209.0 -5.99228835879e-07
210.0 -5.92925055984e-07
211.0 -5.86668517434e-07
212.0 -5.80658458075e-07
213.0 -5.75080284148e-07
214.0 -5.70078231504e-07
215.0 -5.65734274668e-07
216.0 -5.62057299884e-07
217.0 -5.58984212966e-07
218.0 -5.56392101788e-07
219.0 -5.5411841175e-07
220.0 -5.51984764871e-07
221.0 -5.49819766021e-07
222.0 -5.47476847289e-07
223.0 -5.44844650022e-07
224.0 -5.41849255793e-07
225.0 -5.38449344042e-07
226.0 -5.34626718495e-07
227.0 -5.30375360773e-07
228.0 -5.2569213525e-07
229.0 -5.20571533491e-07
230.0 -5.15005597275e-07
231.0 -5.08988687547e-07
232.0 -5.02525413823e-07
233.0 -4.95639125365e-07
234.0 -4.88378119869e-07
235.0 -4.80817221317e-07
236.0 -4.73053508335e-07
237.0 -4.65196463843e-07
238.0 -4.57354289763e-07
239.0 -4.49619203888e-07
240.0 -4.42054923827e-07
241.0 -4.34689136562e-07
242.0 -4.27512652615e-07
243.0 -4.2048543434e-07
244.0 -4.13548154497e-07
245.0 -4.06636766065e-07
246.0 -3.99697021622e-07
247.0 -3.92696069559e-07
248.0 -3.8562908199e-07
249.0 -3.78520089587e-07
250.0 -3.714174891e-07
251.0 -3.6438574185e-07
252.0 -3.57495378297e-07
253.0 -3.50813482544e-07
254.0 -3.4439640684e-07
255.0 -3.3828572113e-07
256.0 -3.32507549609e-07
257.0 -3.27074691903e-07
258.0 -3.21990424466e-07
259.0 -3.1725270219e-07
260.0 -3.12857621648e-07
261.0 -3.08801388506e-07
262.0 -3.05080533894e-07
263.0 -3.01690619419e-07
264.0 -2.98624047323e-07
265.0 -2.95867778529e-07
266.0 -2.93401733434e-07
267.0 -2.91198433103e-07
268.0 -2.89224096469e-07
269.0 -2.87441029758e-07
270.0 -2.85810818132e-07
271.0 -2.84297630709e-07
272.0 -2.82870920111e-07
273.0 -2.8150693794e-07
274.0 -2.80188759589e-07
275.0 -2.78904848088e-07
276.0 -2.77646506901e-07
277.0 -2.764048028e-07
278.0 -2.75167633077e-07
279.0 -2.73917552922e-07
280.0 -2.72630791349e-07
281.0 -2.71277619572e-07
282.0 -2.69823959714e-07
283.0 -2.682338967e-07
284.0 -2.66472625926e-07
285.0 -2.6450934998e-07
286.0 -2.623197171e-07
287.0 -2.59887538318e-07
288.0 -2.57205685612e-07
289.0 -2.5427621924e-07
290.0 -2.51109891146e-07
291.0 -2.47725213217e-07
292.0 -2.44147271547e-07
293.0 -2.40406428772e-07
294.0 -2.36537007694e-07
295.0 -2.3257600805e-07
296.0 -2.28561883695e-07
297.0 -2.24533399488e-07
298.0 -2.20528589314e-07
299.0 -2.16583839845e-07
