10.0 0.03464213471309902
11.0 0.031157779295371876
12.0 0.026767644129316367
13.0 0.02211899490951937
14.0 0.01765227818826798
15.0 0.013621775576198997
16.0 0.010147167388577084
17.0 0.007259509877627555
18.0 0.004924167013896245
19.0 0.003088780002478137
20.0 0.0016698166570464047
21.0 0.0006076646729617614
22.0 -0.00017427324296831408
23.0 -0.0007206766317948556
24.0 -0.0010901519797888628
25.0 -0.0013232596255466503
26.0 -0.0014528047885503613
27.0 -0.0015054771136120515
28.0 -0.001502410453708728
29.0 -0.0014580523128444344
30.0 -0.0013875792725387397
31.0 -0.0013005182890153556
32.0 -0.0012029816846229665
33.0 -0.0011012041605290483
34.0 -0.0009987709509493665
35.0 -0.0008985357987815119
36.0 -0.000802533516294715
37.0 -0.0007114638250357687
38.0 -0.0006271565928380032
39.0 -0.0005491610120049866
40.0 -0.00047752623028165137
41.0 -0.0004126755394178275
42.0 -0.00035457416547164737
43.0 -0.00030239902536412076
44.0 -0.0002558656002269045
45.0 -0.0002146430563038912
46.0 -0.00017836389938113962
47.0 -0.00014663968173587956
48.0 -0.00011907968662213395
49.0 -9.532310687874955e-05
50.0 -7.498126422587125e-05
51.0 -5.761784461867539e-05
52.0 -4.295330805620473e-05
53.0 -3.067396966327167e-05
54.0 -2.0474703249830085e-05
55.0 -1.2093266986731359e-05
56.0 -5.28258528255463e-06
57.0 1.8576753680479855e-07
58.0 4.514455796265589e-06
59.0 7.878887061769242e-06
60.0 1.0430012932195974e-05
61.0 1.2264533661286492e-05
62.0 1.3449597419053399e-05
63.0 1.4222623972018477e-05
64.0 1.4670062769403124e-05
65.0 1.486510390089747e-05
66.0 1.4851306598474008e-05
67.0 1.4721917964569484e-05
68.0 1.456059121290593e-05
69.0 1.439737875883435e-05
70.0 1.4286898857914129e-05
71.0 1.4272655406439949e-05
72.0 1.4338567574012397e-05
73.0 1.4498636525762844e-05
74.0 1.4774078442297821e-05
75.0 1.5080256730600012e-05
76.0 1.541171349071829e-05
77.0 1.561965402292634e-05
78.0 1.5661481909103217e-05
79.0 1.5459291630194164e-05
80.0 1.4695961812576727e-05
81.0 1.361382304288004e-05
82.0 1.1843238206456996e-05
83.0 9.530014387857007e-06
84.0 6.842144360255421e-06
85.0 3.5727827618888268e-06
86.0 2.6657293962858257e-07
87.0 -3.008991149302537e-06
88.0 -5.836014210130547e-06
89.0 -8.206745256303175e-06
90.0 -9.401066765053804e-06
91.0 -1.0155878967232139e-05
92.0 -9.284411736502343e-06
93.0 -8.18689223684884e-06
94.0 -6.0804398045920305e-06
95.0 -3.99464176295708e-06
96.0 -1.9876134613277944e-06
97.0 -3.2368197720209367e-07
98.0 5.11604219564541e-07
99.0 8.302413050212514e-07
100.0 1.4236010111650158e-07
101.0 -8.91363042085481e-07
102.0 -2.578461042521793e-06
103.0 -4.252793562508132e-06
104.0 -5.899077185422189e-06
105.0 -7.322517611613785e-06
106.0 -8.033856734189496e-06
107.0 -8.592697422170484e-06
108.0 -8.054284526592558e-06
109.0 -7.515871631014631e-06
110.0 -6.075025336515712e-06
111.0 -4.59945176572435e-06
112.0 -2.915138314097979e-06
113.0 -1.1649969878714936e-06
114.0 4.132765867146933e-07
115.0 1.828430002275825e-06
116.0 3.0963525337860713e-06
117.0 3.8436946067866415e-06
118.0 4.591036679787212e-06
119.0 4.724815627941199e-06
120.0 4.7761651151407895e-06
121.0 4.574224982479862e-06
122.0 4.114306351212633e-06
123.0 3.6393164798886767e-06
124.0 2.932570549202393e-06
125.0 2.2258246185161087e-06
126.0 1.5053279404330995e-06
127.0 7.74772346997805e-07
128.0 4.9887714204349046e-08
129.0 -5.512692293571223e-07
130.0 -1.1524261729185937e-06
131.0 -1.662257387881137e-06
132.0 -2.0644210633792196e-06
133.0 -2.4665847388773022e-06
134.0 -2.7018085637645416e-06
135.0 -2.9008413460213767e-06
136.0 -3.079104170969529e-06
137.0 -3.1201375425351385e-06
138.0 -3.161170914100747e-06
139.0 -3.1590601053002456e-06
140.0 -3.088531597795555e-06
141.0 -3.018003090290864e-06
142.0 -2.914139454748527e-06
143.0 -2.78677882125934e-06
144.0 -2.659418187770153e-06
145.0 -2.5255951706437087e-06
146.0 -2.3893796839217773e-06
147.0 -2.253164197199845e-06
148.0 -2.120151511806786e-06
149.0 -1.9878641031532697e-06
150.0 -1.855576694499754e-06
151.0 -1.7357850088613398e-06
152.0 -1.6183375382453425e-06
153.0 -1.5008900676293454e-06
154.0 -1.4101305496137184e-06
155.0 -1.325686557064724e-06
156.0 -1.2412425645157297e-06
157.0 -1.1743995276317276e-06
158.0 -1.1146077956049938e-06
159.0 -1.0548160635782598e-06
160.0 -1.005987414649576e-06
161.0 -9.658857874987738e-07
162.0 -9.257841603479714e-07
163.0 -8.918676079423216e-07
164.0 -8.701841362900374e-07
165.0 -8.48500664637753e-07
166.0 -8.27528124788146e-07
167.0 -8.201264678913208e-07
168.0 -8.127248109944955e-07
169.0 -8.053231540976702e-07
170.0 -8.005529481374592e-07
171.0 -7.96924731194122e-07
172.0 -7.932965142507851e-07
173.0 -7.879924800809606e-07
174.0 -7.783191916842854e-07
175.0 -7.686459032876103e-07
176.0 -7.58972614890935e-07
177.0 -7.57231990713288e-07
178.0 -7.5762568704532e-07
179.0 -7.580193833773521e-07
180.0 -7.58402404060761e-07
181.0 -7.587493324705908e-07
182.0 -7.590962608804205e-07
183.0 -7.594431892902503e-07
184.0 -7.603499240216639e-07
185.0 -7.616351203991749e-07
186.0 -7.629203167766858e-07
187.0 -7.642055131541966e-07
188.0 -7.574191236196678e-07
189.0 -7.496518395796211e-07
190.0 -7.418845555395746e-07
191.0 -7.335899506686442e-07
192.0 -7.211061600761489e-07
193.0 -7.086223694836533e-07
194.0 -6.961385788911579e-07
195.0 -6.860297131886216e-07
196.0 -6.828373052759939e-07
197.0 -6.796448973633662e-07
198.0 -6.764524894507384e-07
199.0 -6.729026646077752e-07
200.0 -6.68598562673842e-07
201.0 -6.642944607399089e-07
202.0 -6.599903588059757e-07
203.0 -6.552945346221717e-07
204.0 -6.497183343996637e-07
205.0 -6.441421341771556e-07
206.0 -6.385659339546476e-07
207.0 -6.322410308418168e-07
208.0 -6.231544373155959e-07
209.0 -6.14067843789375e-07
210.0 -6.049812502631541e-07
211.0 -5.958926191357043e-07
212.0 -5.867492870527989e-07
213.0 -5.776059549698935e-07
214.0 -5.684626228869881e-07
215.0 -5.593192908040826e-07
216.0 -5.555383750693094e-07
217.0 -5.533218515691039e-07
218.0 -5.511053280688983e-07
219.0 -5.488888045686926e-07
220.0 -5.459397126685377e-07
221.0 -5.420047656166859e-07
222.0 -5.380698185648342e-07
223.0 -5.341348715129824e-07
224.0 -5.301999244611306e-07
225.0 -5.20256475769448e-07
226.0 -5.10256126064935e-07
227.0 -5.002557763604218e-07
228.0 -4.902554266559088e-07
229.0 -4.793481163135086e-07
230.0 -4.673986891110403e-07
231.0 -4.554492619085721e-07
232.0 -4.4349983470610387e-07
233.0 -4.3155040750363564e-07
234.0 -4.2928348343782416e-07
235.0 -4.2874375229897147e-07
236.0 -4.282040211601188e-07
237.0 -4.2766429002126614e-07
238.0 -4.2681467499391456e-07
239.0 -4.240399251496694e-07
240.0 -4.212651753054243e-07
241.0 -4.1849042546117915e-07
242.0 -4.15715675616934e-07
243.0 -4.099552194936464e-07
244.0 -3.9822864169086446e-07
245.0 -3.865020638880826e-07
246.0 -3.7477548608530067e-07
247.0 -3.6304890828251875e-07
248.0 -3.547327571703554e-07
249.0 -3.509127379550223e-07
250.0 -3.4709271873968913e-07
251.0 -3.43272699524356e-07
252.0 -3.3945268030902284e-07
253.0 -3.3873126408757203e-07
254.0 -3.421152575777082e-07
255.0 -3.4549925106784427e-07
256.0 -3.4888324455798047e-07
257.0 -3.5226723804811656e-07
258.0 -3.5395884777490807e-07
259.0 -3.521811011648269e-07
260.0 -3.5040335455474565e-07
261.0 -3.486256079446645e-07
262.0 -3.468478613345833e-07
263.0 -3.4432034269399884e-07
264.0 -3.3642437664396843e-07
265.0 -3.2852841059393796e-07
266.0 -3.206324445439075e-07
267.0 -3.127364784938771e-07
268.0 -3.0484051244384667e-07
269.0 -2.9907935126083006e-07
270.0 -2.9381223011849075e-07
271.0 -2.8854510897615144e-07
272.0 -2.83277987833812e-07
273.0 -2.780108666914727e-07
274.0 -2.7400498468614276e-07
275.0 -2.7193643825091946e-07
276.0 -2.6986789181569616e-07
277.0 -2.677993453804728e-07
278.0 -2.6573079894524956e-07
279.0 -2.6366225251002626e-07
280.0 -2.6042343620408504e-07
281.0 -2.57005269095042e-07
282.0 -2.535871019859989e-07
283.0 -2.5016893487695594e-07
284.0 -2.467507677679129e-07
285.0 -2.4329024593634663e-07
286.0 -2.396865164932822e-07
287.0 -2.360827870502178e-07
288.0 -2.3247905760715337e-07
289.0 -2.2887532816408896e-07
290.0 -2.2527159872102455e-07
291.0 -2.2311235317301318e-07
292.0 -2.2254658189102686e-07
293.0 -2.2198081060904054e-07
294.0 -2.214150393270542e-07
295.0 -2.2084926804506788e-07
296.0 -2.202834967630816e-07
297.0 -2.1872761496173135e-07
298.0 -2.1652932522098233e-07
299.0 -2.143310354802333e-07
