10.0 0.05234464914217152
11.0 0.03901192203046239
12.0 0.028671155769904956
13.0 0.020642422667175975
14.0 0.014517555277961376
15.0 0.00991407318262695
16.0 0.006447830144285438
17.0 0.0039533239592349344
18.0 0.002120875809723274
19.0 0.0008442688379467313
20.0 -6.220792253103557e-05
21.0 -0.0006480125949264886
22.0 -0.0010317099655076127
23.0 -0.0012439222124636861
24.0 -0.0013420726375295042
25.0 -0.001371237634418775
26.0 -0.0013313265560428197
27.0 -0.0012773187469498207
28.0 -0.0011765166991990143
29.0 -0.001083321392612111
30.0 -0.000966154177991512
31.0 -0.0008697947512535817
32.0 -0.0007570855165457813
33.0 -0.0006628677446523317
34.0 -0.0005607763010717077
35.0 -0.0005028358664972709
36.0 -0.00036983031388431305
37.0 -0.0003710848868741434
38.0 -0.0002735114939555134
39.0 -0.00018094570850401653
40.0 -0.00018702322126407564
41.0 -0.00017262895851649605
42.0 -8.958031733820628e-05
43.0 -1.4890726633157708e-05
44.0 1.1573931154657041e-05
45.0 5.54959014661576e-06
46.0 -1.4722345558757589e-05
47.0 -3.396828661117308e-05
48.0 -3.900579233322418e-05
49.0 -3.6846387132856906e-05
50.0 -2.7888455345563448e-05
51.0 -2.658528962595759e-05
52.0 -2.724825637472274e-05
53.0 -1.6139018635251436e-05
54.0 1.4636975845423292e-05
55.0 7.117263460259773e-05
56.0 0.0001271916635288137
57.0 0.00016595554373635005
58.0 0.00014474557778332514
59.0 5.4868468116316405e-05
60.0 -5.128735044717769e-05
61.0 -5.7983984879821723e-05
62.0 6.135655415592374e-05
63.0 0.00017811710173574831
64.0 9.742538563178986e-05
65.0 -8.322593092807423e-05
66.0 -5.626272404276395e-05
67.0 0.00015260540081149244
68.0 0.00012454043844656293
69.0 -0.00011281364094193491
70.0 -2.1854726806645448e-05
71.0 0.00019734703091689926
72.0 -2.5665474859061915e-05
73.0 -0.00011712473041169181
74.0 0.00019056749130497795
75.0 1.7070898203519765e-05
76.0 -0.00014025598580019648
77.0 0.00020495554271661353
78.0 -3.487496761880442e-05
79.0 -9.661024174712061e-05
80.0 0.00023428467058435356
81.0 -0.00015634247381500092
82.0 6.710255680383861e-05
83.0 9.368645326478395e-05
84.0 -0.00017944901040279124
85.0 0.00024312076905776478
86.0 -0.00019757169184023537
87.0 0.00011654142849045261
88.0 -2.327590808263388e-05
89.0 -8.736106176917542e-05
90.0 0.00015280798211736023
91.0 -0.00023005704530955056
92.0 0.00024712829207651927
93.0 -0.00026786183757909505
94.0 0.0002544779235479962
95.0 -0.00025326748738904535
96.0 0.00024166434516774621
97.0 -0.00021188151352484862
98.0 0.00021022650187916452
99.0 -0.00019996406547297002
100.0 0.00020639800939666031
101.0 -0.00019982787234988688
102.0 0.0002202234576100885
103.0 -0.00023412354884460812
104.0 0.0002572821835618555
105.0 -0.0002874057305824777
106.0 0.00029971709334377587
107.0 -0.0003188990368007857
108.0 0.00031295192546696045
109.0 -0.00031269950289140115
110.0 0.0002434016704257633
111.0 -0.0001972808789862232
112.0 8.964090784741464e-05
113.0 1.9241664499500185e-05
114.0 -0.00014414247343563994
115.0 0.00026738810979205167
116.0 -0.0003196546981631434
117.0 0.000349490638235591
118.0 -0.00029440878872886403
119.0 0.0001634500632066027
120.0 1.4869402202497786e-05
121.0 -0.0001848769535162772
122.0 0.00034355960162880364
123.0 -0.00036114826913168443
124.0 0.00027391478686446345
125.0 -8.902458667669349e-05
126.0 -0.0001508206267153314
127.0 0.0003513299805943576
128.0 -0.0003739414554836538
129.0 0.0002323323458771477
130.0 2.206022804158045e-06
131.0 -0.0002627818493801553
132.0 0.00040148832307846126
133.0 -0.00031275797148895535
134.0 1.698238482275887e-05
135.0 0.00027684187988995745
136.0 -0.0004042015294608417
137.0 0.0002644145510977745
138.0 4.4382451417203114e-05
139.0 -0.000336501456263196
140.0 0.0003883018635663917
141.0 -0.00016303249573905413
142.0 -0.00021546143221995556
143.0 0.0004262723471197563
144.0 -0.0002891449814154091
145.0 -0.00011754632481403574
146.0 0.000420740339774338
147.0 -0.0003516730769943563
148.0 -5.945432782473935e-05
149.0 0.0004164952444065072
150.0 -0.0003743548442508173
151.0 -5.3164233050299824e-05
152.0 0.0004261204393267921
153.0 -0.00036314656707120153
154.0 -9.296665827945885e-05
155.0 0.000449778266478641
156.0 -0.00031528569284041617
157.0 -0.000181653127855103
158.0 0.0004630708831998357
159.0 -0.00020193836911942337
160.0 -0.00030019422650850585
161.0 0.0004181508892593112
162.0 -6.124985916125761e-06
163.0 -0.00041519580782144796
164.0 0.00028192694018394464
165.0 0.0002492693053579087
166.0 -0.000464224713314755
167.0 4.284970778472668e-05
168.0 0.000452804205186091
169.0 -0.0003395529929702648
170.0 -0.00023920072171951527
171.0 0.0004502633849365146
172.0 8.17060727586048e-06
173.0 -0.00045388752041550045
174.0 0.00018887093171651077
175.0 0.00040624543295671026
176.0 -0.0004095568224499673
177.0 -0.00020603904200568353
178.0 0.0004688378863418349
179.0 3.241244070720851e-05
180.0 -0.00047314992996116593
181.0 0.00010985024630594228
182.0 0.00047245157436249564
183.0 -0.00031058369444665233
184.0 -0.0003381516411526896
185.0 0.0003545044593477009
186.0 0.0003002903012275706
187.0 -0.00046818697651465505
188.0 -0.0001721141648666507
189.0 0.00047775421028365436
190.0 9.818884218606487e-05
191.0 -0.0004990629108018491
192.0 -3.216141708674279e-05
193.0 0.0005182175827205761
194.0 -5.338128894357577e-05
195.0 -0.00048453432893518563
196.0 5.5303656906193255e-05
197.0 0.00052441459621908
198.0 -0.0001298197382457101
199.0 -0.00047401547592539696
200.0 8.300054707742588e-05
201.0 0.0005260933186197375
202.0 -0.00012857494042745393
203.0 -0.00047738372218588467
204.0 5.383531849162558e-05
205.0 0.0005308331758420544
206.0 -6.0627733927466e-05
207.0 -0.0005001761256902362
208.0 -2.771515299047326e-05
209.0 0.0005226647566184887
210.0 8.512016890773955e-05
211.0 -0.0005134461812578244
212.0 -0.00015896840543034454
213.0 0.0004574849668732884
214.0 0.00029265732749919556
215.0 -0.00046121022276373144
216.0 -0.00031534237676654
217.0 0.00029779793371452907
218.0 0.0004839957222010484
219.0 -0.000275881498437119
220.0 -0.0004596825403858268
221.0 5.6114833419404715e-05
222.0 0.0005401190231837004
223.0 7.274588747914678e-05
224.0 -0.0005146547806147582
225.0 -0.0002154214717465381
226.0 0.0003785558535427382
227.0 0.00044176529036414364
228.0 -0.00032737336054800264
229.0 -0.00045271875650999946
230.0 4.754184031327083e-05
231.0 0.0005389375230991774
232.0 0.00015988149180608323
233.0 -0.0005029742773256724
234.0 -0.00030744108351633413
235.0 0.00025738085695519976
236.0 0.0005395682863237039
237.0 -0.0001043566256842568
238.0 -0.0005214707273152687
239.0 -0.0001733893466823466
240.0 0.0003900115399993487
241.0 0.00047110400850834455
242.0 -0.00026823912616744284
243.0 -0.0004918338646659647
244.0 -8.176944250046774e-05
245.0 0.0004544934586530334
246.0 0.0004050331076043476
247.0 -0.0003427894829331375
248.0 -0.0004688142904421943
249.0 -4.576694299009403e-05
250.0 0.00047344972821756917
251.0 0.00039302496335549315
252.0 -0.0003501549783961031
253.0 -0.000469328082945963
254.0 -6.107128687315324e-05
255.0 0.0004509546039796515
256.0 0.0004301663196038218
257.0 -0.000296170331610085
258.0 -0.0004892116031849125
259.0 -0.00012776076962336822
260.0 0.00038309388989359077
261.0 0.0005044536932731906
262.0 -0.00016371751401275908
263.0 -0.0005170713221887231
264.0 -0.00022960261843832854
265.0 0.00025872287627754284
266.0 0.0005568173822938547
267.0 6.408257929115396e-05
268.0 -0.0005025401245993303
269.0 -0.00035289536529835465
270.0 7.753495649912079e-05
271.0 0.0005142471226543186
272.0 0.0003444478611051284
273.0 -0.00035840826364406085
274.0 -0.00047282172943145583
275.0 -0.00013527511935787192
276.0 0.0003406712005779029
277.0 0.0005397919805346193
278.0 -1.6363816718934794e-05
279.0 -0.0005098945660388089
280.0 -0.00033718637806731347
281.0 6.667492408841845e-05
282.0 0.0004929629596602718
283.0 0.00039761177024528
284.0 -0.00028198080749780347
285.0 -0.0004920284237323036
286.0 -0.0002189954945524205
287.0 0.00020806385100132028
288.0 0.0005487769310406464
289.0 0.00023784436238160622
290.0 -0.00041530669102905537
291.0 -0.0004472800709055251
292.0 -0.00013444109290281528
293.0 0.0002990199043914393
294.0 0.0005491224667357166
295.0 0.00012217164989718356
296.0 -0.0004610027586315303
297.0 -0.0004112562687434354
298.0 -9.768141876398455e-05
299.0 0.0003288642519088089
