10.0 0.01480859253975618
11.0 0.008321235298511647
12.0 0.003845372055493008
13.0 0.0008852355757382746
14.0 -0.0009661736961631126
15.0 -0.002026914438196419
16.0 -0.0025380073550823772
17.0 -0.002678855539261904
18.0 -0.002580822206854338
19.0 -0.002337894820248343
20.0 -0.0020155315466622425
21.0 -0.0016581989545366624
22.0 -0.0012954046403342392
23.0 -0.000946142828536854
24.0 -0.0006219912501741721
25.0 -0.0003292687065066804
26.0 -7.063630669650786e-05
27.0 0.0001536504660430993
28.0 0.000344804615325757
29.0 0.0005048850272907354
30.0 0.0006364167704474099
31.0 0.0007421445690872828
32.0 0.0008248519019118937
33.0 0.0008872341125453157
34.0 0.0009318298125032111
35.0 0.0009609985127888259
36.0 0.0009769154247932135
37.0 0.0009815607224588163
38.0 0.000976706761929995
39.0 0.0009639220864529842
40.0 0.0009445966182523992
41.0 0.000919969226401203
42.0 0.0008911388619600867
43.0 0.0008590629360167556
44.0 0.0008245616609989663
45.0 0.0007883371677369917
46.0 0.0007509969900141429
47.0 0.0007130676620455921
48.0 0.000674997554987748
49.0 0.0006371594860323085
50.0 0.0005998601814600653
51.0 0.0005633529220625708
52.0 0.000527845982601891
53.0 0.000493505348408032
54.0 0.0004604564332392059
55.0 0.00042878892981419855
56.0 0.0003985639936988004
57.0 0.0003698203341255063
58.0 0.00034257766924954223
59.0 0.00031683906045795
60.0 0.0002925942155026414
61.0 0.00026982391412889214
62.0 0.0002485038447338882
63.0 0.00022860624662425686
64.0 0.00021009942355832141
65.0 0.0001929466823978847
66.0 0.00017710630158680388
67.0 0.00016253290993031006
68.0 0.00014917931460334274
69.0 0.00013699741824186017
70.0 0.00012593755285298056
71.0 0.00011594659604439909
72.0 0.00010696575535915081
73.0 9.89286714856652e-05
74.0 9.17599872536382e-05
75.0 8.53743772317224e-05
76.0 7.96763476284009e-05
77.0 7.456145215717641e-05
78.0 6.991944094212975e-05
79.0 6.563924908506257e-05
80.0 6.16150720154459e-05
81.0 5.7752492284292085e-05
82.0 5.3973763275703485e-05
83.0 5.022165020022433e-05
84.0 4.646144021546855e-05
85.0 4.268087291818941e-05
86.0 3.8887964204503765e-05
87.0 3.5107053522552805e-05
88.0 3.137375701223561e-05
89.0 2.7729661304253736e-05
90.0 2.4217482171654182e-05
91.0 2.087715152955818e-05
92.0 1.7743052033915824e-05
93.0 1.4842468837469105e-05
94.0 1.2195232444465203e-05
95.0 9.814408338417905e-06
96.0 7.70772850073872e-06
97.0 5.879313245385199e-06
98.0 4.331177540053756e-06
99.0 3.0640931383203672e-06
100.0 2.077565756100232e-06
101.0 1.3689263781845989e-06
102.0 9.317623274666135e-07
103.0 7.540748835492952e-07
104.0 8.166149540558275e-07
105.0 1.0918109539958466e-06
106.0 1.5435843163418534e-06
107.0 2.128186520780709e-06
108.0 2.7960266852337617e-06
109.0 3.494316250607923e-06
110.0 4.170246893025048e-06
111.0 4.774343431189581e-06
112.0 5.263603444574802e-06
113.0 5.604061840964392e-06
114.0 5.772506905071646e-06
115.0 5.7572112106925734e-06
116.0 5.557693885845905e-06
117.0 5.18366094170678e-06
118.0 4.653349133748417e-06
119.0 3.991519399105114e-06
120.0 3.2273222444914843e-06
121.0 2.392212736172638e-06
122.0 1.5180461646399915e-06
123.0 6.354451511558292e-07
124.0 -2.2750631849742895e-07
125.0 -1.0462204023076938e-06
126.0 -1.8002256107465302e-06
127.0 -2.4734875696023796e-06
128.0 -3.054482903781419e-06
129.0 -3.536079054223159e-06
130.0 -3.915261991203681e-06
131.0 -4.192739646185857e-06
132.0 -4.372439702557431e-06
133.0 -4.4609208544973654e-06
134.0 -4.466725938573891e-06
135.0 -4.399717924164558e-06
136.0 -4.270448243630394e-06
137.0 -4.0896056369323456e-06
138.0 -3.867581054589839e-06
139.0 -3.614163413913557e-06
140.0 -3.3383585103407306e-06
141.0 -3.0483058706292074e-06
142.0 -2.7512601546345313e-06
143.0 -2.4536054504806897e-06
144.0 -2.160879627765015e-06
145.0 -1.877797253893094e-06
146.0 -1.6082692268455418e-06
147.0 -1.355422862267182e-06
148.0 -1.1216275688617572e-06
149.0 -9.085299593235486e-07
150.0 -7.171002611512447e-07
151.0 -5.476906078274603e-07
152.0 -4.001054718292191e-07
153.0 -2.7368442812307534e-07
154.0 -1.673965604473885e-07
155.0 -7.99435411369102e-08
156.0 -9.865072871171878e-09
157.0 4.436276401225061e-08
158.0 8.424703603781224e-08
159.0 1.1122442908689915e-07
160.0 1.266389093091017e-07
161.0 1.3174801686390423e-07
162.0 1.2774857339445382e-07
163.0 1.1580828253683444e-07
164.0 9.708926917209915e-08
165.0 7.275324501918648e-08
166.0 4.394454781643391e-08
167.0 1.175469664963743e-08
168.0 -2.2821927292137353e-08
169.0 -5.892882974740909e-08
170.0 -9.5873088296261e-08
171.0 -1.3312872131132497e-07
172.0 -1.7031662738740015e-07
173.0 -2.0716619372713139e-07
174.0 -2.434682368133784e-07
175.0 -2.790306862752014e-07
176.0 -3.1364701198445734e-07
177.0 -3.4708337112463725e-07
178.0 -3.790850755906981e-07
179.0 -4.093978491647733e-07
180.0 -4.3779591277716576e-07
181.0 -4.641080659259304e-07
182.0 -4.882346337661499e-07
183.0 -5.101516221901605e-07
184.0 -5.299023848627032e-07
185.0 -5.475802821254209e-07
186.0 -5.63307385446991e-07
187.0 -5.772141234861523e-07
188.0 -5.894233649706036e-07
189.0 -6.000405864747467e-07
190.0 -6.091502007045968e-07
191.0 -6.168171876896803e-07
192.0 -6.230928230283622e-07
193.0 -6.280232122749255e-07
194.0 -6.316591895441689e-07
195.0 -6.340658064083182e-07
196.0 -6.353292942586422e-07
197.0 -6.355593789159874e-07
198.0 -6.348854722500482e-07
199.0 -6.334466253488604e-07
200.0 -6.313769209436227e-07
201.0 -6.287896540998112e-07
202.0 -6.257645745216207e-07
203.0 -6.223421971163225e-07
204.0 -6.185276580324024e-07
205.0 -6.143041555905412e-07
206.0 -6.096533475145503e-07
207.0 -6.045779621312989e-07
208.0 -5.991209609717714e-07
209.0 -5.933761581840683e-07
210.0 -5.874871240923358e-07
211.0 -5.81633962832802e-07
212.0 -5.760104251369617e-07
213.0 -5.707960603408964e-07
214.0 -5.661291869085108e-07
215.0 -5.620861572469778e-07
216.0 -5.586708592961788e-07
217.0 -5.558160745629917e-07
218.0 -5.533957932471133e-07
219.0 -5.51245455888143e-07
220.0 -5.491857827896684e-07
221.0 -5.470455701847488e-07
222.0 -5.446795308837102e-07
223.0 -5.41978688544051e-07
224.0 -5.38872627577612e-07
225.0 -5.353246526984995e-07
226.0 -5.313222703423466e-07
227.0 -5.268661238033842e-07
228.0 -5.219604910819144e-07
229.0 -5.16607735516759e-07
230.0 -5.108078682622611e-07
231.0 -5.045629263529808e-07
232.0 -4.978845282503321e-07
233.0 -4.908020590406463e-07
234.0 -4.833686863654514e-07
235.0 -4.756628899427955e-07
236.0 -4.677842958857089e-07
237.0 -4.598440714217731e-07
238.0 -4.519515840663662e-07
239.0 -4.4420008358458223e-07
240.0 -4.3665454335317626e-07
241.0 -4.293443939029601e-07
242.0 -4.2226279644989335e-07
243.0 -4.1537261868753173e-07
244.0 -4.086177704771341e-07
245.0 -4.019374095321745e-07
246.0 -3.952800060495076e-07
247.0 -3.8861445563637114e-07
248.0 -3.819362578899647e-07
249.0 -3.752679888556627e-07
250.0 -3.686545701964108e-07
251.0 -3.621548720156906e-07
252.0 -3.5583176636101484e-07
253.0 -3.4974279460616815e-07
254.0 -3.4393318072226026e-07
255.0 -3.3843217452583386e-07
256.0 -3.332528556511302e-07
257.0 -3.283947749274223e-07
258.0 -3.23848307038132e-07
259.0 -3.1959941016242493e-07
260.0 -3.1563362590758256e-07
261.0 -3.1193853018836116e-07
262.0 -3.085043461106242e-07
263.0 -3.05322926393132e-07
264.0 -3.0238569565395544e-07
265.0 -2.996813395647182e-07
266.0 -2.9719401373323325e-07
267.0 -2.949026434166404e-07
268.0 -2.927815579900943e-07
269.0 -2.908023367850726e-07
270.0 -2.889364242971552e-07
271.0 -2.87157875719752e-07
272.0 -2.8544555973130616e-07
273.0 -2.837842762579332e-07
274.0 -2.821645056950458e-07
275.0 -2.8058082710781403e-07
276.0 -2.790293483164163e-07
277.0 -2.7750470943679713e-07
278.0 -2.7599730616187716e-07
279.0 -2.744913168988765e-07
280.0 -2.729639316446253e-07
281.0 -2.7138592097915227e-07
282.0 -2.6972341507314395e-07
283.0 -2.679405458281836e-07
284.0 -2.660024824518904e-07
285.0 -2.6387837703907616e-07
286.0 -2.615438193828215e-07
287.0 -2.589825456086118e-07
288.0 -2.561873102570544e-07
289.0 -2.5315997630093666e-07
290.0 -2.4991097543556195e-07
291.0 -2.4645833259183064e-07
292.0 -2.428264411771678e-07
293.0 -2.3904473694526985e-07
294.0 -2.3514636956270653e-07
295.0 -2.311669288488991e-07
296.0 -2.27143256149592e-07
297.0 -2.2311236043998097e-07
298.0 -2.1911045736689528e-07
299.0 -2.1517214921477749e-07
