10.0 0.0145250078529764
11.0 0.013585264938259916
12.0 0.012716137283225671
13.0 0.011912237851757894
14.0 0.011168626221405664
15.0 0.01048090716302187
16.0 0.009844882912124759
17.0 0.009256166571347433
18.0 0.008710146956363428
19.0 0.008202237710531819
20.0 0.007728114730710113
21.0 0.007283828031082566
22.0 0.006865841815115232
23.0 0.006471061448437527
24.0 0.006096860371968209
25.0 0.005741088782043877
26.0 0.0054020435858152275
27.0 0.005078401681260756
28.0 0.004769140976557395
29.0 0.004473472505108254
30.0 0.00419078839974978
31.0 0.003920618417290704
32.0 0.0036625906460247873
33.0 0.0034163985821602737
34.0 0.0031817774775579734
35.0 0.0029584889250171137
36.0 0.0027463092671147103
37.0 0.0025450183378364654
38.0 0.0023543893481380667
39.0 0.0021741830834406763
40.0 0.0020041469296027525
41.0 0.001844015307982126
42.0 0.0016935082654923844
43.0 0.001552328899830297
44.0 0.0014201627972263845
45.0 0.0012966808197290504
46.0 0.001181543213626865
47.0 0.0010744023814401491
48.0 0.0009749040244638248
49.0 0.0008826883711727198
50.0 0.0007973926427367874
51.0 0.0007186540891385167
52.0 0.0006461123271334805
53.0 0.0005794107485554961
54.0 0.0005181978427455496
55.0 0.00046212914913714527
56.0 0.0004108696680082333
57.0 0.00036409606994189175
58.0 0.00032149834752614667
59.0 0.000282781071178216
60.0 0.00024766451384994646
61.0 0.00021588559773444362
62.0 0.00018719834223004518
63.0 0.00016137357643187367
64.0 0.00013819802307757126
65.0 0.00011747312986675863
66.0 9.901399127421771e-05
67.0 8.264842097696413e-05
68.0 6.821594529466253e-05
69.0 5.556640944097966e-05
70.0 4.4558052378686596e-05
71.0 3.505516572878939e-05
72.0 2.692562865020227e-05
73.0 2.0038639244699163e-05
74.0 1.4262913444758224e-05
75.0 9.465592492767054e-06
76.0 5.51210382528669e-06
77.0 2.2671812352767065e-06
78.0 -4.0290219027528734e-07
79.0 -2.6270782623900163e-06
80.0 -4.5256241782647806e-06
81.0 -6.2062349442721836e-06
82.0 -7.760546738479773e-06
83.0 -9.261528891608733e-06
84.0 -1.076203041205909e-05
85.0 -1.2294622950192383e-05
86.0 -1.3872721720063895e-05
87.0 -1.5492800852715863e-05
88.0 -1.713738890172747e-05
89.0 -1.877847326549375e-05
90.0 -2.0380966332426016e-05
91.0 -2.1905961813123366e-05
92.0 -2.3313596797507594e-05
93.0 -2.4565410951950545e-05
94.0 -2.562616018862438e-05
95.0 -2.64651075513167e-05
96.0 -2.705687848783304e-05
97.0 -2.7382016745813425e-05
98.0 -2.742739298469205e-05
99.0 -2.7186592479975163e-05
100.0 -2.6660347371868272e-05
101.0 -2.5857000284216478e-05
102.0 -2.4792911263066276e-05
103.0 -2.3492668026358695e-05
104.0 -2.198894320140266e-05
105.0 -2.0321865280630286e-05
106.0 -1.8537826667290765e-05
107.0 -1.6687729462488885e-05
108.0 -1.4824751968336034e-05
109.0 -1.3001792276696066e-05
110.0 -1.126879932580536e-05
111.0 -9.67022912203234e-06
112.0 -8.242859652759984e-06
113.0 -7.014160998812806e-06
114.0 -6.001351439624453e-06
115.0 -5.2111867341046405e-06
116.0 -4.640444013267199e-06
117.0 -4.276990069415743e-06
118.0 -4.1012778193738415e-06
119.0 -4.088098059167809e-06
120.0 -4.208422430115799e-06
121.0 -4.4311993831402255e-06
122.0 -4.724998822726268e-06
123.0 -5.0594360470119646e-06
124.0 -5.406337322500351e-06
125.0 -5.740635659807411e-06
126.0 -6.041004791365639e-06
127.0 -6.290251334214817e-06
128.0 -6.475489984048907e-06
129.0 -6.588126084164545e-06
130.0 -6.623667069784884e-06
131.0 -6.581382496481363e-06
132.0 -6.4638340993587735e-06
133.0 -6.276303148316286e-06
134.0 -6.0261506477661805e-06
135.0 -5.722153541342322e-06
136.0 -5.373863625209825e-06
137.0 -4.9910330252553e-06
138.0 -4.583140500409611e-06
139.0 -4.159038234883144e-06
140.0 -3.726722354523795e-06
141.0 -3.2932156500854397e-06
142.0 -2.8645406285152292e-06
143.0 -2.4457562752140146e-06
144.0 -2.0410324596186027e-06
145.0 -1.653740284584037e-06
146.0 -1.2865429547080326e-06
147.0 -9.41478197505157e-07
148.0 -6.200287521782852e-07
149.0 -3.231814034431574e-07
150.0 -5.147740467217267e-08
151.0 1.9494193747522305e-07
152.0 4.1629102930553866e-07
153.0 6.130948638857252e-07
154.0 7.86142633770298e-07
155.0 9.364417505244824e-07
156.0 1.0651755410060608e-06
157.0 1.1736684603904236e-06
158.0 1.2633618101709245e-06
159.0 1.335800695500575e-06
160.0 1.392629818202801e-06
161.0 1.4355926023041913e-06
162.0 1.4665261469830025e-06
163.0 1.4873444358030453e-06
164.0 1.500004404308125e-06
165.0 1.506453500306258e-06
166.0 1.5085622775817351e-06
167.0 1.508050038386933e-06
168.0 1.5064143463803123e-06
169.0 1.5048755692361991e-06
170.0 1.5043453422110563e-06
171.0 1.5054235229730198e-06
172.0 1.5084229072393762e-06
173.0 1.5134159848425063e-06
174.0 1.5202945014460818e-06
175.0 1.5288312980000802e-06
176.0 1.5387349859309563e-06
177.0 1.5496910403684632e-06
178.0 1.5613869630711658e-06
179.0 1.5735231933006724e-06
180.0 1.5858144451335745e-06
181.0 1.5979874986706864e-06
182.0 1.6097810414214173e-06
183.0 1.6209512966802299e-06
184.0 1.6312845669392112e-06
185.0 1.6406152365940757e-06
186.0 1.6488458618662657e-06
187.0 1.655965087902285e-06
188.0 1.6620593162285392e-06
189.0 1.66731509006764e-06
190.0 1.6720107280797702e-06
191.0 1.6764974626955986e-06
192.0 1.6811719325079309e-06
193.0 1.6864431276891002e-06
194.0 1.6926976510725507e-06
195.0 1.7002673448663872e-06
196.0 1.709402906079552e-06
197.0 1.7202561114900634e-06
198.0 1.7328718401408056e-06
199.0 1.7471894761059817e-06
200.0 1.7630518331980511e-06
201.0 1.780218803143215e-06
202.0 1.7983827263648216e-06
203.0 1.817183071115551e-06
204.0 1.8362192111046151e-06
205.0 1.8550615529852972e-06
206.0 1.8732625284918334e-06
207.0 1.890369615966175e-06
208.0 1.905942343312739e-06
209.0 1.9195741484138692e-06
210.0 1.930918292173838e-06
211.0 1.939715186586077e-06
212.0 1.945817041318418e-06
213.0 1.9492051029169695e-06
214.0 1.9499952210937753e-06
215.0 1.948429018928248e-06
216.0 1.9448502893951474e-06
217.0 1.939668905887775e-06
218.0 1.933316946567971e-06
219.0 1.9262033636946804e-06
220.0 1.918674016324791e-06
221.0 1.9109831068052864e-06
222.0 1.9032801595312165e-06
223.0 1.8956140214294087e-06
224.0 1.8879524576652148e-06
225.0 1.8802133097702093e-06
226.0 1.8723013514031373e-06
227.0 1.8641442333731726e-06
228.0 1.8557213541144359e-06
229.0 1.8470809990607446e-06
230.0 1.8383433437562006e-06
231.0 1.829689466858335e-06
232.0 1.8213388905667587e-06
233.0 1.8135199362557796e-06
234.0 1.8064380702830875e-06
235.0 1.80024732638901e-06
236.0 1.7950289319286062e-06
237.0 1.7907797045589225e-06
238.0 1.7874109880684134e-06
239.0 1.7847572334202042e-06
240.0 1.7825921013107098e-06
241.0 1.7806493281609921e-06
242.0 1.7786455636770423e-06
243.0 1.7763028213564374e-06
244.0 1.7733688635254036e-06
245.0 1.769634532531837e-06
246.0 1.7649475521214416e-06
247.0 1.759222565909683e-06
248.0 1.752447170998468e-06
249.0 1.744683552993532e-06
250.0 1.7360651902589525e-06
251.0 1.7267881201184976e-06
252.0 1.7170965432583219e-06
253.0 1.707263095757404e-06
254.0 1.697564863107387e-06
255.0 1.6882570005023995e-06
256.0 1.6795464804024853e-06
257.0 1.6715688466262537e-06
258.0 1.6643708014590099e-06
259.0 1.6579009550100384e-06
260.0 1.652010177901548e-06
261.0 1.6464618490362486e-06
262.0 1.6409510594065359e-06
263.0 1.6351307156026702e-06
264.0 1.6286416565363312e-06
265.0 1.621143476016712e-06
266.0 1.6123427830320908e-06
267.0 1.6020161050685766e-06
268.0 1.590025453599862e-06
269.0 1.5763255831592695e-06
270.0 1.5609630237535283e-06
271.0 1.5440678968196155e-06
272.0 1.525840217012992e-06
273.0 1.5065327658121427e-06
274.0 1.4864326846711737e-06
275.0 1.4658437134927564e-06
276.0 1.4450705708290522e-06
277.0 1.4244064312538662e-06
278.0 1.4041238983489326e-06
279.0 1.3844693780956363e-06
280.0 1.3656603800401658e-06
281.0 1.347885036038227e-06
282.0 1.3313030264175824e-06
283.0 1.316047120659303e-06
284.0 1.302224644817313e-06
285.0 1.2899183505494415e-06
286.0 1.279186354651431e-06
287.0 1.2700610230626437e-06
288.0 1.2625468740882464e-06
289.0 1.2566177591848642e-06
290.0 1.2522137335908953e-06
291.0 1.2492381404195076e-06
292.0 1.2475554880851071e-06
293.0 1.2469906925506049e-06
294.0 1.2473301789655584e-06
295.0 1.2483251959509309e-06
296.0 1.2496975029239168e-06
297.0 1.2511473668765104e-06
298.0 1.2523635752860085e-06
299.0 1.2530349626114135e-06
