10.0 0.014396014542651337
11.0 0.01344571773059563
12.0 0.012592115940190796
13.0 0.011824578960343302
14.0 0.01113095025942268
15.0 0.010500009837670125
16.0 0.009922393238111307
17.0 0.009390550631398804
18.0 0.008898486832332726
19.0 0.008441535003048235
20.0 0.008016083599774581
21.0 0.007619255636423223
22.0 0.007248634316295706
23.0 0.006902092369609415
24.0 0.006577717529245056
25.0 0.006273789553955744
26.0 0.005988763314584118
27.0 0.005721239856161583
28.0 0.005469935566701229
29.0 0.005233663797037398
30.0 0.005011328607428552
31.0 0.004801920790060831
32.0 0.004604510817230668
33.0 0.004418240911741095
34.0 0.004242319810549537
35.0 0.0040760202377071175
36.0 0.003918675840211899
37.0 0.0037696751694542042
38.0 0.0036284543747722693
39.0 0.0034944923818346907
40.0 0.003367309466948966
41.0 0.003246466076752418
42.0 0.0031315588692071325
43.0 0.003022214894229603
44.0 0.00291808732912839
45.0 0.002818854304325651
46.0 0.002724218923329688
47.0 0.002633907894073531
48.0 0.002547668527405665
49.0 0.0024652658687138464
50.0 0.002386481174460095
51.0 0.0023111111298338826
52.0 0.002238966592307902
53.0 0.0021698706661749155
54.0 0.0021036569684600354
55.0 0.0020401688010621612
56.0 0.001979259046350576
57.0 0.0019207901185242342
58.0 0.0018646336183656678
59.0 0.0018106698709657875
60.0 0.0017587876351114328
61.0 0.0017088839584027487
62.0 0.001660863871961653
63.0 0.0016146397008825922
64.0 0.0015701301158741973
65.0 0.0015272593281536516
66.0 0.001485956796250339
67.0 0.001446157512818456
68.0 0.001407802612589232
69.0 0.0013708399106770433
70.0 0.0013352240825901785
71.0 0.0013009163955339479
72.0 0.0012678840258115007
73.0 0.0012360989955712252
74.0 0.0012055367151306685
75.0 0.0011761741330092686
76.0 0.0011479875939655003
77.0 0.0011209506067608877
78.0 0.0010950317441623001
79.0 0.0010701928370449908
80.0 0.0010463875568836251
81.0 0.001023560471988331
82.0 0.0010016467043025617
83.0 0.0009805723404338771
84.0 0.0009602557098769585
85.0 0.0009406095382554085
86.0 0.0009215438563768161
87.0 0.0009029694336193782
88.0 0.0008848014161051295
89.0 0.0008669627854145321
90.0 0.0008493872262799064
91.0 0.0008320210308751672
92.0 0.0008148237916245141
93.0 0.0007977678278832234
94.0 0.0007808365049850871
95.0 0.0007640217790184801
96.0 0.0007473213979909284
97.0 0.0007307362002878626
98.0 0.000714267888271367
99.0 0.0006979175423324608
100.0 0.0006816850034202364
101.0 0.0006655691124252673
102.0 0.0006495686720217941
103.0 0.0006336839053344878
104.0 0.0006179181346648833
105.0 0.0006022793947570275
106.0 0.0005867817255703997
107.0 0.0005714459515422381
108.0 0.0005562998359996988
109.0 0.0005413775860579745
110.0 0.0005267187607413945
111.0 0.0005123666933899124
112.0 0.0004983665757444667
113.0 0.00048476336836546756
114.0 0.0004715997051921329
115.0 0.00045891395224896217
116.0 0.0004467385617935031
117.0 0.00043509883229330185
118.0 0.0004240121420609266
119.0 0.00041348767454273984
120.0 0.0004035266037996037
121.0 0.0003941226678580175
122.0 0.00038526303111927534
123.0 0.0003769293266227434
124.0 0.00036909877280508224
125.0 0.0003617452737800775
126.0 0.000354840433267536
127.0 0.00034835443695320896
128.0 0.00034225678350975126
129.0 0.0003365168678719432
130.0 0.00033110443853407275
131.0 0.0003259899608939965
132.0 0.00032114491964055835
133.0 0.00031654208563499373
134.0 0.00031215575962393856
135.0 0.000307961990800557
136.0 0.0003039387571262972
137.0 0.00030006608955013704
138.0 0.000296326124713394
139.0 0.0002927030789929272
140.0 0.0002891831477880428
141.0 0.0002857543443273236
142.0 0.00028240629921125876
143.0 0.00027913004411691405
144.0 0.0002759178008281169
145.0 0.00027276279139778586
146.0 0.0002696590786063893
147.0 0.0002666014395541236
148.0 0.000263585270242363
149.0 0.0002606065157650614
150.0 0.00025766161919214424
151.0 0.00025474748212065546
152.0 0.00025186143089211147
153.0 0.00024900118432970465
154.0 0.0002461648211952142
155.0 0.0002433507479479702
156.0 0.00024055766924245268
157.0 0.0002377845643686848
158.0 0.00023503067216783217
159.0 0.00023229548488853133
160.0 0.0002295787485118824
161.0 0.0002268804641745559
162.0 0.00022420088349088738
163.0 0.0002215404906216756
164.0 0.00021889996613645905
165.0 0.00021628013167809652
166.0 0.00021368187919232868
167.0 0.00021110609275968271
168.0 0.00020855357367468547
169.0 0.00020602497960655
170.0 0.0002035207863476623
171.0 0.00020104127638080716
172.0 0.0001985865533393139
173.0 0.00019615657665831453
174.0 0.000193751207442787
175.0 0.00019137025550887201
176.0 0.00018901351880704027
177.0 0.0001866808095412775
178.0 0.0001843719653536473
179.0 0.00018208684786603422
180.0 0.00017982533369672872
181.0 0.0001775873042027586
182.0 0.00017537263954376514
183.0 0.00017318122060365525
184.0 0.00017101293954714563
185.0 0.0001688677171199981
186.0 0.00016674552287115156
187.0 0.00016464639363564685
188.0 0.00016257044589540126
189.0 0.0001605178787983807
190.0 0.00015848896629979127
191.0 0.00015648403871563533
192.0 0.00015450345564084697
193.0 0.00015254757346368526
194.0 0.00015061671146458948
195.0 0.0001487111206378664
196.0 0.0001468309588911005
197.0 0.00014497627521044957
198.0 0.00014314700388539406
199.0 0.00014134296823032226
200.0 0.0001395638917643876
201.0 0.00013780941385452652
202.0 0.0001360791066262781
203.0 0.0001343724905534438
204.0 0.00013268904737767813
205.0 0.0001310282305203483
206.0 0.000129389474475078
207.0 0.0001277722053924311
208.0 0.00012617585493551777
209.0 0.0001245998784908243
210.0 0.00012304377721301265
211.0 0.00012150712160937744
212.0 0.00011998957294475859
213.0 0.0001184908981177543
214.0 0.0001170109740785597
215.0 0.00011554977931907591
216.0 0.00011410737219327037
217.0 0.00011268385834756061
218.0 0.00011127935179994703
219.0 0.00010989393569329787
220.0 0.00010852762911716754
221.0 0.00010718036553790772
222.0 0.00010585198644924523
223.0 0.00010454225122480672
224.0 0.00010325086132606456
225.0 0.00010197749452969226
226.0 0.00010072184314707824
227.0 9.948364961250247e-05
228.0 9.826273339846864e-05
229.0 9.705900483723084e-05
230.0 9.587246375866588e-05
231.0 9.470318344721748e-05
232.0 9.355128279541843e-05
233.0 9.241689127203644e-05
234.0 9.130011215511368e-05
235.0 9.020098932124386e-05
236.0 8.911948184745088e-05
237.0 8.805544904958497e-05
238.0 8.700864672281077e-05
239.0 8.597873364349057e-05
240.0 8.496528613771898e-05
241.0 8.39678178825983e-05
242.0 8.298580208507797e-05
243.0 8.201869364199467e-05
244.0 8.10659495983991e-05
245.0 8.012704694564163e-05
246.0 7.920149734237214e-05
247.0 7.82888586028212e-05
248.0 7.738874279096723e-05
249.0 7.650082059289048e-05
250.0 7.562482146907358e-05
251.0 7.476052906616547e-05
252.0 7.39077715940047e-05
253.0 7.306640736614506e-05
254.0 7.223630639049851e-05
255.0 7.141732964172646e-05
256.0 7.060930827683447e-05
257.0 6.981202540904384e-05
258.0 6.902520302127481e-05
259.0 6.82484961445211e-05
260.0 6.748149559718261e-05
261.0 6.672373950228125e-05
262.0 6.597473264236259e-05
263.0 6.523397166380122e-05
264.0 6.450097337011274e-05
265.0 6.37753029646542e-05
266.0 6.305659916516516e-05
267.0 6.234459359005506e-05
268.0 6.163912261754529e-05
269.0 6.0940130905951636e-05
270.0 6.0247666779093135e-05
271.0 5.956187057618025e-05
272.0 5.888295772456637e-05
273.0 5.821119864980475e-05
274.0 5.754689767880643e-05
275.0 5.6890372857367586e-05
276.0 5.6241938168536834e-05
277.0 5.560188909755788e-05
278.0 5.497049193616032e-05
279.0 5.434797673123229e-05
280.0 5.37345334116653e-05
281.0 5.313031039472217e-05
282.0 5.253541487650252e-05
283.0 5.194991402914467e-05
284.0 5.1373836430628296e-05
285.0 5.080717321111298e-05
286.0 5.024987858660988e-05
287.0 4.970186964639367e-05
288.0 4.916302545010405e-05
289.0 4.8633185661748006e-05
290.0 4.8112149089298086e-05
291.0 4.759967259849375e-05
292.0 4.7095470916497585e-05
293.0 4.6599217826840975e-05
294.0 4.6110549178531614e-05
295.0 4.562906799394453e-05
296.0 4.515435177482037e-05
297.0 4.4685961893293095e-05
298.0 4.4223454739518854e-05
299.0 4.3766394104125244e-05
