10.0 0.026378876270806813
11.0 0.024679897707446434
12.0 0.023121448267017702
13.0 0.021688959719126114
14.0 0.02036855090304855
15.0 0.019148178289871486
16.0 0.01801752723886806
17.0 0.016967402005475828
18.0 0.015989444505720984
19.0 0.015076209039513632
20.0 0.014221184358335344
21.0 0.013418644454905282
22.0 0.012663469709068025
23.0 0.011951052348842734
24.0 0.011277293943591681
25.0 0.010638635599904512
26.0 0.010032056505069815
27.0 0.00945502210427548
28.0 0.008905410537085975
29.0 0.008381450411043956
30.0 0.007881674224587298
31.0 0.0074048733597104855
32.0 0.006950048146189426
33.0 0.006516359512546871
34.0 0.006103090272216613
35.0 0.0057096166366416585
36.0 0.005335383876905599
37.0 0.004979881199704224
38.0 0.004642618277890833
39.0 0.004323109799296568
40.0 0.004020869278790836
41.0 0.0037354060060811028
42.0 0.0034662191937589945
43.0 0.003212790519127931
44.0 0.002974580790942929
45.0 0.0027510331059792917
46.0 0.002541578718573663
47.0 0.0023456407072473193
48.0 0.002162634852611634
49.0 0.0019919708183951507
50.0 0.00183305570439511
51.0 0.001685298726866259
52.0 0.0015481146896957761
53.0 0.001420925812023758
54.0 0.001303163446782307
55.0 0.001194270991214259
56.0 0.0010937076641333728
57.0 0.0010009519286505277
58.0 0.0009155038889291661
59.0 0.0008368869374351032
60.0 0.0007646491239923446
61.0 0.0006983641612738527
62.0 0.0006376314979827922
63.0 0.0005820750638339336
64.0 0.0005313409382199495
65.0 0.00048509470453359335
66.0 0.0004430192071309032
67.0 0.00040481291854278464
68.0 0.0003701885908882696
69.0 0.0003388717005741456
70.0 0.00031059845337214656
71.0 0.00028511352945617756
72.0 0.0002621679932309367
73.0 0.00024151776310223595
74.0 0.00022292287357605738
75.0 0.0002061476617707577
76.0 0.00019096201269999763
77.0 0.00017714377281692435
78.0 0.00016448226088637427
79.0 0.00015278250073262202
80.0 0.0001418695443279667
81.0 0.00013159219916796864
82.0 0.00012182562825594905
83.0 0.00011247253956161669
84.0 0.00010346290886098081
85.0 9.475235019446894e-05
86.0 8.63193834247175e-05
87.0 7.816195564434587e-05
88.0 7.029361839433703e-05
89.0 6.273971129774873e-05
90.0 5.553377130755388e-05
91.0 4.871424378880241e-05
92.0 4.232148712662231e-05
93.0 3.639505723816875e-05
94.0 3.097129756951698e-05
95.0 2.6081290241311152e-05
96.0 2.1749214156507806e-05
97.0 1.79911123735548e-05
98.0 1.4814022026625606e-05
99.0 1.2215391732015026e-05
100.0 1.018271467347136e-05
101.0 8.693336457900525e-06
102.0 7.714442859626028e-06
103.0 7.203278171026832e-06
104.0 7.107675461101977e-06
105.0 7.366985865208605e-06
106.0 7.91347296623573e-06
107.0 8.674195335649057e-06
108.0 9.573343684927763e-06
109.0 1.0534936919812376e-05
110.0 1.1485721187200222e-05
111.0 1.23580668451616e-05
112.0 1.3092631802809557e-05
113.0 1.3640566898420635e-05
114.0 1.3965084221692201e-05
115.0 1.404228549174255e-05
116.0 1.3861237217552044e-05
117.0 1.3423360901945542e-05
118.0 1.2741263212674066e-05
119.0 1.1837156516578842e-05
120.0 1.0741018771869644e-05
121.0 9.48862385596496e-06
122.0 8.119549445368182e-06
123.0 6.675246310067758e-06
124.0 5.197232946356353e-06
125.0 3.7254632249806907e-06
126.0 2.2969023314426582e-06
127.0 9.443382125557479e-07
128.0 -3.0454805740749967e-07
129.0 -1.4278309060023963e-06
130.0 -2.409688281406422e-06
131.0 -3.2404372474235923e-06
132.0 -3.916261091473272e-06
133.0 -4.438655048500375e-06
134.0 -4.813644249512319e-06
135.0 -5.050850927207611e-06
136.0 -5.162501728970331e-06
137.0 -5.162465934697879e-06
138.0 -5.065400988428143e-06
139.0 -4.886056504911982e-06
140.0 -4.638757967358346e-06
141.0 -4.3370634545241145e-06
142.0 -3.993566224722345e-06
143.0 -3.6198053864994817e-06
144.0 -3.2262458205826984e-06
145.0 -2.822294470376521e-06
146.0 -2.4163297019696754e-06
147.0 -2.015730558340306e-06
148.0 -1.6269012948560141e-06
149.0 -1.255292602486746e-06
150.0 -9.054242617915171e-07
151.0 -5.809149172402573e-07
152.0 -2.845236380059417e-07
153.0 -1.8205398240650727e-08
154.0 2.1682085052809912e-07
155.0 4.1999641633061705e-07
156.0 5.913469777166919e-07
157.0 7.314148701594437e-07
158.0 8.412060201595452e-07
159.0 9.221536927982012e-07
160.0 9.760954020758102e-07
161.0 1.0052536793491677e-06
162.0 1.0122077964965332e-06
163.0 9.998434730733408e-07
164.0 9.712715623909352e-07
165.0 9.297139824432298e-07
166.0 8.783639301435331e-07
167.0 8.202353306103268e-07
168.0 7.580213150789046e-07
169.0 6.939818837945465e-07
170.0 6.298765917559507e-07
171.0 5.669501324072447e-07
172.0 5.059690498742294e-07
173.0 4.472988190480048e-07
174.0 3.910042829594954e-07
175.0 3.369542462614722e-07
176.0 2.8491314252721574e-07
177.0 2.3460829357085516e-07
178.0 1.8576872423896555e-07
179.0 1.3813880972745356e-07
180.0 9.147543827999593e-08
181.0 4.553975138311662e-08
182.0 9.365978510002154e-11
183.0 -4.509211894336461e-08
184.0 -9.021655305783438e-08
185.0 -1.3541610141866437e-07
186.0 -1.8072810681001704e-07
187.0 -2.260576595375837e-07
188.0 -2.7115545611231586e-07
189.0 -3.1561224667151433e-07
190.0 -3.588725889205222e-07
191.0 -4.0026746048175514e-07
192.0 -4.3906236791718583e-07
193.0 -4.745153178633137e-07
194.0 -5.059376424803317e-07
195.0 -5.327503589089125e-07
196.0 -5.545295525292142e-07
197.0 -5.710361268414627e-07
198.0 -5.822278867115899e-07
199.0 -5.88254840993057e-07
200.0 -5.894412115701576e-07
201.0 -5.862593097877164e-07
202.0 -5.793007650047646e-07
203.0 -5.692494799424116e-07
204.0 -5.568584635853689e-07
205.0 -5.429300164592618e-07
206.0 -5.282964425974851e-07
207.0 -5.137972895152903e-07
208.0 -5.002495182776239e-07
209.0 -4.88408973806294e-07
210.0 -4.789245849696923e-07
211.0 -4.7229004848214155e-07
212.0 -4.6880038563669787e-07
213.0 -4.6852188288571606e-07
214.0 -4.712830700659385e-07
215.0 -4.7669157480923586e-07
216.0 -4.841774306413712e-07
217.0 -4.930585909665288e-07
218.0 -5.026200518931366e-07
219.0 -5.121950690258993e-07
220.0 -5.21236121044934e-07
221.0 -5.293647391241885e-07
222.0 -5.363928223651799e-07
223.0 -5.423129228700243e-07
224.0 -5.472602789339668e-07
225.0 -5.514541062327658e-07
226.0 -5.551289630087259e-07
227.0 -5.584683182859117e-07
228.0 -5.615515953677452e-07
229.0 -5.643231699061381e-07
230.0 -5.665876575293847e-07
231.0 -5.680311431524961e-07
232.0 -5.68263659149228e-07
233.0 -5.668749807339205e-07
234.0 -5.634941874330412e-07
235.0 -5.578436068356799e-07
236.0 -5.497795173115073e-07
237.0 -5.393148473135523e-07
238.0 -5.26622404637469e-07
239.0 -5.120202188298032e-07
240.0 -4.959428404308009e-07
241.0 -4.789036149200282e-07
242.0 -4.6145302713000893e-07
243.0 -4.441374366481742e-07
244.0 -4.27461297137254e-07
245.0 -4.118547045362298e-07
246.0 -3.9764719227827536e-07
247.0 -3.850482534132411e-07
248.0 -3.741350876408365e-07
249.0 -3.6484834773387334e-07
250.0 -3.5699691020833484e-07
251.0 -3.5027264648705823e-07
252.0 -3.4427564954653737e-07
253.0 -3.385493570780768e-07
254.0 -3.326236471265522e-07
255.0 -3.260625330949114e-07
256.0 -3.185118763885149e-07
257.0 -3.097418681069303e-07
258.0 -2.9967911184155254e-07
259.0 -2.884240299935001e-07
260.0 -2.7625092013415605e-07
261.0 -2.635900713124451e-07
262.0 -2.5099358708292615e-07
263.0 -2.390885984248034e-07
264.0 -2.2852306955197527e-07
265.0 -2.1991017985133866e-07
266.0 -2.137772116972105e-07
267.0 -2.105240315116466e-07
268.0 -2.103947887189733e-07
269.0 -2.1346463003356206e-07
270.0 -2.1964132857523807e-07
271.0 -2.2868003777918506e-07
272.0 -2.40208117978467e-07
273.0 -2.5375627702495175e-07
274.0 -2.687921414919594e-07
275.0 -2.847527641558856e-07
276.0 -3.0107333979648644e-07
277.0 -3.1721037244310034e-07
278.0 -3.3265854059523426e-07
279.0 -3.4696139908909397e-07
280.0 -3.597167411572039e-07
281.0 -3.705778784673541e-07
282.0 -3.7925228385038797e-07
283.0 -3.8549901704305096e-07
284.0 -3.891261704944183e-07
285.0 -3.899892843954419e-07
286.0 -3.879913345902206e-07
287.0 -3.8308453052825367e-07
288.0 -3.752738007521582e-07
289.0 -3.646215140096544e-07
290.0 -3.512527076753469e-07
291.0 -3.3535989522079136e-07
292.0 -3.1720642352963463e-07
293.0 -2.9712736606080843e-07
294.0 -2.755270760993779e-07
295.0 -2.5287277797933857e-07
296.0 -2.2968391998005066e-07
297.0 -2.065174137879501e-07
298.0 -1.8394929645396817e-07
299.0 -1.6255372462210766e-07
