10.0 0.014483279935261866
11.0 0.013513199173029015
12.0 0.012626514529965344
13.0 0.01181934756258
14.0 0.011084988449594104
15.0 0.01041537615684914
16.0 0.00980214104891718
17.0 0.009237227944130512
18.0 0.008713382701303576
19.0 0.008224510436259104
20.0 0.007765757709502136
21.0 0.007333349937706649
22.0 0.006924343677143797
23.0 0.006536412433488788
24.0 0.0061677017397353895
25.0 0.0058167340820607216
26.0 0.005482330032458325
27.0 0.005163531106447638
28.0 0.004859533697670658
29.0 0.00456964584590536
30.0 0.004293263682525732
31.0 0.004029855390159352
32.0 0.003778945705087422
33.0 0.00354010208290748
34.0 0.003312925363040805
35.0 0.0030970444258831514
36.0 0.0028921112380857978
37.0 0.0026977936501367625
38.0 0.002513767502470351
39.0 0.002339711773814492
40.0 0.002175307679146262
41.0 0.002020238562517705
42.0 0.001874187524943408
43.0 0.0017368336267182588
44.0 0.0016078499733925855
45.0 0.0014869051192707226
46.0 0.0013736658165473593
47.0 0.0012677984756289294
48.0 0.0011689690498375184
49.0 0.001076843065288684
50.0 0.0009910869596162512
51.0 0.0009113700800988339
52.0 0.0008373660861510828
53.0 0.0007687535277420172
54.0 0.0007052164340550323
55.0 0.0006464456113639003
56.0 0.0005921404627962441
57.0 0.0005420106657523066
58.0 0.0004957773600852491
59.0 0.000453174030058897
60.0 0.00041394737067684833
61.0 0.00037785811591999465
62.0 0.00034468152931089915
63.0 0.000314207340245153
64.0 0.00028623925478917905
65.0 0.00026059443853135983
66.0 0.00023710332779499523
67.0 0.00021560982040957945
68.0 0.00019597157085369743
69.0 0.00017805998896179817
70.0 0.00016175965612164937
71.0 0.00014696709107526207
72.0 0.00013358895033801753
73.0 0.00012153978004644144
74.0 0.00011073942257449129
75.0 0.00010111022273882142
76.0 9.257428535018409e-05
77.0 8.505112214982196e-05
78.0 7.845600453153289e-05
79.0 7.269920991439299e-05
80.0 6.768619644236388e-05
81.0 6.331864169228189e-05
82.0 5.9496244886206075e-05
83.0 5.6119170639953274e-05
84.0 5.309096516985473e-05
85.0 5.032171081502306e-05
86.0 4.773113894350707e-05
87.0 4.525141710890368e-05
88.0 4.282935289074952e-05
89.0 4.0427791712399054e-05
90.0 3.8026025030187434e-05
91.0 3.56190872686918e-05
92.0 3.3215922728700224e-05
93.0 3.083654045213617e-05
94.0 2.850841243962369e-05
95.0 2.6262469732904006e-05
96.0 2.4129089514557007e-05
97.0 2.2134446216211535e-05
98.0 2.0297537358729737e-05
99.0 1.8628109043994478e-05
100.0 1.7125609979668612e-05
101.0 1.5779204905703335e-05
102.0 1.4568784441236135e-05
103.0 1.3466824451435966e-05
104.0 1.2440879723628011e-05
105.0 1.1456449564306875e-05
106.0 1.0479931846366047e-05
107.0 9.481389987147311e-06
108.0 8.43689311281528e-06
109.0 7.330247002075849e-06
110.0 6.15400271986631e-06
111.0 4.909701814911059e-06
112.0 3.607385301192026e-06
113.0 2.2644552443322427e-06
114.0 9.040302840865103e-07
115.0 -4.4702412003808843e-07
116.0 -1.7601892576562631e-06
117.0 -3.0073122074340615e-06
118.0 -4.162379870435268e-06
119.0 -5.202925227852328e-06
120.0 -6.1110009055051745e-06
121.0 -6.873711937767521e-06
122.0 -7.483346353443986e-06
123.0 -7.937174055355004e-06
124.0 -8.237000781706257e-06
125.0 -8.38856665682974e-06
126.0 -8.400870805986702e-06
127.0 -8.285487636081997e-06
128.0 -8.055919721935189e-06
129.0 -7.727010318872705e-06
130.0 -7.314419273894013e-06
131.0 -6.834153096009653e-06
132.0 -6.302135282279609e-06
133.0 -5.733806509050112e-06
134.0 -5.143753466914745e-06
135.0 -4.54537586351479e-06
136.0 -3.950609169691593e-06
137.0 -3.369722991860719e-06
138.0 -2.811210615214272e-06
139.0 -2.281775645599757e-06
140.0 -1.7864097376973618e-06
141.0 -1.3285445192971077e-06
142.0 -9.102536701747688e-07
143.0 -5.324789087867329e-07
144.0 -1.9525605797639887e-07
145.0 1.020770274428868e-07
146.0 3.607019264405854e-07
147.0 5.821750789443642e-07
148.0 7.683163749521684e-07
149.0 9.211264766232263e-07
150.0 1.0427265219914075e-06
151.0 1.1353134040549124e-06
152.0 1.2011245543208027e-06
153.0 1.2424078108719394e-06
154.0 1.261394186883258e-06
155.0 1.2602737158870846e-06
156.0 1.241176448089832e-06
157.0 1.20616151473625e-06
158.0 1.157216573994841e-06
159.0 1.0962679156734521e-06
160.0 1.0251985429462444e-06
161.0 9.458685822282891e-07
162.0 8.601304517583586e-07
163.0 7.698311841721792e-07
164.0 6.767964580615262e-07
165.0 5.827948803924136e-07
166.0 4.894859078036918e-07
167.0 3.9835921343127083e-07
168.0 3.10676078607051e-07
169.0 2.2742372888082583e-07
170.0 1.492913117295006e-07
171.0 7.667198087402134e-08
172.0 9.690374633261147e-09
173.0 -5.1750070039912165e-08
174.0 -1.0790889327933071e-07
175.0 -1.5914956522215414e-07
176.0 -2.0588852147040396e-07
177.0 -2.485581167348574e-07
178.0 -2.8758527868791566e-07
179.0 -3.2338369689474995e-07
180.0 -3.5635451742097904e-07
181.0 -3.8688934028309115e-07
182.0 -4.1536993827839636e-07
183.0 -4.4216115134989494e-07
184.0 -4.6759615465075683e-07
185.0 -4.919559572027476e-07
186.0 -5.15446911163714e-07
187.0 -5.381808432994514e-07
188.0 -5.601621333965453e-07
189.0 -5.812848915794026e-07
190.0 -6.013416937895478e-07
191.0 -6.200434980020955e-07
192.0 -6.370486908945422e-07
193.0 -6.519979224702285e-07
194.0 -6.645506155317797e-07
195.0 -6.744188732438018e-07
196.0 -6.813949822513934e-07
197.0 -6.853697749300568e-07
198.0 -6.863406207934005e-07
199.0 -6.844094990893525e-07
200.0 -6.797731187534462e-07
201.0 -6.727080541146512e-07
202.0 -6.635541109927261e-07
203.0 -6.526985705586656e-07
204.0 -6.405627447293978e-07
205.0 -6.275907771937098e-07
206.0 -6.142392961524252e-07
207.0 -6.009657909654314e-07
208.0 -5.882137038927846e-07
209.0 -5.763932117295652e-07
210.0 -5.658582730403304e-07
211.0 -5.568822917501406e-07
212.0 -5.496361786958119e-07
213.0 -5.44173228044322e-07
214.0 -5.404248057377444e-07
215.0 -5.382093770950237e-07
216.0 -5.372551525995089e-07
217.0 -5.372340785041907e-07
218.0 -5.378026028721794e-07
219.0 -5.386431225711972e-07
220.0 -5.394996130821078e-07
221.0 -5.40201771391923e-07
222.0 -5.406739148354575e-07
223.0 -5.409275069631198e-07
224.0 -5.410390189589554e-07
225.0 -5.411173439225293e-07
226.0 -5.412666991733068e-07
227.0 -5.415515787730643e-07
228.0 -5.41969768886356e-07
229.0 -5.424378496156121e-07
230.0 -5.427913051982749e-07
231.0 -5.427987977603839e-07
232.0 -5.421878071208363e-07
233.0 -5.406771166529357e-07
234.0 -5.380108068786946e-07
235.0 -5.33988587163329e-07
236.0 -5.284883361281918e-07
237.0 -5.214783543342084e-07
238.0 -5.130186862423999e-07
239.0 -5.032525641623035e-07
240.0 -4.923902645943697e-07
241.0 -4.806882848625218e-07
242.0 -4.6842674328971905e-07
243.0 -4.5588741878521076e-07
244.0 -4.4333410325134215e-07
245.0 -4.309961883071065e-07
246.0 -4.190558422672156e-07
247.0 -4.0763885312787755e-07
248.0 -3.968092058082995e-07
249.0 -3.8656762064399147e-07
250.0 -3.7685444826238654e-07
251.0 -3.6755734015769803e-07
252.0 -3.585238933524342e-07
253.0 -3.495789831237618e-07
254.0 -3.405458196640608e-07
255.0 -3.3126903175899987e-07
256.0 -3.2163746480484946e-07
257.0 -3.1160404255142645e-07
258.0 -3.012000924632384e-07
259.0 -2.9054200771663184e-07
260.0 -2.7982896423362395e-07
261.0 -2.6933150431340954e-07
262.0 -2.593719661260394e-07
263.0 -2.5029879259030914e-07
264.0 -2.42457526738281e-07
265.0 -2.3616167672196235e-07
266.0 -2.316665647650299e-07
267.0 -2.2914878784763686e-07
268.0 -2.2869310707591598e-07
269.0 -2.3028758706285401e-07
270.0 -2.338267851181829e-07
271.0 -2.391218924569095e-07
272.0 -2.459160722836083e-07
273.0 -2.539028888454691e-07
274.0 -2.6274568807735086e-07
275.0 -2.720960341672503e-07
276.0 -2.8160975008434107e-07
277.0 -2.909596580561218e-07
278.0 -2.9984467332318095e-07
279.0 -3.079953930916687e-07
280.0 -3.1517669108613045e-07
281.0 -3.211880544805836e-07
282.0 -3.2586248812354987e-07
283.0 -3.290647826702077e-07
284.0 -3.306898290640377e-07
285.0 -3.3066149295673286e-07
286.0 -3.289323657813536e-07
287.0 -3.254845047015702e-07
288.0 -3.2033107661504163e-07
289.0 -3.135186440221327e-07
290.0 -3.051296844756995e-07
291.0 -2.952848323694057e-07
292.0 -2.8414428340414915e-07
293.0 -2.7190781675843264e-07
294.0 -2.588129709107488e-07
295.0 -2.451310516113631e-07
296.0 -2.3116084171227042e-07
297.0 -2.1722010222275617e-07
298.0 -2.036351772247744e-07
299.0 -1.9072921662417263e-07
