10.0 0.014489534731620464
11.0 0.013571461697985992
12.0 0.012730854946975971
13.0 0.011959960830162287
14.0 0.011251607276226474
15.0 0.01059976143290998
16.0 0.009999381502779054
17.0 0.009445997174214156
18.0 0.008935487013114553
19.0 0.008464074930341688
20.0 0.008028323040684307
21.0 0.00762505245338485
22.0 0.007251263591230606
23.0 0.0069041119477422355
24.0 0.006580937789941365
25.0 0.006279313036952201
26.0 0.00599706737519931
27.0 0.005732282056926726
28.0 0.005483266800040356
29.0 0.005248538324696976
30.0 0.005026803663872043
31.0 0.004816941414575566
32.0 0.004617978181591892
33.0 0.004429064441408759
34.0 0.004249454721154069
35.0 0.004078492745077429
36.0 0.003915598419136998
37.0 0.003760254055067123
38.0 0.0036119912098961982
39.0 0.0034703816304292433
40.0 0.0033350329771303826
41.0 0.0032055859667431577
42.0 0.0030817096859325896
43.0 0.0029630957414801505
44.0 0.00284945440792359
45.0 0.0027405141015313847
46.0 0.0026360221559909554
47.0 0.002535744257060394
48.0 0.0024394622659179147
49.0 0.002346972173710051
50.0 0.0022580833674769167
51.0 0.002172618569955784
52.0 0.0020904132124213676
53.0 0.002011314034443915
54.0 0.001935177775064115
55.0 0.001861870684976309
56.0 0.001791268692113773
57.0 0.0017232575558231698
58.0 0.0016577326394954426
59.0 0.0015945984448468488
60.0 0.0015337681533030669
61.0 0.0014751631123595147
62.0 0.0014187119392481756
63.0 0.0013643490101551562
64.0 0.0013120124616055999
65.0 0.0012616421161712045
66.0 0.0012131777285980814
67.0 0.001166557679713151
68.0 0.0011217179637671088
69.0 0.0010785912337415557
70.0 0.001037105816251948
71.0 0.0009971848340558976
72.0 0.000958745701879968
73.0 0.0009217002301307336
74.0 0.0008859554585196375
75.0 0.0008514152559874039
76.0 0.0008179826893963911
77.0 0.0007855631146887215
78.0 0.0007540678158374401
79.0 0.0007234178320767008
80.0 0.0006935474722917199
81.0 0.000664407004430519
82.0 0.0006359641322024291
83.0 0.0006082040658230026
84.0 0.0005811281888557283
85.0 0.0005547514911224926
86.0 0.0005290990794288864
87.0 0.0005042021866865379
88.0 0.00048009414836280243
89.0 0.00045680677875407466
90.0 0.00043436746667919855
91.0 0.0004127971626836057
92.0 0.0003921092950560979
93.0 0.00037230955353005185
94.0 0.0003533964120711875
95.0 0.00033536220897276977
96.0 0.0003181945564268309
97.0 0.000301877821439192
98.0 0.00028639442075865403
99.0 0.0002717257136198471
100.0 0.0002578523543901177
101.0 0.000244754068974327
102.0 0.00023240892523126484
103.0 0.00022079225959163655
104.0 0.00020987548384330683
105.0 0.00019962501837398312
106.0 0.000190001579872358
107.0 0.00018095999882051036
108.0 0.00017244966573159187
109.0 0.00016441561695565492
110.0 0.0001568001827960506
111.0 0.0001495450444061688
112.0 0.00014259349291787483
113.0 0.0001358926634847881
114.0 0.00012939553155740034
115.0 0.0001230625037740146
116.0 0.00011686249920509379
117.0 0.00011077348318655188
118.0 0.0001047824727881611
119.0 9.88850732240915e-05
120.0 9.308462778450021e-05
121.0 8.739107382733155e-05
122.0 8.181959863045098e-05
123.0 7.638918484968481e-05
124.0 7.112112773527463e-05
125.0 6.603759615220122e-05
126.0 6.11602979985659e-05
127.0 5.650929925867305e-05
128.0 5.210203573152401e-05
129.0 4.795254740972574e-05
130.0 4.407095629885837e-05
131.0 4.046319738680866e-05
132.0 3.7130998334414085e-05
133.0 3.407208666024014e-05
134.0 3.128058592295072e-05
135.0 2.8747548040164175e-05
136.0 2.6461560796198927e-05
137.0 2.440936989503652e-05
138.0 2.2576463642890657e-05
139.0 2.0947583390889635e-05
140.0 1.950714068542928e-05
141.0 1.823953881809249e-05
142.0 1.712940912958725e-05
143.0 1.6161779534198656e-05
144.0 1.532219445261187e-05
145.0 1.4596803024161171e-05
146.0 1.3972427963313668e-05
147.0 1.3436622431294065e-05
148.0 1.2977717983152649e-05
149.0 1.2584863588473468e-05
150.0 1.2248054017757778e-05
151.0 1.1958145407295938e-05
152.0 1.1706856361235872e-05
153.0 1.1486754291684571e-05
154.0 1.1291228533945441e-05
155.0 1.1114453669554406e-05
156.0 1.09513478887163e-05
157.0 1.079753157123153e-05
158.0 1.0649290210740895e-05
159.0 1.0503543398843523e-05
160.0 1.0357818353703046e-05
161.0 1.0210223339517457e-05
162.0 1.0059414317614254e-05
163.0 9.904548107346314e-06
164.0 9.745217490777049e-06
165.0 9.581367669261073e-06
166.0 9.413198280508865e-06
167.0 9.241059512696746e-06
168.0 9.065353489475494e-06
169.0 8.886452269367029e-06
170.0 8.704641391096972e-06
171.0 8.520093470754894e-06
172.0 8.332870996361577e-06
173.0 8.142952456738067e-06
174.0 7.950272437943587e-06
175.0 7.754765053809733e-06
176.0 7.556401192847138e-06
177.0 7.355213114101094e-06
178.0 7.151304014292035e-06
179.0 6.944844232271947e-06
180.0 6.736058775092506e-06
181.0 6.525212220638792e-06
182.0 6.312596645820538e-06
183.0 6.098526394958602e-06
184.0 5.883340913556573e-06
185.0 5.667414296244706e-06
186.0 5.451168272704832e-06
187.0 5.235084441561375e-06
188.0 5.01971170455962e-06
189.0 4.805665846567593e-06
190.0 4.593619714357785e-06
191.0 4.384284118543581e-06
192.0 4.178381128463485e-06
193.0 3.97661264162989e-06
194.0 3.779627848615815e-06
195.0 3.587993392923174e-06
196.0 3.4021696074077665e-06
197.0 3.222495233850271e-06
198.0 3.0491816439742268e-06
199.0 2.882316033268764e-06
200.0 2.7218716837517807e-06
201.0 2.5677225169297554e-06
202.0 2.419659011489441e-06
203.0 2.277403185332494e-06
204.0 2.140621562155444e-06
205.0 2.0089364971100055e-06
206.0 1.8819374728123354e-06
207.0 1.7591945872355562e-06
208.0 1.64027619827657e-06
209.0 1.5247715739767572e-06
210.0 1.4123176877002954e-06
211.0 1.3026274508028766e-06
212.0 1.1955152176681198e-06
213.0 1.0909147827057674e-06
214.0 9.888855718977698e-07
215.0 8.89604300030545e-07
216.0 7.93341735363188e-07
217.0 7.004268990850469e-07
218.0 6.112034524309183e-07
219.0 5.259846611239812e-07
220.0 4.4501381156480834e-07
221.0 3.6843616559750757e-07
222.0 2.962866229874297e-07
223.0 2.2849458135040633e-07
224.0 1.6490455413361437e-07
225.0 1.0530847689323269e-07
226.0 4.948377773540062e-08
227.0 -2.7694741550925602e-09
228.0 -5.159859516821705e-08
229.0 -9.70802383671547e-08
230.0 -1.3921676016747263e-07
231.0 -1.7794692548387264e-07
232.0 -2.1316847647666747e-07
233.0 -2.447682858979599e-07
234.0 -2.7265489065653725e-07
235.0 -2.967882509550199e-07
236.0 -3.1720250449701737e-07
237.0 -3.340190186733896e-07
238.0 -3.474488258673308e-07
239.0 -3.5778518781368445e-07
240.0 -3.653882777771454e-07
241.0 -3.7066463087492243e-07
242.0 -3.740440854477347e-07
243.0 -3.759565516752665e-07
244.0 -3.768103127297407e-07
245.0 -3.769729206429411e-07
246.0 -3.767552762489513e-07
247.0 -3.763992680344748e-07
248.0 -3.760693682193277e-07
249.0 -3.7584873619380886e-07
250.0 -3.757405040334281e-07
251.0 -3.7567486838648616e-07
252.0 -3.755222953387915e-07
253.0 -3.7511255260860627e-07
254.0 -3.7425849825293814e-07
255.0 -3.7278272724114766e-07
256.0 -3.705444879930666e-07
257.0 -3.6746389779433605e-07
258.0 -3.6354052306629296e-07
259.0 -3.588638819321599e-07
260.0 -3.5361431879711554e-07
261.0 -3.480538632376032e-07
262.0 -3.42507937149876e-07
263.0 -3.373399178670603e-07
264.0 -3.329214245645952e-07
265.0 -3.2960164591441e-07
266.0 -3.276790149875852e-07
267.0 -3.273780861429051e-07
268.0 -3.288336700562061e-07
269.0 -3.3208327766802426e-07
270.0 -3.370678736892306e-07
271.0 -3.4363999986470086e-07
272.0 -3.5157761927190204e-07
273.0 -3.6060162753339143e-07
274.0 -3.7039489101766946e-07
275.0 -3.806208701743436e-07
276.0 -3.9094029421755447e-07
277.0 -4.0102487759072447e-07
278.0 -4.105676147390851e-07
279.0 -4.1928967887520006e-07
280.0 -4.269443295551041e-07
281.0 -4.333184785153913e-07
282.0 -4.382326743533101e-07
283.0 -4.415402630385829e-07
284.0 -4.4312639080140583e-07
285.0 -4.429073675787846e-07
286.0 -4.408307280359215e-07
287.0 -4.3687613282790237e-07
288.0 -4.310570602394473e-07
289.0 -4.234230604410735e-07
290.0 -4.1406219397005337e-07
291.0 -4.031031658367463e-07
292.0 -3.907166096676946e-07
293.0 -3.7711498236396507e-07
294.0 -3.625506031165436e-07
295.0 -3.4731150743059266e-07
296.0 -3.317149746488264e-07
297.0 -3.160988062315677e-07
298.0 -3.0081065683631e-07
299.0 -2.8619592512337935e-07
