10.0 0.0205816036174
11.0 0.013618731118
12.0 0.0085832448538
13.0 0.00502348612799
14.0 0.00256531710483
15.0 0.000914609531074
16.0 -0.000152842953434
17.0 -0.000805363826363
18.0 -0.00116784886434
19.0 -0.00133145392662
20.0 -0.00136157569208
21.0 -0.00130463290341
22.0 -0.00119345406517
23.0 -0.00105118873833
24.0 -0.000893978597415
25.0 -0.000732793897234
26.0 -0.000574809915496
27.0 -0.000424515885588
28.0 -0.000284572171111
29.0 -0.000156398222208
30.0 -4.05487130751e-05
31.0 6.30229677904e-05
32.0 0.000154754507652
33.0 0.000235312626223
34.0 0.000305488112765
35.0 0.000366138493898
36.0 0.000418150400624
37.0 0.000462399482002
38.0 0.000499711853715
39.0 0.000530846153877
40.0 0.000556500274196
41.0 0.000577323207998
42.0 0.00059391260849
43.0 0.000606801588528
44.0 0.000616453515759
45.0 0.000623273380826
46.0 0.000627624774526
47.0 0.000629837696485
48.0 0.000630206121846
49.0 0.000628985895997
50.0 0.000626400029541
51.0 0.000622647554911
52.0 0.000617908372316
53.0 0.00061234253226
54.0 0.000606088776731
55.0 0.000599266554625
56.0 0.000591980682991
57.0 0.000584325117151
58.0 0.000576384182312
59.0 0.000568232719019
60.0 0.000559937186168
61.0 0.000551557820539
62.0 0.000543150102969
63.0 0.00053476395784
64.0 0.000526440880155
65.0 0.000518210737334
66.0 0.000510090042839
67.0 0.000502082225337
68.0 0.000494179026243
69.0 0.000486361745456
70.0 0.000478601758314
71.0 0.00047086076998
72.0 0.00046309174937
73.0 0.000455241144074
74.0 0.000447252326424
75.0 0.000439069911543
76.0 0.000430644761899
77.0 0.000421939721118
78.0 0.000412935936338
79.0 0.000403639042848
80.0 0.000394083955213
81.0 0.000384336966802
82.0 0.000374494324839
83.0 0.000364677099555
84.0 0.000355022704642
85.0 0.00034567380845
86.0 0.000336765717
87.0 0.000328413644644
88.0 0.000320701479301
89.0 0.00031367352672
90.0 0.000307330264438
91.0 0.000301628517059
92.0 0.000296485894408
93.0 0.00029178892298
94.0 0.000287404021716
95.0 0.000283190249449
96.0 0.000279012559223
97.0 0.000274754186204
98.0 0.000270326846722
99.0 0.000265677671131
100.0 0.000260792203506
101.0 0.00025569330272
102.0 0.000250436285162
103.0 0.000245101079889
104.0 0.000239782462977
105.0 0.00023457956774
106.0 0.000229585833683
107.0 0.000224880389711
108.0 0.000220521609258
109.0 0.000216543266474
110.0 0.000212953396526
111.0 0.00020973565198
112.0 0.000206852688874
113.0 0.000204250948848
114.0 0.000201866150856
115.0 0.000199628863018
116.0 0.000197469658523
117.0 0.000195323521346
118.0 0.000193133316096
119.0 0.000190852250387
120.0 0.000188445338134
121.0 0.000185889929986
122.0 0.000183175423109
123.0 0.000180302299033
124.0 0.000177280660434
125.0 0.000174128441172
126.0 0.000170869449739
127.0 0.000167531381995
128.0 0.000164143914062
129.0 0.000160736966552
130.0 0.000157339216435
131.0 0.000153976917782
132.0 0.000150673071247
133.0 0.0001474469521
134.0 0.000144313970851
135.0 0.000141285806489
136.0 0.000138370728863
137.0 0.000135574020146
138.0 0.000132898416501
139.0 0.000130344515654
140.0 0.000127911125522
141.0 0.000125595554724
142.0 0.000123393861441
143.0 0.000121301081211
144.0 0.000119311449158
145.0 0.000117418622731
146.0 0.000115615902077
147.0 0.000113896439647
148.0 0.000112253429329
149.0 0.000110680267002
150.0 0.000109170677259
151.0 0.000107718803521
152.0 0.000106319260635
153.0 0.000104967150767
154.0 0.000103658045822
155.0 0.000102387943073
156.0 0.00010115320467
157.0 9.99504947169e-05
158.0 9.87767280657e-05
159.0 9.762904183e-05
160.0 9.6504794077e-05
161.0 9.54015858232e-05
162.0 9.43172948898e-05
163.0 9.32501058733e-05
164.0 9.21985210075e-05
165.0 9.11613420223e-05
166.0 9.01376216249e-05
167.0 8.91265922967e-05
168.0 8.81275869727e-05
169.0 8.7139968839e-05
170.0 8.6163085298e-05
171.0 8.51962548816e-05
172.0 8.42387874067e-05
173.0 8.32900293514e-05
174.0 8.23494204816e-05
175.0 8.14165456324e-05
176.0 8.0491167632e-05
177.0 7.95732328851e-05
178.0 7.86628484444e-05
179.0 7.77602364432e-05
180.0 7.68656766482e-05
181.0 7.59794495072e-05
182.0 7.51017903132e-05
183.0 7.42328609247e-05
184.0 7.33727404002e-05
185.0 7.2521431505e-05
186.0 7.16788774214e-05
187.0 7.08449824367e-05
188.0 7.0019631477e-05
189.0 6.92027052574e-05
190.0 6.83940897162e-05
191.0 6.75936798024e-05
192.0 6.68013785211e-05
193.0 6.60170926439e-05
194.0 6.52407269094e-05
195.0 6.44721789418e-05
196.0 6.37113373242e-05
197.0 6.29580849508e-05
198.0 6.22123087209e-05
199.0 6.14739148631e-05
200.0 6.0742847123e-05
201.0 6.00191033567e-05
202.0 5.93027454511e-05
203.0 5.85938983445e-05
204.0 5.78927362113e-05
205.0 5.71994570649e-05
206.0 5.65142502484e-05
207.0 5.58372635637e-05
208.0 5.51685774226e-05
209.0 5.45081921207e-05
210.0 5.38560314225e-05
211.0 5.32119618341e-05
212.0 5.25758232202e-05
213.0 5.19474637379e-05
214.0 5.13267710701e-05
215.0 5.0713692863e-05
216.0 5.01082418211e-05
217.0 4.9510484441e-05
218.0 4.89205160086e-05
219.0 4.83384274195e-05
220.0 4.77642709956e-05
221.0 4.71980324932e-05
222.0 4.66396150115e-05
223.0 4.60888379332e-05
224.0 4.55454509347e-05
225.0 4.50091601554e-05
226.0 4.44796613797e-05
227.0 4.39566739614e-05
228.0 4.34399693696e-05
229.0 4.2929389576e-05
230.0 4.24248527115e-05
231.0 4.19263460239e-05
232.0 4.14339086194e-05
233.0 4.09476082528e-05
234.0 4.04675172057e-05
235.0 3.99936919117e-05
236.0 3.95261596188e-05
237.0 3.90649133766e-05
238.0 3.86099145301e-05
239.0 3.81611002165e-05
240.0 3.77183924917e-05
241.0 3.72817058361e-05
242.0 3.68509507915e-05
243.0 3.64260330411e-05
244.0 3.60068488758e-05
245.0 3.55932792475e-05
246.0 3.51851851408e-05
247.0 3.47824066983e-05
248.0 3.43847675203e-05
249.0 3.39920841406e-05
250.0 3.36041792519e-05
251.0 3.32208961949e-05
252.0 3.28421117916e-05
253.0 3.24677448732e-05
254.0 3.20977587355e-05
255.0 3.17321570019e-05
256.0 3.13709736968e-05
257.0 3.10142594214e-05
258.0 3.06620661775e-05
259.0 3.03144334889e-05
260.0 2.99713780567e-05
261.0 2.96328883689e-05
262.0 2.9298924671e-05
263.0 2.89694236978e-05
264.0 2.86443067673e-05
265.0 2.83234893694e-05
266.0 2.80068903175e-05
267.0 2.76944388247e-05
268.0 2.73860784494e-05
269.0 2.70817675635e-05
270.0 2.67814766979e-05
271.0 2.64851836662e-05
272.0 2.61928676676e-05
273.0 2.59045036011e-05
274.0 2.56200575972e-05
275.0 2.53394843878e-05
276.0 2.50627266777e-05
277.0 2.47897162734e-05
278.0 2.45203764396e-05
279.0 2.42546248398e-05
280.0 2.39923764635e-05
281.0 2.37335461165e-05
282.0 2.3478050271e-05
283.0 2.3225808291e-05
284.0 2.29767431868e-05
285.0 2.27307821151e-05
286.0 2.24878568064e-05
287.0 2.2247904017e-05
288.0 2.20108660014e-05
289.0 2.17766909183e-05
290.0 2.15453330511e-05
291.0 2.13167527403e-05
292.0 2.10909159786e-05
293.0 2.0867793695e-05
294.0 2.06473608155e-05
295.0 2.04295952247e-05
296.0 2.0214476756e-05
297.0 2.00019863099e-05
298.0 1.97921051526e-05
299.0 1.95848144005e-05
