10.0 0.011943566685696575
11.0 0.010429137165661198
12.0 0.009008310008679108
13.0 0.0076992419660047665
14.0 0.00651444112697985
15.0 0.005460557565325502
16.0 0.004538512132432474
17.0 0.0037440612133052492
18.0 0.0030689199272653984
19.0 0.002502177724267169
20.0 0.0020315833831314584
21.0 0.001644519827443448
22.0 0.0013287024597856297
23.0 0.0010726695458128292
24.0 0.0008661042340230008
25.0 0.0007000034965433788
26.0 0.0005667073649600727
27.0 0.0004598209944561527
28.0 0.00037407929011825286
29.0 0.00030519716311111093
30.0 0.00024972463795835227
31.0 0.00020490945816059665
32.0 0.00016856916227146222
33.0 0.00013897840106294137
34.0 0.00011477598895563495
35.0 9.489088475768341e-05
36.0 7.848205614176322e-05
37.0 6.488762669911165e-05
38.0 5.358280341054035e-05
39.0 4.4148422660711455e-05
40.0 3.624939878390378e-05
41.0 2.9618579716778285e-05
42.0 2.4041857380520082e-05
43.0 1.9344489831300775e-05
44.0 1.5381248450205563e-05
45.0 1.2031299391316301e-05
46.0 9.19547417465877e-06
47.0 6.793041415396738e-06
48.0 4.7575203472542225e-06
49.0 3.033131320880872e-06
50.0 1.5729475846057326e-06
51.0 3.380195508951955e-07
52.0 -7.038403018151485e-07
53.0 -1.5798713331729453e-06
54.0 -2.313950395949995e-06
55.0 -2.927242967393825e-06
56.0 -3.438098734837526e-06
57.0 -3.8618586587889595e-06
58.0 -4.210939947524632e-06
59.0 -4.495049500198622e-06
60.0 -4.721274580415475e-06
61.0 -4.894109818112993e-06
62.0 -5.015749327406892e-06
63.0 -5.086881534274448e-06
64.0 -5.1078707250884915e-06
65.0 -5.07992856592367e-06
66.0 -5.005899955076031e-06
67.0 -4.890562096209568e-06
68.0 -4.740624220877512e-06
69.0 -4.564704331017747e-06
70.0 -4.373420344439451e-06
71.0 -4.179513824085812e-06
72.0 -3.997801364540271e-06
73.0 -3.844780163776083e-06
74.0 -3.737821461195898e-06
75.0 -3.693959331744212e-06
76.0 -3.72829804302451e-06
77.0 -3.85208635610866e-06
78.0 -4.070608250379515e-06
79.0 -4.381195673143643e-06
80.0 -4.77178277458571e-06
81.0 -5.220407689400756e-06
82.0 -5.695924507801892e-06
83.0 -6.159981659899203e-06
84.0 -6.570124080070815e-06
85.0 -6.8837142255613695e-06
86.0 -7.062240459655871e-06
87.0 -7.075497136036911e-06
88.0 -6.905105727583013e-06
89.0 -6.5469233191085646e-06
90.0 -6.012043089682912e-06
91.0 -5.326286080461104e-06
92.0 -4.528263554594121e-06
93.0 -3.6662270004286387e-06
94.0 -2.794019929591339e-06
95.0 -1.96651564200676e-06
96.0 -1.2349732307309317e-06
97.0 -6.427610640923264e-07
98.0 -2.2186838229685754e-07
99.0 9.455401577492296e-09
100.0 4.772096204924868e-08
101.0 -9.61790679720752e-08
102.0 -3.9864512338234456e-07
103.0 -8.26100340999259e-07
104.0 -1.338429649064976e-06
105.0 -1.8927302105790347e-06
106.0 -2.446974877879481e-06
107.0 -2.9632370866789587e-06
108.0 -3.4102082374080044e-06
109.0 -3.7648437389859734e-06
110.0 -4.013087638281627e-06
111.0 -4.149733810690712e-06
112.0 -4.1775697945269984e-06
113.0 -4.10600570899652e-06
114.0 -3.949409557615752e-06
115.0 -3.725354371769752e-06
116.0 -3.452942621231082e-06
117.0 -3.1513232914989677e-06
118.0 -2.8384695586937267e-06
119.0 -2.5302473063458734e-06
120.0 -2.2397781535668433e-06
121.0 -1.977082775522634e-06
122.0 -1.7489779115316709e-06
123.0 -1.559191610676761e-06
124.0 -1.4086554377358027e-06
125.0 -1.2959295148556226e-06
126.0 -1.2177159025403425e-06
127.0 -1.1694168470332145e-06
128.0 -1.1456958793599385e-06
129.0 -1.141001616151447e-06
130.0 -1.150017501297693e-06
131.0 -1.1680072874323167e-06
132.0 -1.1910368718105416e-06
133.0 -1.216067762691602e-06
134.0 -1.2409338016705604e-06
135.0 -1.2642274642863916e-06
136.0 -1.2851317209287378e-06
137.0 -1.3032358529723819e-06
138.0 -1.318368549181459e-06
139.0 -1.3304708588215184e-06
140.0 -1.3395183297327406e-06
141.0 -1.3454893684016036e-06
142.0 -1.348368181847076e-06
143.0 -1.3481667982779057e-06
144.0 -1.3449512989493685e-06
145.0 -1.3388611428662583e-06
146.0 -1.3301155587566635e-06
147.0 -1.3190058741777119e-06
148.0 -1.3058763835872059e-06
149.0 -1.2910985697408216e-06
150.0 -1.2750442589053155e-06
151.0 -1.258062869638477e-06
152.0 -1.240466582494965e-06
153.0 -1.2225252645443263e-06
154.0 -1.2044706161355585e-06
155.0 -1.1865066734011213e-06
156.0 -1.1688220291758306e-06
157.0 -1.1515984745786862e-06
158.0 -1.1350115796470505e-06
159.0 -1.1192210097572605e-06
160.0 -1.1043516243232195e-06
161.0 -1.090469736550831e-06
162.0 -1.077561290852791e-06
163.0 -1.0655192936373796e-06
164.0 -1.0541462676366437e-06
165.0 -1.0431740926312639e-06
166.0 -1.0322992322471081e-06
167.0 -1.0212272339224147e-06
168.0 -1.0097176874708e-06
169.0 -9.97620304329072e-07
170.0 -9.848945924282435e-07
171.0 -9.716092707874828e-07
172.0 -9.579221303394313e-07
173.0 -9.440453360188444e-07
174.0 -9.302041257566705e-07
175.0 -9.165978231860504e-07
176.0 -9.033709090188714e-07
177.0 -8.905990042719429e-07
178.0 -8.782908316670706e-07
179.0 -8.664035375068504e-07
180.0 -8.548660704503086e-07
181.0 -8.436041848359096e-07
182.0 -8.325611630419868e-07
183.0 -8.21710190614561e-07
184.0 -8.110568319304635e-07
185.0 -8.006325291334524e-07
186.0 -7.904819033193705e-07
187.0 -7.806475628958771e-07
188.0 -7.711561018006974e-07
189.0 -7.620082055203201e-07
190.0 -7.531745865261149e-07
191.0 -7.445981480069975e-07
192.0 -7.36201560662069e-07
193.0 -7.278984866418938e-07
194.0 -7.196060960492991e-07
195.0 -7.112563622590874e-07
196.0 -7.028039308561913e-07
197.0 -6.94229116554213e-07
198.0 -6.85535686748572e-07
199.0 -6.767443279017402e-07
200.0 -6.67883770741748e-07
201.0 -6.589821716133995e-07
202.0 -6.500612941617477e-07
203.0 -6.411352604247765e-07
204.0 -6.322143036624712e-07
205.0 -6.233123988026061e-07
206.0 -6.1445630572693e-07
207.0 -6.05692840302002e-07
208.0 -5.970913396550295e-07
209.0 -5.887393294226258e-07
210.0 -5.80731101078772e-07
211.0 -5.731508450562365e-07
212.0 -5.660536581465929e-07
213.0 -5.594487027625202e-07
214.0 -5.532887638596341e-07
215.0 -5.474693926035011e-07
216.0 -5.418389609081478e-07
217.0 -5.362186892962356e-07
218.0 -5.304295565869367e-07
219.0 -5.243214309609281e-07
220.0 -5.177991199915744e-07
221.0 -5.108404576794715e-07
222.0 -5.035029370598226e-07
223.0 -4.959174669129472e-07
224.0 -4.882701608157353e-07
225.0 -4.807751985285636e-07
226.0 -4.736433305904382e-07
227.0 -4.6705125515416666e-07
228.0 -4.611167877644791e-07
229.0 -4.5588356503499664e-07
230.0 -4.513172303328659e-07
231.0 -4.4731300908797486e-07
232.0 -4.4371269012158635e-07
233.0 -4.4032763540449034e-07
234.0 -4.369637738407792e-07
235.0 -4.3344466386771714e-07
236.0 -4.2962953525159067e-07
237.0 -4.2542450461667306e-07
238.0 -4.2078658690748664e-07
239.0 -4.15721380668253e-07
240.0 -4.102761464027247e-07
241.0 -4.0453030705226975e-07
242.0 -3.985852030285225e-07
243.0 -3.9255437896993706e-07
244.0 -3.865549851687214e-07
245.0 -3.807002694437474e-07
246.0 -3.750927853092149e-07
247.0 -3.698179221549785e-07
248.0 -3.649376362445535e-07
249.0 -3.60484701668205e-07
250.0 -3.564582355199425e-07
251.0 -3.5282151516553305e-07
252.0 -3.4950308428606464e-07
253.0 -3.464018076690173e-07
254.0 -3.433959396861513e-07
255.0 -3.4035554564562397e-07
256.0 -3.3715692255815563e-07
257.0 -3.3369716559988675e-07
258.0 -3.299068364412481e-07
259.0 -3.257588607574001e-07
260.0 -3.2127229044217085e-07
261.0 -3.165103197637284e-07
262.0 -3.1157280645374945e-07
263.0 -3.065843643056524e-07
264.0 -3.0167972289364717e-07
265.0 -2.969883917049725e-07
266.0 -2.9262067560513293e-07
267.0 -2.886567823236233e-07
268.0 -2.851402107248902e-07
269.0 -2.820759186496535e-07
270.0 -2.794330638739085e-07
271.0 -2.771515057748354e-07
272.0 -2.751508349542722e-07
273.0 -2.733405086621684e-07
274.0 -2.71629711905417e-07
275.0 -2.699357986510087e-07
276.0 -2.6819052845521576e-07
277.0 -2.663437241483016e-07
278.0 -2.643643640423993e-07
279.0 -2.622394334295173e-07
280.0 -2.5997106538270607e-07
281.0 -2.5757259545021314e-07
282.0 -2.5506415391505847e-07
283.0 -2.524683494755906e-07
284.0 -2.498064885894689e-07
285.0 -2.470956498179125e-07
286.0 -2.443468084727759e-07
287.0 -2.415640913465658e-07
288.0 -2.3874513600960676e-07
289.0 -2.358824337052616e-07
290.0 -2.3296545020645397e-07
291.0 -2.2998324919277864e-07
292.0 -2.2692729472060845e-07
293.0 -2.2379409101413135e-07
294.0 -2.2058733499291376e-07
295.0 -2.1731931106048308e-07
296.0 -2.1401134425185077e-07
297.0 -2.1069323680926544e-07
298.0 -2.074017306406647e-07
299.0 -2.0417814867167457e-07
