10.0 0.014465208405824869
11.0 0.013487479466562759
12.0 0.0125911883109595
13.0 0.011772270756890675
14.0 0.011023866107200062
15.0 0.010337803479906031
16.0 0.009705649264275168
17.0 0.00911933358272795
18.0 0.008571638783875622
19.0 0.008056558055136697
20.0 0.007569376537395119
21.0 0.007106506281917884
22.0 0.006665234825784806
23.0 0.006243506201932686
24.0 0.0058397703129308585
25.0 0.005452881453216118
26.0 0.005082012552723401
27.0 0.00472657087560844
28.0 0.004386124735165055
29.0 0.004060353178136802
30.0 0.003749015661000505
31.0 0.0034519297110433634
32.0 0.003168949731226248
33.0 0.0028999481722410884
34.0 0.0026448019818984423
35.0 0.002403383872159371
36.0 0.0021755548190145373
37.0 0.0019611551543275347
38.0 0.0017599957787053642
39.0 0.0015718531829385523
40.0 0.001396469123607424
41.0 0.0012335517242562295
42.0 0.0010827748598808834
43.0 0.0009437765764254548
44.0 0.0008161597647264672
45.0 0.0006994964336559803
46.0 0.000593333524545416
47.0 0.0004971975514845569
48.0 0.0004105977063941638
49.0 0.0003330290831733018
50.0 0.0002639771266712399
51.0 0.0002029226080758547
52.0 0.00014934583174793737
53.0 0.00010272981395174545
54.0 6.256324506923162e-05
55.0 2.83439193156401e-05
56.0 -4.17563303416279e-07
57.0 -2.419448876238804e-05
58.0 -4.344145782587599e-05
59.0 -5.8592360868874677e-05
60.0 -7.005859653474434e-05
61.0 -7.822754237462963e-05
62.0 -8.346156075286381e-05
63.0 -8.609773899224839e-05
64.0 -8.644821679139706e-05
65.0 -8.480068489687646e-05
66.0 -8.141868056287569e-05
67.0 -7.654161106430683e-05
68.0 -7.038476380366314e-05
69.0 -6.313968826140893e-05
70.0 -5.497522152540405e-05
71.0 -4.603921224392513e-05
72.0 -3.646084626639929e-05
73.0 -2.635344674807371e-05
74.0 -1.581763622798371e-05
75.0 -4.9447079020520454e-06
76.0 6.180052517014812e-06
77.0 1.7474438234087798e-05
78.0 2.8857107437193946e-05
79.0 4.0246275993739494e-05
80.0 5.1559354887719904e-05
81.0 6.27134709090433e-05
82.0 7.3626772404306e-05
83.0 8.422039999691763e-05
84.0 9.442095470634337e-05
85.0 0.00010416323052163154
86.0 0.00011339293243386971
87.0 0.00012206909650702942
88.0 0.00013016595493929676
89.0 0.0001376740237541765
90.0 0.00014460022970150146
91.0 0.00015096695477825227
92.0 0.00015680997948296324
93.0 0.0001621754425271771
94.0 0.0001671160719884324
95.0 0.00017168704185195426
96.0 0.00017594184637086493
97.0 0.0001799285643529755
98.0 0.0001836868230525642
99.0 0.00018724568538045717
100.0 0.00019062258794957351
101.0 0.0001938233593088657
102.0 0.00019684325372644254
103.0 0.00019966885183419795
104.0 0.00020228061102288143
105.0 0.00020465580120456188
106.0 0.0002067715404049566
107.0 0.00020860765255132594
108.0 0.0002101491055748459
109.0 0.00021138784528975947
110.0 0.00021232390986361963
111.0 0.00021296578171919186
112.0 0.00021333000214586407
113.0 0.00021344013561750517
114.0 0.00021332522346711064
115.0 0.0002130179061904128
116.0 0.00021255241451162456
117.0 0.00021196262642746638
118.0 0.00021128035979394954
119.0 0.00021053402253411212
120.0 0.00020974768491937294
121.0 0.00020894058179205175
122.0 0.0002081270060866512
123.0 0.00020731652336858147
124.0 0.00020651442098960907
125.0 0.0002057223029195166
126.0 0.0002049387495058953
127.0 0.0002041599774235778
128.0 0.00020338045584938287
129.0 0.00020259345690272926
130.0 0.00020179153770049182
131.0 0.00020096696441885469
132.0 0.00020011209342584533
133.0 0.0001992197210174445
134.0 0.0001982834040806224
135.0 0.00019729774319996577
136.0 0.00019625861159429858
137.0 0.000195163310868553
138.0 0.00019401063879882972
139.0 0.00019280086387126795
140.0 0.00019153561311608346
141.0 0.00019021769053417838
142.0 0.0001888508504440589
143.0 0.00018743955216426837
144.0 0.0001859887199166835
145.0 0.00018450352612013802
146.0 0.00018298920918721352
147.0 0.00018145093016597996
148.0 0.00017989366712862885
149.0 0.0001783221425194421
150.0 0.00017674077670452529
151.0 0.00017515366047553537
152.0 0.00017356453997151788
153.0 0.00017197680912175027
154.0 0.0001703935069465276
155.0 0.00016881731942073027
156.0 0.00016725058751879417
157.0 0.00016569532392525605
158.0 0.00016415324032018806
159.0 0.00016262578514599467
160.0 0.00016111418883968056
161.0 0.0001596195105867368
162.0 0.00015814267877262202
163.0 0.00015668451731327631
164.0 0.0001552457522460898
165.0 0.00015382699698866263
166.0 0.0001524287195561012
167.0 0.000151051199481113
168.0 0.00014969448498603649
169.0 0.00014835836132526422
170.0 0.00014704233902034425
171.0 0.00014574566650028283
172.0 0.00014446736650132637
173.0 0.00014320629075067419
174.0 0.00014196118410418913
175.0 0.00014073074815575397
176.0 0.0001395136955247046
177.0 0.0001383087891014246
178.0 0.00013711486458629674
179.0 0.00013593083860364367
180.0 0.0001347557075339111
181.0 0.00013358854337647334
182.0 0.00013242849232838357
183.0 0.00013127477972203064
184.0 0.00013012672221305316
185.0 0.00012898374544301336
186.0 0.00012784540346977077
187.0 0.00012671139541839199
188.0 0.0001255815750839041
189.0 0.00012445595038186526
190.0 0.0001233346712278057
191.0 0.00012221800625619869
192.0 0.00012110631045610566
193.0 0.00011999998708717652
194.0 0.00011889944800543582
195.0 0.00011780507668781975
196.0 0.00011671719776688725
197.0 0.00011563605581840482
198.0 0.0001145618046361353
199.0 0.00011349450654481999
200.0 0.00011243413978740474
201.0 0.00011138061101993423
202.0 0.00011033376970125994
203.0 0.00010929342173213576
204.0 0.0001082593409121989
205.0 0.00010723127828339077
206.0 0.00010620897075672576
207.0 0.00010519215115347834
208.0 0.00010418056167297427
209.0 0.0001031739718154994
210.0 0.00010217220018766332
211.0 0.00010117513784199247
212.0 0.00010018276937097249
213.0 9.919518733951374e-05
214.0 9.821259605844127e-05
215.0 9.723530217035666e-05
216.0 9.626369176591142e-05
217.0 9.529819629944575e-05
218.0 9.433925186743566e-05
219.0 9.338725793678011e-05
220.0 9.244254201215465e-05
221.0 9.15053359018932e-05
222.0 9.057576732801984e-05
223.0 8.965386799679983e-05
224.0 8.873959640783507e-05
225.0 8.78328711703084e-05
226.0 8.693360887668799e-05
227.0 8.604175995698518e-05
228.0 8.515733648627035e-05
229.0 8.428042750739792e-05
230.0 8.341119973313973e-05
231.0 8.254988405929063e-05
232.0 8.169675067389503e-05
233.0 8.085207727123703e-05
234.0 8.001611569874694e-05
235.0 7.918906219753062e-05
236.0 7.837103535834239e-05
237.0 7.756206428328033e-05
238.0 7.676208759146547e-05
239.0 7.59709622127254e-05
240.0 7.518847967703137e-05
241.0 7.441438699139196e-05
242.0 7.364840920192396e-05
243.0 7.289027122755767e-05
244.0 7.213971729559486e-05
245.0 7.139652706246751e-05
246.0 7.066052806980065e-05
247.0 6.993160446715578e-05
248.0 6.92097019413774e-05
249.0 6.849482863467155e-05
250.0 6.778705166626882e-05
251.0 6.70864888491171e-05
252.0 6.639329541463065e-05
253.0 6.570764604346631e-05
254.0 6.502971317880847e-05
255.0 6.43596433316491e-05
256.0 6.369753370338664e-05
257.0 6.304341178884552e-05
258.0 6.23972205719661e-05
259.0 6.17588114527066e-05
260.0 6.112794619748253e-05
261.0 6.050430811124608e-05
262.0 5.988752146028674e-05
263.0 5.927717711900891e-05
264.0 5.8672861638600337e-05
265.0 5.807418655745345e-05
266.0 5.74808148399203e-05
267.0 5.689248181420885e-05
268.0 5.6309008788716465e-05
269.0 5.573030851933451e-05
270.0 5.5156382719434485e-05
271.0 5.4587312699581504e-05
272.0 5.4023244879274655e-05
273.0 5.346437326189327e-05
274.0 5.291092099590985e-05
275.0 5.236312290045609e-05
276.0 5.182121038873066e-05
277.0 5.1285399674337626e-05
278.0 5.07558835882827e-05
279.0 5.023282684620638e-05
280.0 4.97163642378702e-05
281.0 4.9206600985890505e-05
282.0 4.870361443437057e-05
283.0 4.8207456258565476e-05
284.0 4.771815450339713e-05
285.0 4.7235714930289256e-05
286.0 4.6760121351667856e-05
287.0 4.629133484008815e-05
288.0 4.582929189917476e-05
289.0 4.537390186405898e-05
290.0 4.49250439481028e-05
291.0 4.4482564458457546e-05
292.0 4.4046274753939054e-05
293.0 4.3615950506176786e-05
294.0 4.319133274581309e-05
295.0 4.2772131034274295e-05
296.0 4.2358028911194446e-05
297.0 4.194869154820364e-05
298.0 4.154377531625577e-05
299.0 4.114293877158122e-05
