10.0 0.0156606751316
11.0 0.00912938948345
12.0 0.00459605069087
13.0 0.00156687285572
14.0 -0.00036232451965
15.0 -0.00150582404433
16.0 -0.0021003675162
17.0 -0.00232119503687
18.0 -0.00229613476872
19.0 -0.00211656127948
20.0 -0.00184632107573
21.0 -0.00152919108279
22.0 -0.00119474183375
23.0 -0.000862580983091
24.0 -0.000545255461628
25.0 -0.000250244482999
26.0 1.85646361663e-05
27.0 0.000259711206831
28.0 0.000473277935003
29.0 0.000660296840926
30.0 0.000822379925037
31.0 0.000961471016285
32.0 0.00107965624758
33.0 0.00117902536249
34.0 0.00126159074561
35.0 0.00132925359502
36.0 0.00138378880086
37.0 0.00142682596013
38.0 0.0014598299597
39.0 0.00148409979489
40.0 0.00150078977719
41.0 0.00151093402602
42.0 0.00151545518334
43.0 0.00151516086286
44.0 0.00151074643923
45.0 0.00150281285955
46.0 0.00149188892218
47.0 0.00147844366066
48.0 0.0014628879253
49.0 0.00144557570627
50.0 0.00142681227776
51.0 0.00140686546152
52.0 0.00138597259492
53.0 0.00136434169968
54.0 0.00134215162392
55.0 0.00131955534063
56.0 0.001296685628
57.0 0.00127365970097
58.0 0.00125058123015
59.0 0.00122754123751
60.0 0.00120461993487
61.0 0.00118188964066
62.0 0.00115941705971
63.0 0.0011372633383
64.0 0.00111548200123
65.0 0.00109411638332
66.0 0.00107319822905
67.0 0.00105274791877
68.0 0.00103277545228
69.0 0.00101328093964
70.0 0.000994254049497
71.0 0.000975672894499
72.0 0.000957503313394
73.0 0.000939699199653
74.0 0.000922203924094
75.0 0.000904952639405
76.0 0.000887875471379
77.0 0.000870901866338
78.0 0.000853966207228
79.0 0.000837014228123
80.0 0.000820009187486
81.0 0.000802936625158
82.0 0.000785806853753
83.0 0.00076865482269
84.0 0.000751537370995
85.0 0.00073452813448
86.0 0.000717710629309
87.0 0.000701170345795
88.0 0.000684986924995
89.0 0.000669227484706
90.0 0.000653941878881
91.0 0.000639160257376
92.0 0.000624892929014
93.0 0.000611132306522
94.0 0.000597856583311
95.0 0.000585034671573
96.0 0.00057263178682
97.0 0.000560614942816
98.0 0.00054895759813
99.0 0.00053764281218
100.0 0.000526664508648
101.0 0.000516026752499
102.0 0.000505741258471
103.0 0.00049582360625
104.0 0.000486288799308
105.0 0.000477146851393
106.0 0.000468399024202
107.0 0.000460035200312
108.0 0.000452032691753
109.0 0.000444356584562
110.0 0.000436961521294
111.0 0.000429794643672
112.0 0.00042279927964
113.0 0.000415918889561
114.0 0.000409100801646
115.0 0.000402299360295
116.0 0.000395478252239
117.0 0.000388611922084
118.0 0.000381686106313
119.0 0.000374697588337
120.0 0.00036765331244
121.0 0.00036056900718
122.0 0.00035346747243
123.0 0.000346376682963
124.0 0.000339327852402
125.0 0.000332353580683
126.0 0.000325486177396
127.0 0.000318756219468
128.0 0.000312191373345
129.0 0.000305815494325
130.0 0.000299648007845
131.0 0.000293703573483
132.0 0.000287992025212
133.0 0.000282518567228
134.0 0.00027728418478
135.0 0.000272286209486
136.0 0.00026751896589
137.0 0.000262974425867
138.0 0.000258642810894
139.0 0.000254513105382
140.0 0.000250573470212
141.0 0.000246811566912
142.0 0.000243214814866
143.0 0.000239770605431
144.0 0.000236466490707
145.0 0.000233290355297
146.0 0.000230230571174
147.0 0.000227276131115
148.0 0.000224416755469
149.0 0.000221642968818
150.0 0.000218946145581
151.0 0.000216318525291
152.0 0.000213753199031
153.0 0.000211244068854
154.0 0.000208785783075
155.0 0.000206373652597
156.0 0.0002040035566
157.0 0.000201671848744
158.0 0.000199375275955
159.0 0.000197110919706
160.0 0.000194876164521
161.0 0.000192668691368
162.0 0.000190486486895
163.0 0.000188327855232
164.0 0.000186191418931
165.0 0.000184076099492
166.0 0.00018198107479
167.0 0.000179905718214
168.0 0.000177849530282
169.0 0.000175812076096
170.0 0.000173792940679
171.0 0.000171791709568
172.0 0.000169807975426
173.0 0.000167841364938
174.0 0.000165891575433
175.0 0.000163958408985
176.0 0.00016204179324
177.0 0.000160141782549
178.0 0.000158258538661
179.0 0.00015639229568
180.0 0.00015454331768
181.0 0.000152711858386
182.0 0.000150898130672
183.0 0.000149102290107
184.0 0.000147324432671
185.0 0.000145564603433
186.0 0.000143822811202
187.0 0.000142099044215
188.0 0.000140393283147
189.0 0.000138705509568
190.0 0.000137035709482
191.0 0.000135383872546
192.0 0.00013374998795
193.0 0.000132134038045
194.0 0.000130535990991
195.0 0.000128955794047
196.0 0.000127393369425
197.0 0.000125848614617
198.0 0.000124321408443
199.0 0.000122811622679
200.0 0.000121319137364
201.0 0.000119843856318
202.0 0.000118385718566
203.0 0.000116944701814
204.0 0.000115520815774
205.0 0.000114114085721
206.0 0.000112724529341
207.0 0.000111352132044
208.0 0.000109996826699
209.0 0.000108658482985
210.0 0.000107336909458
211.0 0.00010603186842
212.0 0.000104743100702
213.0 0.000103470355168
214.0 0.000102213416696
215.0 0.000100972126878
216.0 9.97463933856e-05
217.0 9.85361865202e-05
218.0 9.73415242127e-05
219.0 9.6162448999e-05
220.0 9.49990018852e-05
221.0 9.38511982454e-05
222.0 9.27190100627e-05
223.0 9.16023571744e-05
224.0 9.05011081512e-05
225.0 8.94150894484e-05
226.0 8.83440999269e-05
227.0 8.72879270171e-05
228.0 8.62463608125e-05
229.0 8.52192031825e-05
230.0 8.42062703816e-05
231.0 8.32073892863e-05
232.0 8.22223889419e-05
233.0 8.12510901911e-05
234.0 8.02932965371e-05
235.0 7.93487889768e-05
236.0 7.84173264329e-05
237.0 7.74986518996e-05
238.0 7.65925028844e-05
239.0 7.56986235815e-05
240.0 7.48167757508e-05
241.0 7.39467456058e-05
242.0 7.30883450564e-05
243.0 7.22414070949e-05
244.0 7.14057765942e-05
245.0 7.05812988946e-05
246.0 6.97678090374e-05
247.0 6.89651242532e-05
248.0 6.81730414347e-05
249.0 6.73913400798e-05
250.0 6.66197899033e-05
251.0 6.58581613095e-05
252.0 6.51062363968e-05
253.0 6.4363818219e-05
254.0 6.36307365762e-05
255.0 6.29068494837e-05
256.0 6.21920404288e-05
257.0 6.14862123639e-05
258.0 6.07892799269e-05
259.0 6.0101161545e-05
260.0 5.94217728922e-05
261.0 5.87510226987e-05
262.0 5.80888113004e-05
263.0 5.74350317043e-05
264.0 5.67895724594e-05
265.0 5.61523213469e-05
266.0 5.5523168877e-05
267.0 5.49020107695e-05
268.0 5.4288748953e-05
269.0 5.36832910345e-05
270.0 5.30855485734e-05
271.0 5.24954347649e-05
272.0 5.19128622313e-05
273.0 5.13377415365e-05
274.0 5.07699808153e-05
275.0 5.0209486594e-05
276.0 4.96561655737e-05
277.0 4.91099269107e-05
278.0 4.85706844183e-05
279.0 4.80383581532e-05
280.0 4.75128750065e-05
281.0 4.6994168157e-05
282.0 4.64821754964e-05
283.0 4.59768373353e-05
284.0 4.54780938161e-05
285.0 4.49858824665e-05
286.0 4.45001362453e-05
287.0 4.40207822897e-05
288.0 4.35477414155e-05
289.0 4.30809282872e-05
290.0 4.26202520889e-05
291.0 4.2165617495e-05
292.0 4.17169257634e-05
293.0 4.12740758182e-05
294.0 4.08369652472e-05
295.0 4.04054911854e-05
296.0 3.9979551083e-05
297.0 3.95590433649e-05
298.0 3.91438679885e-05
299.0 3.87339268968e-05
