10.0 0.014462195572151098
11.0 0.013532474679435233
12.0 0.012677189092125056
13.0 0.011888273872456133
14.0 0.011158291879514757
15.0 0.010481000704911946
16.0 0.00985121203969025
17.0 0.009264377701376806
18.0 0.008716370585855364
19.0 0.00820348262965779
20.0 0.007722417137415444
21.0 0.0072702071164059785
22.0 0.006844131372558735
23.0 0.006441684481219564
24.0 0.006060599380190487
25.0 0.00569888608086347
26.0 0.005354848838464441
27.0 0.005027070512573378
28.0 0.004714379814777102
29.0 0.004415820243426802
30.0 0.004130624085555582
31.0 0.003858184867768615
32.0 0.0035980256910446086
33.0 0.00334976782526025
34.0 0.0031131045701592954
35.0 0.0028877811110332267
36.0 0.0026735772805395264
37.0 0.002470290636390182
38.0 0.0022777212099221746
39.0 0.0020956613686022563
40.0 0.0019238913991454771
41.0 0.0017621773659428177
42.0 0.001610267899967993
43.0 0.0014678904783743676
44.0 0.0013347502461261208
45.0 0.0012105325983706005
46.0 0.001094907391242946
47.0 0.0009875320357853982
48.0 0.000888053109369842
49.0 0.0007961081405826355
50.0 0.0007113286710988205
51.0 0.00063334389091601
52.0 0.0005617835507191539
53.0 0.000496279900487254
54.0 0.00043646948427220733
55.0 0.0003819954957305047
56.0 0.0003325105105357714
57.0 0.0002876789224125161
58.0 0.0002471787110398091
59.0 0.0002107026892159922
60.0 0.0001779594837529794
61.0 0.0001486742008523015
62.0 0.00012258846414553315
63.0 9.945961165875522e-05
64.0 7.905919777541478e-05
65.0 6.11712326254195e-05
66.0 4.55905755519903e-05
67.0 3.212163040610118e-05
68.0 2.057720819720231e-05
69.0 1.0777340695698514e-05
70.0 2.5479746704692057e-06
71.0 -4.280298347910913e-06
72.0 -9.873195458583513e-06
73.0 -1.4393130101296362e-05
74.0 -1.7998899154017212e-05
75.0 -2.0844621496960052e-05
76.0 -2.3077915390706265e-05
77.0 -2.4837352103747142e-05
78.0 -2.6249352867150026e-05
79.0 -2.7424882293421516e-05
80.0 -2.8456434159412895e-05
81.0 -2.9415817564008472e-05
82.0 -3.0353128090638142e-05
83.0 -3.1297095058706636e-05
84.0 -3.225680152875755e-05
85.0 -3.3224606595437765e-05
86.0 -3.417995843482704e-05
87.0 -3.5093678356174365e-05
88.0 -3.59322482894526e-05
89.0 -3.666167101188427e-05
90.0 -3.725058566105144e-05
91.0 -3.767246883969936e-05
92.0 -3.7906886566466426e-05
93.0 -3.7939860828734863e-05
94.0 -3.77634819519931e-05
95.0 -3.737495109247721e-05
96.0 -3.677528305454452e-05
97.0 -3.596792971779029e-05
98.0 -3.495758329078382e-05
99.0 -3.3749377176835044e-05
100.0 -3.234862361993034e-05
101.0 -3.076112519774391e-05
102.0 -2.8993990492174155e-05
103.0 -2.7056792008341543e-05
104.0 -2.496284233807257e-05
105.0 -2.2730341974277097e-05
106.0 -2.0383170248483508e-05
107.0 -1.7951143356881546e-05
108.0 -1.5469639695991145e-05
109.0 -1.297858079133546e-05
110.0 -1.0520844168010321e-05
111.0 -8.140260821400895e-06
112.0 -5.879403049185307e-06
113.0 -3.777389300124725e-06
114.0 -1.8679182225376984e-06
115.0 -1.7769921608929593e-07
116.0 1.2746163571293726e-06
117.0 2.4789654294156913e-06
118.0 3.433883674941753e-06
119.0 4.146054925109223e-06
120.0 4.629481410420336e-06
121.0 4.9043664803188075e-06
122.0 4.995802574576242e-06
123.0 4.932353058849526e-06
124.0 4.7446088733410745e-06
125.0 4.4637908023917805e-06
126.0 4.120456724260396e-06
127.0 3.7433618808574195e-06
128.0 3.3585100817474555e-06
129.0 2.98842479072328e-06
130.0 2.6516599823965582e-06
131.0 2.3625597193337557e-06
132.0 2.1312614198970737e-06
133.0 1.9639211545542385e-06
134.0 1.8631222084134955e-06
135.0 1.8284139501454672e-06
136.0 1.8569201209354203e-06
137.0 1.9439561098008373e-06
138.0 2.0836036433382093e-06
139.0 2.2692064802181174e-06
140.0 2.493768613977005e-06
141.0 2.7502533069668436e-06
142.0 3.0317939943548856e-06
143.0 3.3318352408019093e-06
144.0 3.6442236649251485e-06
145.0 3.963266421473855e-06
146.0 4.2837702989372335e-06
147.0 4.601069455008492e-06
148.0 4.911045447327454e-06
149.0 5.210140089919867e-06
150.0 5.495359886913045e-06
151.0 5.764270237983073e-06
152.0 6.014978075225979e-06
153.0 6.246102852207663e-06
154.0 6.4567375628996295e-06
155.0 6.646403287937631e-06
156.0 6.815002093849785e-06
157.0 6.96277339411319e-06
158.0 7.090257769546212e-06
159.0 7.198269788286414e-06
160.0 7.2878780929989465e-06
161.0 7.360387852534986e-06
162.0 7.417318645888164e-06
163.0 7.4603707679888255e-06
164.0 7.491375094567602e-06
165.0 7.512225616252627e-06
166.0 7.5247985576180606e-06
167.0 7.530866335368746e-06
168.0 7.532017262103706e-06
169.0 7.529592090557682e-06
170.0 7.524646102775087e-06
171.0 7.517941046606138e-06
172.0 7.5099658863490235e-06
173.0 7.5009803509421614e-06
174.0 7.491071784569151e-06
175.0 7.48021456214136e-06
176.0 7.4683224710480336e-06
177.0 7.455287532439996e-06
178.0 7.441002844715135e-06
179.0 7.4253710932333255e-06
180.0 7.408303403940078e-06
181.0 7.389714602428507e-06
182.0 7.3695205449676355e-06
183.0 7.347641362581072e-06
184.0 7.324011876680927e-06
185.0 7.2985978735188756e-06
186.0 7.27141500327312e-06
187.0 7.2425461579893135e-06
188.0 7.21215332606791e-06
189.0 7.180480914392667e-06
190.0 7.14784903626027e-06
191.0 7.1146369338142634e-06
192.0 7.081258247984905e-06
193.0 7.048131059531467e-06
194.0 7.015646362821216e-06
195.0 6.984138811503913e-06
196.0 6.9538631562863134e-06
197.0 6.9249788192097695e-06
198.0 6.897543659894176e-06
199.0 6.871516441749027e-06
200.0 6.846766130528601e-06
201.0 6.82308528230758e-06
202.0 6.8002046308608495e-06
203.0 6.777806608924838e-06
204.0 6.755536757734397e-06
205.0 6.733013432596515e-06
206.0 6.709837447759342e-06
207.0 6.685603912521121e-06
208.0 6.659918251848203e-06
209.0 6.63241728666564e-06
210.0 6.602794536672453e-06
211.0 6.570827058789934e-06
212.0 6.536399673465629e-06
213.0 6.4995218123091544e-06
214.0 6.460332699940583e-06
215.0 6.419092147796928e-06
216.0 6.376156604611828e-06
217.0 6.3319427903096955e-06
218.0 6.286883662211779e-06
219.0 6.241383096095039e-06
220.0 6.195776146633583e-06
221.0 6.15030096169922e-06
222.0 6.105086505325333e-06
223.0 6.060157563230752e-06
224.0 6.0154555745514755e-06
225.0 5.97087120253882e-06
226.0 5.926282702451616e-06
227.0 5.881593383287801e-06
228.0 5.8367618934988816e-06
229.0 5.791820565969656e-06
230.0 5.746879317018326e-06
231.0 5.702115164073561e-06
232.0 5.657749826263593e-06
233.0 5.614019678158894e-06
234.0 5.571143254314564e-06
235.0 5.529291454439358e-06
236.0 5.488564676815415e-06
237.0 5.448979575944838e-06
238.0 5.410466359845145e-06
239.0 5.3728758830999005e-06
240.0 5.335994550246117e-06
241.0 5.299564383643811e-06
242.0 5.263305538318758e-06
243.0 5.226938933757193e-06
244.0 5.190207304118596e-06
245.0 5.152893611946641e-06
246.0 5.114836243643785e-06
247.0 5.075940619798083e-06
248.0 5.03618683021646e-06
249.0 4.99563275192959e-06
250.0 4.954411984057235e-06
251.0 4.91272598406058e-06
252.0 4.870830107817861e-06
253.0 4.829013848429423e-06
254.0 4.7875763540464895e-06
255.0 4.746799133007498e-06
256.0 4.706918543966679e-06
257.0 4.668101051890962e-06
258.0 4.630424193660148e-06
259.0 4.593865705279771e-06
260.0 4.558302369994355e-06
261.0 4.523518983338666e-06
262.0 4.489226578577851e-06
263.0 4.455087911049428e-06
264.0 4.420747338830938e-06
265.0 4.385861784787576e-06
266.0 4.350129475035342e-06
267.0 4.313313597894935e-06
268.0 4.275258823622658e-06
269.0 4.2358996280588725e-06
270.0 4.195260410902956e-06
271.0 4.153448337194335e-06
272.0 4.110640537040954e-06
273.0 4.067067701708399e-06
274.0 4.022996197946718e-06
275.0 3.978710622625654e-06
276.0 3.934498310346755e-06
277.0 3.890636781615858e-06
278.0 3.847384572697472e-06
279.0 3.8049753993017638e-06
280.0 3.7636152278696548e-06
281.0 3.7234815848932925e-06
282.0 3.68472432545893e-06
283.0 3.647467088161615e-06
284.0 3.611808756839857e-06
285.0 3.5778244011905313e-06
286.0 3.545565353055208e-06
287.0 3.5150582733154365e-06
288.0 3.486303260781834e-06
289.0 3.4592712362927324e-06
290.0 3.4339009897150486e-06
291.0 3.410096391384214e-06
292.0 3.3877243298476837e-06
293.0 3.3666139346362645e-06
294.0 3.34655757188226e-06
295.0 3.3273139656637118e-06
296.0 3.3086136114081834e-06
297.0 3.290166429536435e-06
298.0 3.2716713827036363e-06
299.0 3.252827574403759e-06
