10.0 0.0006538222132535865
11.0 -0.0011616161951536128
12.0 -0.002129395327316817
13.0 -0.0021888058552463935
14.0 -0.0020498910294364076
15.0 -0.0017346774037565022
16.0 -0.0012757800659684835
17.0 -0.000944574150585111
18.0 -0.00058325518692881
19.0 -0.0002799413893622345
20.0 -1.1149447890935018e-05
21.0 0.00022058779272721138
22.0 0.00041818874172405755
23.0 0.0005839616123096298
24.0 0.0007229232830248281
25.0 0.0008387294109639237
26.0 0.0009338288565656067
27.0 0.001011136162268051
28.0 0.0010728446137739703
29.0 0.001120403621169635
30.0 0.0011562344718414994
31.0 0.0011823299901529238
32.0 0.001199343033584719
33.0 0.0012089323213389318
34.0 0.001212157071378349
35.0 0.0012100470207548353
36.0 0.0012032987433741036
37.0 0.001192949213606463
38.0 0.0011793712004611392
39.0 0.0011632621804605222
40.0 0.001145262846588367
41.0 0.0011256810124312196
42.0 0.0011047541871893236
43.0 0.001082944297035406
44.0 0.0010605341231805284
45.0 0.0010377303598070153
46.0 0.0010146554540422755
47.0 0.0009915083058406084
48.0 0.0009683891368623223
49.0 0.0009453776336058546
50.0 0.0009226991762989765
51.0 0.0009002507954070867
52.0 0.0008782346693364252
53.0 0.0008565779246891659
54.0 0.0008354043452181876
55.0 0.0008147156905762514
56.0 0.0007945453229243795
57.0 0.0007749185359966323
58.0 0.0007558076617526512
59.0 0.0007372329475579687
60.0 0.0007192426985363574
61.0 0.0007018225056160804
62.0 0.0006851254036649555
63.0 0.0006689832654652089
64.0 0.000653399338250495
65.0 0.0006383690109826561
66.0 0.0006239785575940624
67.0 0.0006102714850180394
68.0 0.0005970570474481406
69.0 0.0005842961546281542
70.0 0.0005720865040835957
71.0 0.0005602755236222375
72.0 0.0005487120131440681
73.0 0.000537386580405742
74.0 0.000526143645878551
75.0 0.0005148347739002716
76.0 0.000503429215507368
77.0 0.0004915083898962342
78.0 0.00047928200859637235
79.0 0.0004666419244162426
80.0 0.00045329865838476975
81.0 0.00043965780556705
82.0 0.00042550861806973884
83.0 0.0004112763450658656
84.0 0.00039698670856419944
85.0 0.00038334962811592885
86.0 0.0003701548189815807
87.0 0.0003582799004559895
88.0 0.0003476737179810408
89.0 0.00033835819587458004
90.0 0.00033124978398797576
91.0 0.0003249659535514535
92.0 0.00032107919581700827
93.0 0.00031751152246639407
94.0 0.00031527862638190717
95.0 0.0003130190942631108
96.0 0.0003106579801835705
97.0 0.0003078384942398504
98.0 0.0003039119514371532
99.0 0.00029922549615232617
100.0 0.0002930586051233275
101.0 0.00028625473788495084
102.0 0.00027824747628465936
103.0 0.0002700392654335868
104.0 0.00026138951970460644
105.0 0.0002529444993109708
106.0 0.0002451536841177917
107.0 0.00023759979491905914
108.0 0.00023175063073691912
109.0 0.0002259014665547791
110.0 0.00022219503000004375
111.0 0.000218571049496276
112.0 0.00021628403996167838
113.0 0.0002144186554512518
114.0 0.00021296877219391657
115.0 0.0002119132423265134
116.0 0.0002108293848336814
117.0 0.00020964536623450765
118.0 0.0002084613476353339
119.0 0.00020661824285662708
120.0 0.0002046865927982231
121.0 0.00020228605576146406
122.0 0.0001994079517452185
123.0 0.00019648069575225335
124.0 0.00019279761154664517
125.0 0.000189114527341037
126.0 0.00018517339479396446
127.0 0.0001810434953130883
128.0 0.00017690981926150366
129.0 0.00017269374687594696
130.0 0.0001684776744903902
131.0 0.00016436451805577998
132.0 0.0001603726933354637
133.0 0.00015638086861514744
134.0 0.00015272096440754903
135.0 0.0001491330175509469
136.0 0.00014560795984772294
137.0 0.00014249841788261573
138.0 0.00013938887591750856
139.0 0.00013645530644196212
140.0 0.0001338007927433207
141.0 0.00013114627904467924
142.0 0.00012872703034647872
143.0 0.00012647361335668155
144.0 0.00012422019636688437
145.0 0.00012220486692276838
146.0 0.00012027768099443229
147.0 0.00011835049506609621
148.0 0.00011663207597752965
149.0 0.00011496093229487346
150.0 0.00011328978861221726
151.0 0.00011178149319222966
152.0 0.00011030374833288277
153.0 0.00010882600347353586
154.0 0.00010746240232759036
155.0 0.00010612581252791172
156.0 0.00010478922272823309
157.0 0.00010352472795066448
158.0 0.00010228911592180934
159.0 0.00010105350389295421
160.0 9.98610277732481e-05
161.0 9.870288944111374e-05
162.0 9.754475110897938e-05
163.0 9.6406476155172e-05
164.0 9.530748776153093e-05
165.0 9.420849936788987e-05
166.0 9.311162920304281e-05
167.0 9.205519362688998e-05
168.0 9.099875805073712e-05
169.0 8.994232247458427e-05
170.0 8.891531072815708e-05
171.0 8.790106824522384e-05
172.0 8.688682576229063e-05
173.0 8.588229551342448e-05
174.0 8.49030873695463e-05
175.0 8.392387922566813e-05
176.0 8.294467108178995e-05
177.0 8.198549408946557e-05
178.0 8.103170657240618e-05
179.0 8.007791905534679e-05
180.0 7.912951399767959e-05
181.0 7.819930597925284e-05
182.0 7.72690979608261e-05
183.0 7.633888994239934e-05
184.0 7.543282424371058e-05
185.0 7.454308015790174e-05
186.0 7.365333607209292e-05
187.0 7.276359198628408e-05
188.0 7.191189448947635e-05
189.0 7.106482058095866e-05
190.0 7.021774667244095e-05
191.0 6.937511464971619e-05
192.0 6.85677702231771e-05
193.0 6.776042579663804e-05
194.0 6.695308137009897e-05
195.0 6.615176491112763e-05
196.0 6.536800361081315e-05
197.0 6.458424231049866e-05
198.0 6.380048101018416e-05
199.0 6.302552656362552e-05
200.0 6.226915771687416e-05
201.0 6.151278887012278e-05
202.0 6.0756420023371416e-05
203.0 6.001091302687783e-05
204.0 5.928981749209238e-05
205.0 5.8568721957306925e-05
206.0 5.7847626422521484e-05
207.0 5.713459045233793e-05
208.0 5.645128326053213e-05
209.0 5.576797606872632e-05
210.0 5.508466887692052e-05
211.0 5.4402813790904074e-05
212.0 5.375994158975253e-05
213.0 5.3117069388600985e-05
214.0 5.247419718744943e-05
215.0 5.183132498629788e-05
216.0 5.121352303659559e-05
217.0 5.060303489920097e-05
218.0 4.999254676180636e-05
219.0 4.9382058624411744e-05
220.0 4.878739356427457e-05
221.0 4.8214022436869185e-05
222.0 4.76406513094638e-05
223.0 4.706728018205841e-05
224.0 4.649390905465302e-05
225.0 4.5958930277207267e-05
226.0 4.542431507852517e-05
227.0 4.488969987984308e-05
228.0 4.435508468116098e-05
229.0 4.3832640726180354e-05
230.0 4.3324181786358516e-05
231.0 4.281572284653668e-05
232.0 4.230726390671484e-05
233.0 4.179880496689301e-05
234.0 4.130453172477068e-05
235.0 4.081278896845195e-05
236.0 4.032104621213322e-05
237.0 3.98293034558145e-05
238.0 3.934275787715248e-05
239.0 3.888849944870339e-05
240.0 3.843424102025429e-05
241.0 3.797998259180519e-05
242.0 3.75257241633561e-05
243.0 3.70845764664277e-05
244.0 3.6669626999415174e-05
245.0 3.6254677532402655e-05
246.0 3.583972806539012e-05
247.0 3.54247785983776e-05
248.0 3.501865011027958e-05
249.0 3.462415074904942e-05
250.0 3.4229651387819254e-05
251.0 3.383515202658909e-05
252.0 3.3440652665358924e-05
253.0 3.3052288769293547e-05
254.0 3.267205389082814e-05
255.0 3.229181901236273e-05
256.0 3.1911584133897326e-05
257.0 3.1531349255431914e-05
258.0 3.116066700743758e-05
259.0 3.080956748044093e-05
260.0 3.0458467953444283e-05
261.0 3.0107368426447636e-05
262.0 2.9756268899450986e-05
263.0 2.9409165323978197e-05
264.0 2.9090673186027465e-05
265.0 2.8772181048076733e-05
266.0 2.8453688910126004e-05
267.0 2.8135196772175272e-05
268.0 2.781670463422454e-05
269.0 2.7513496685818724e-05
270.0 2.7213825829603935e-05
271.0 2.691415497338915e-05
272.0 2.661448411717436e-05
273.0 2.6314813260959575e-05
274.0 2.602232116107578e-05
275.0 2.5740856042183192e-05
276.0 2.5459390923290597e-05
277.0 2.5177925804398005e-05
278.0 2.4896460685505413e-05
279.0 2.461499556661282e-05
280.0 2.435334661467506e-05
281.0 2.4094734607929757e-05
282.0 2.383612260118445e-05
283.0 2.3577510594439143e-05
284.0 2.331889858769384e-05
285.0 2.3064742222578657e-05
286.0 2.2825651044000634e-05
287.0 2.2586559865422605e-05
288.0 2.234746868684458e-05
289.0 2.2108377508266552e-05
290.0 2.186928632968853e-05
291.0 2.1636221471024883e-05
292.0 2.1409804513203385e-05
293.0 2.1183387555381888e-05
294.0 2.0956970597560396e-05
295.0 2.07305536397389e-05
296.0 2.0504136681917404e-05
297.0 2.0286755533157256e-05
298.0 2.0075237038481058e-05
299.0 1.9863718543804853e-05
