10.0 0.020933042697
11.0 0.0138613618541
12.0 0.00872301651874
13.0 0.00507852898866
14.0 0.00255907745559
15.0 0.000870514931263
16.0 -0.000214714438022
17.0 -0.000869810170484
18.0 -0.00122475227627
19.0 -0.00137518955808
20.0 -0.00139004760036
21.0 -0.00131823387565
22.0 -0.00119412468055
23.0 -0.00104165768388
24.0 -0.00087720398963
25.0 -0.000711589772444
26.0 -0.000551625812493
27.0 -0.000401333197363
28.0 -0.0002628829775
29.0 -0.000137237123739
30.0 -2.4554043119e-05
31.0 7.55360692141e-05
32.0 0.000163720874905
33.0 0.000240850461403
34.0 0.000307842030374
35.0 0.000365632882376
36.0 0.000415152533716
37.0 0.000457291338125
38.0 0.000492869494599
39.0 0.000522625504804
40.0 0.00054722813131
41.0 0.00056729229642
42.0 0.000583379592918
43.0 0.000595987118672
44.0 0.000605543624209
45.0 0.000612421759313
46.0 0.000616955582605
47.0 0.000619448611194
48.0 0.000620171366079
49.0 0.000619359033243
50.0 0.000617216396403
51.0 0.000613926301128
52.0 0.000609654158275
53.0 0.000604546972531
54.0 0.00059873171172
55.0 0.000592317199359
56.0 0.000585398673359
57.0 0.000578061477137
58.0 0.000570382279304
59.0 0.000562429341502
60.0 0.00055426393672
61.0 0.000545943037995
62.0 0.000537521501031
63.0 0.000529052104105
64.0 0.000520583559246
65.0 0.00051215815688
66.0 0.000503810748385
67.0 0.000495569476241
68.0 0.000487457238747
69.0 0.000479492437016
70.0 0.000471688256107
71.0 0.000464050820069
72.0 0.00045657713061
73.0 0.000449253493861
74.0 0.000442054646254
75.0 0.000434943634319
76.0 0.000427872794785
77.0 0.000420786463382
78.0 0.000413625824783
79.0 0.000406335602501
80.0 0.000398871541267
81.0 0.000391207311979
82.0 0.000383339632891
83.0 0.000375290781501
84.0 0.000367108023746
85.0 0.000358859808343
86.0 0.000350628997623
87.0 0.00034250395231
88.0 0.000334568776737
89.0 0.000326894230847
90.0 0.000319530643287
91.0 0.000312503731349
92.0 0.000305813739209
93.0 0.000299437863017
94.0 0.000293335545852
95.0 0.000287455867357
96.0 0.000281745942331
97.0 0.000276159061542
98.0 0.000270661340583
99.0 0.000265235910965
100.0 0.000259884135479
101.0 0.000254623852391
102.0 0.000249485138185
103.0 0.000244504436784
104.0 0.000239718080465
105.0 0.000235156213042
106.0 0.000230837949743
107.0 0.000226768330031
108.0 0.000222937304704
109.0 0.000219320698405
110.0 0.000215882834726
111.0 0.000212580323125
112.0 0.000209366402181
113.0 0.000206195226681
114.0 0.000203025577844
115.0 0.000199823644505
116.0 0.000196564724417
117.0 0.000193233878276
118.0 0.000189825696892
119.0 0.000186343401952
120.0 0.000182797505391
121.0 0.000179204225787
122.0 0.000175583824027
123.0 0.000171958985437
124.0 0.000168353342327
125.0 0.000164790197242
126.0 0.000161291474021
127.0 0.000157876896279
128.0 0.000154563377236
129.0 0.000151364603027
130.0 0.000148290799535
131.0 0.000145348681919
132.0 0.000142541587746
133.0 0.000139869784683
134.0 0.000137330924239
135.0 0.000134920591135
136.0 0.000132632882772
137.0 0.000130460951594
138.0 0.000128397456691
139.0 0.000126434895664
140.0 0.00012456581583
141.0 0.000122782926866
142.0 0.000121079149414
143.0 0.000119447634651
144.0 0.000117881781342
145.0 0.000116375264328
146.0 0.0001149220769
147.0 0.000113516581897
148.0 0.000112153563435
149.0 0.000110828271488
150.0 0.000109536453238
151.0 0.000108274366756
152.0 0.000107038773737
153.0 0.000105826909379
154.0 0.000104636429882
155.0 0.00010346534181
156.0 0.000102311922062
157.0 0.000101174640885
158.0 0.000100052101355
159.0 9.89430060179e-05
160.0 9.78461549092e-05
161.0 9.67604707165e-05
162.0 9.56850389812e-05
163.0 9.46191465986e-05
164.0 9.35623021746e-05
165.0 9.25142270962e-05
166.0 9.14748148792e-05
167.0 9.04440658167e-05
168.0 8.94220113029e-05
169.0 8.84086453515e-05
170.0 8.74038789983e-05
171.0 8.64075271733e-05
172.0 8.54193291201e-05
173.0 8.44389949381e-05
174.0 8.3466264608e-05
175.0 8.25009634726e-05
176.0 8.15430400402e-05
177.0 8.05925774058e-05
178.0 7.96497769027e-05
179.0 7.87149196775e-05
180.0 7.77883168149e-05
181.0 7.68702602495e-05
182.0 7.59609849009e-05
183.0 7.50606481924e-05
184.0 7.41693279418e-05
185.0 7.32870351639e-05
186.0 7.24137357052e-05
187.0 7.15493741619e-05
188.0 7.06938947557e-05
189.0 6.98472559065e-05
190.0 6.90094372861e-05
191.0 6.81804396603e-05
192.0 6.73602787555e-05
193.0 6.65489749498e-05
194.0 6.57465410508e-05
195.0 6.4952970857e-05
196.0 6.41682314215e-05
197.0 6.33922616031e-05
198.0 6.26249783657e-05
199.0 6.18662903947e-05
200.0 6.11161163792e-05
201.0 6.03744034313e-05
202.0 5.96411403076e-05
203.0 5.89163608148e-05
204.0 5.82001349945e-05
205.0 5.74925488838e-05
206.0 5.67936769364e-05
207.0 5.61035535929e-05
208.0 5.54221512579e-05
209.0 5.47493707767e-05
210.0 5.40850476632e-05
211.0 5.34289735546e-05
212.0 5.27809286228e-05
213.0 5.21407179489e-05
214.0 5.1508203824e-05
215.0 5.08833268139e-05
216.0 5.02661109554e-05
217.0 4.96566519772e-05
218.0 4.90550911036e-05
219.0 4.84615799752e-05
220.0 4.78762438713e-05
221.0 4.72991504864e-05
222.0 4.67302900719e-05
223.0 4.61695702087e-05
224.0 4.56168254201e-05
225.0 4.50718389159e-05
226.0 4.4534371545e-05
227.0 4.4004191924e-05
228.0 4.34811018618e-05
229.0 4.29649525202e-05
230.0 4.24556489277e-05
231.0 4.19531430094e-05
232.0 4.14574176749e-05
233.0 4.0968466207e-05
234.0 4.04862718706e-05
235.0 4.00107921957e-05
236.0 3.95419509352e-05
237.0 3.90796386317e-05
238.0 3.86237205893e-05
239.0 3.81740493471e-05
240.0 3.77304779224e-05
241.0 3.72928702685e-05
242.0 3.68611064996e-05
243.0 3.64350821001e-05
244.0 3.60147021004e-05
245.0 3.55998725692e-05
246.0 3.51904924088e-05
247.0 3.47864482143e-05
248.0 3.43876139828e-05
249.0 3.39938560416e-05
250.0 3.36050421085e-05
251.0 3.32210522813e-05
252.0 3.28417892455e-05
253.0 3.24671851754e-05
254.0 3.20972036011e-05
255.0 3.17318356802e-05
256.0 3.13710915631e-05
257.0 3.10149885749e-05
258.0 3.06635385469e-05
259.0 3.0316736716e-05
260.0 2.99745541857e-05
261.0 2.96369351492e-05
262.0 2.93037990876e-05
263.0 2.89750472004e-05
264.0 2.86505715822e-05
265.0 2.83302652564e-05
266.0 2.80140311695e-05
267.0 2.77017886064e-05
268.0 2.73934761029e-05
269.0 2.7089050675e-05
270.0 2.6788483885e-05
271.0 2.64917558047e-05
272.0 2.61988482043e-05
273.0 2.59097382873e-05
274.0 2.56243940167e-05
275.0 2.53427716443e-05
276.0 2.50648155534e-05
277.0 2.4790460082e-05
278.0 2.45196326889e-05
279.0 2.42522577017e-05
280.0 2.39882599414e-05
281.0 2.37275677083e-05
282.0 2.34701148647e-05
283.0 2.32158419918e-05
284.0 2.29646967777e-05
285.0 2.27166338726e-05
286.0 2.24716144417e-05
287.0 2.22296055742e-05
288.0 2.19905796138e-05
289.0 2.17545133987e-05
290.0 2.15213873642e-05
291.0 2.12911844703e-05
292.0 2.1063888966e-05
293.0 2.08394850614e-05
294.0 2.06179556293e-05
295.0 2.03992810783e-05
296.0 2.01834385257e-05
297.0 1.99704013528e-05
298.0 1.97601391628e-05
299.0 1.95526180998e-05
