10.0 0.00158643562584
11.0 0.00149094119277
12.0 0.00140284984437
13.0 0.00132096697842
14.0 0.00124430140181
15.0 0.00117215083098
16.0 0.00110408462663
17.0 0.00103987404788
18.0 0.000979427592373
19.0 0.000922742358818
20.0 0.00086985559151
21.0 0.000820795498173
22.0 0.000775543108395
23.0 0.000734012709684
24.0 0.000696050063173
25.0 0.000661442318799
26.0 0.000629932670791
27.0 0.000601235518013
28.0 0.000575051133213
29.0 0.000551079767712
30.0 0.000529034130329
31.0 0.000508648743141
32.0 0.000489685648192
33.0 0.000471937079652
34.0 0.000455226031198
35.0 0.000439405309501
36.0 0.000424355281242
37.0 0.000409980539768
38.0 0.000396206071685
39.0 0.000382973641347
40.0 0.000370238716016
41.0 0.000357967736314
42.0 0.000346135480422
43.0 0.000334722639961
44.0 0.000323713956343
45.0 0.000313097042187
46.0 0.000302861634017
47.0 0.000292998947511
48.0 0.000283501060271
49.0 0.000274360465668
50.0 0.000265569883795
51.0 0.000257122223558
52.0 0.000249010529418
53.0 0.000241227862667
54.0 0.000233767187061
55.0 0.000226621318003
56.0 0.000219782901335
57.0 0.000213244338166
58.0 0.000206997608616
59.0 0.000201034008501
60.0 0.000195343830936
61.0 0.000189915999965
62.0 0.000184737644243
63.0 0.000179793619577
64.0 0.000175066038216
65.0 0.000170533902622
66.0 0.000166172945697
67.0 0.000161955751578
68.0 0.000157852195131
69.0 0.000153830215734
70.0 0.000149856934069
71.0 0.000145900113359
72.0 0.000141929941247
73.0 0.000137921061703
74.0 0.000133854730805
75.0 0.000129720923274
76.0 0.000125520187025
77.0 0.000121265029513
78.0 0.000116980619971
79.0 0.000112704611026
80.0 0.000108485931925
81.0 0.000104382489701
82.0 0.000100457827289
83.0 9.67769119169e-05
84.0 9.34013435468e-05
85.0 9.03843663974e-05
86.0 8.77661255416e-05
87.0 8.5569626314e-05
88.0 8.37978198367e-05
89.0 8.24321519944e-05
90.0 8.14327831647e-05
91.0 8.07405278898e-05
92.0 8.0280397507e-05
93.0 7.99664737352e-05
94.0 7.97077129876e-05
95.0 7.94141916374e-05
96.0 7.90032602617e-05
97.0 7.840508489e-05
98.0 7.75671151847e-05
99.0 7.64571267448e-05
100.0 7.50646250047e-05
101.0 7.34005551766e-05
102.0 7.14954185487e-05
103.0 6.9396033405e-05
104.0 6.71612851381e-05
105.0 6.48572757029e-05
106.0 6.25523037622e-05
107.0 6.03120854588e-05
108.0 5.81955679864e-05
109.0 5.62516034684e-05
110.0 5.45166503135e-05
111.0 5.30135649028e-05
112.0 5.17514490833e-05
113.0 5.07264374607e-05
114.0 4.99232488905e-05
115.0 4.93172913716e-05
116.0 4.88770979673e-05
117.0 4.85668801176e-05
118.0 4.83490090698e-05
119.0 4.81862710716e-05
120.0 4.80437826546e-05
121.0 4.78904946033e-05
122.0 4.77002535405e-05
123.0 4.7452425684e-05
124.0 4.71321162628e-05
125.0 4.67300392813e-05
126.0 4.62421056238e-05
127.0 4.56688035145e-05
128.0 4.50144451688e-05
129.0 4.42863483736e-05
130.0 4.34940129935e-05
131.0 4.26483412068e-05
132.0 4.17609377409e-05
133.0 4.08435135803e-05
134.0 3.99074045622e-05
135.0 3.89632058697e-05
136.0 3.80205153171e-05
137.0 3.708777286e-05
138.0 3.61721808734e-05
139.0 3.52796890754e-05
140.0 3.44150288826e-05
141.0 3.35817838268e-05
142.0 3.27824848171e-05
143.0 3.20187211141e-05
144.0 3.12912596719e-05
145.0 3.06001669755e-05
146.0 2.99449287102e-05
147.0 2.93245636282e-05
148.0 2.87377288968e-05
149.0 2.81828150379e-05
150.0 2.76580293208e-05
151.0 2.71614671303e-05
152.0 2.66911714082e-05
153.0 2.62451807651e-05
154.0 2.58215672691e-05
155.0 2.54184652343e-05
156.0 2.50340925144e-05
157.0 2.46667658205e-05
158.0 2.43149114178e-05
159.0 2.39770722212e-05
160.0 2.36519118826e-05
161.0 2.33382160525e-05
162.0 2.30348907054e-05
163.0 2.27409573549e-05
164.0 2.24555451539e-05
165.0 2.21778802492e-05
166.0 2.19072732177e-05
167.0 2.16431058103e-05
168.0 2.13848184397e-05
169.0 2.11318997789e-05
170.0 2.08838794876e-05
171.0 2.06403245091e-05
172.0 2.04008387185e-05
173.0 2.01650650881e-05
174.0 1.99326891135e-05
175.0 1.9703442089e-05
176.0 1.94771029627e-05
177.0 1.92534978831e-05
178.0 1.90324970792e-05
179.0 1.88140092569e-05
180.0 1.85979741423e-05
181.0 1.83843540639e-05
182.0 1.81731255234e-05
183.0 1.79642715755e-05
184.0 1.77577755916e-05
185.0 1.75536166917e-05
186.0 1.73517668702e-05
187.0 1.71521896477e-05
188.0 1.69548399747e-05
189.0 1.67596650849e-05
190.0 1.65666060097e-05
191.0 1.63755995206e-05
192.0 1.61865803184e-05
193.0 1.59994833475e-05
194.0 1.58142461524e-05
195.0 1.56308112209e-05
196.0 1.54491282555e-05
197.0 1.52691562856e-05
198.0 1.5090865488e-05
199.0 1.49142385296e-05
200.0 1.47392712175e-05
201.0 1.45659722601e-05
202.0 1.43943620166e-05
203.0 1.42244702516e-05
204.0 1.4056333082e-05
205.0 1.38899894688e-05
206.0 1.37254777262e-05
207.0 1.35628325413e-05
208.0 1.3402082915e-05
209.0 1.32432512514e-05
210.0 1.30863535693e-05
211.0 1.29314005567e-05
212.0 1.27783989839e-05
213.0 1.26273529004e-05
214.0 1.247826408e-05
215.0 1.23311313537e-05
216.0 1.2185948745e-05
217.0 1.20427026321e-05
218.0 1.190136845e-05
219.0 1.1761907635e-05
220.0 1.1624265573e-05
221.0 1.14883712186e-05
222.0 1.13541388187e-05
223.0 1.12214718475e-05
224.0 1.10902688984e-05
225.0 1.09604309418e-05
226.0 1.08318691172e-05
227.0 1.07045121086e-05
228.0 1.05783121873e-05
229.0 1.04532491767e-05
230.0 1.03293318668e-05
231.0 1.02065967434e-05
232.0 1.00851042267e-05
233.0 9.96493290235e-06
234.0 9.84617241629e-06
235.0 9.72891579316e-06
236.0 9.61325191233e-06
237.0 9.49925876642e-06
238.0 9.38699796292e-06
239.0 9.27651074859e-06
240.0 9.16781566939e-06
241.0 9.06090784667e-06
242.0 8.95575975967e-06
243.0 8.85232336791e-06
244.0 8.7505333717e-06
245.0 8.65031137804e-06
246.0 8.5515707031e-06
247.0 8.45422149832e-06
248.0 8.35817584321e-06
249.0 8.26335241864e-06
250.0 8.16968037659e-06
251.0 8.0771020688e-06
252.0 7.98557439322e-06
253.0 7.89506865654e-06
254.0 7.80556901748e-06
255.0 7.71706974407e-06
256.0 7.62957166319e-06
257.0 7.54307827633e-06
258.0 7.45759204798e-06
259.0 7.37311133413e-06
260.0 7.28962831703e-06
261.0 7.20712816271e-06
262.0 7.12558944491e-06
263.0 7.04498570902e-06
264.0 6.96528790663e-06
265.0 6.88646733428e-06
266.0 6.80849866971e-06
267.0 6.73136271618e-06
268.0 6.65504853205e-06
269.0 6.57955472508e-06
270.0 6.50488981036e-06
271.0 6.43107164841e-06
272.0 6.35812608086e-06
273.0 6.28608495341e-06
274.0 6.21498375521e-06
275.0 6.14485911004e-06
276.0 6.07574633424e-06
277.0 6.00767723676e-06
278.0 5.94067828659e-06
279.0 5.87476922158e-06
280.0 5.80996212517e-06
281.0 5.74626095828e-06
282.0 5.68366150426e-06
283.0 5.62215166413e-06
284.0 5.56171202808e-06
285.0 5.50231664445e-06
286.0 5.44393390919e-06
287.0 5.38652750598e-06
288.0 5.33005733918e-06
289.0 5.27448041682e-06
290.0 5.21975165898e-06
291.0 5.16582462424e-06
292.0 5.11265216323e-06
293.0 5.06018701986e-06
294.0 5.00838240716e-06
295.0 4.95719258427e-06
296.0 4.90657345505e-06
297.0 4.85648319766e-06
298.0 4.8068829206e-06
299.0 4.75773732669e-06
