10.0 0.0145749069046
11.0 0.00814914642759
12.0 0.00374193485868
13.0 0.000847873057028
14.0 -0.000946432190888
15.0 -0.00196197112233
16.0 -0.0024398256125
17.0 -0.0025575267902
18.0 -0.00244357327819
19.0 -0.00218885210823
20.0 -0.00185599575438
21.0 -0.00148719898875
22.0 -0.00111035025646
23.0 -0.000743455000191
24.0 -0.000397641816616
25.0 -7.92006015344e-05
26.0 0.0002089378728
27.0 0.000466058430737
28.0 0.000692812536169
29.0 0.000890661701189
30.0 0.00106154314889
31.0 0.00120765133031
32.0 0.00133127179137
33.0 0.00143465975065
34.0 0.0015199710685
35.0 0.00158923613384
36.0 0.00164434938423
37.0 0.00168705285705
38.0 0.00171891790673
39.0 0.00174134426351
40.0 0.00175558100745
41.0 0.0017627506973
42.0 0.00176385780146
43.0 0.00175978499359
44.0 0.00175129588764
45.0 0.00173905288507
46.0 0.00172363961577
47.0 0.00170557364003
48.0 0.00168530847902
49.0 0.00166323545298
50.0 0.00163969235382
51.0 0.00161497523088
52.0 0.00158934586822
53.0 0.00156303342707
54.0 0.00153623499003
55.0 0.00150911916131
56.0 0.00148183194107
57.0 0.00145450144849
58.0 0.00142723993438
59.0 0.00140014457379
60.0 0.0013732991133
61.0 0.0013467765345
62.0 0.00132064105944
63.0 0.00129494795839
64.0 0.00126974131382
65.0 0.0012450514019
66.0 0.00122089342194
67.0 0.00119726809814
68.0 0.0011741633491
69.0 0.00115155581822
70.0 0.00112941171529
71.0 0.00110768739081
72.0 0.00108633048257
73.0 0.00106528211039
74.0 0.00104447995367
75.0 0.0010238617725
76.0 0.00100336916768
77.0 0.000982951694288
78.0 0.000962571376484
79.0 0.000942207202948
80.0 0.000921858732546
81.0 0.000901547907139
82.0 0.000881318560838
83.0 0.000861233619277
84.0 0.000841370321961
85.0 0.000821813960484
86.0 0.000802650754308
87.0 0.000783960654383
88.0 0.000765810970992
89.0 0.000748251618924
90.0 0.000731312445909
91.0 0.000715002707141
92.0 0.000699312451393
93.0 0.00068421546301
94.0 0.00066967339286
95.0 0.000655640698485
96.0 0.000642069946294
97.0 0.000628916940261
98.0 0.000616145103973
99.0 0.000603728603852
100.0 0.000591653860125
101.0 0.000579919313452
102.0 0.000568533553227
103.0 0.000557512126075
104.0 0.000546873496203
105.0 0.00053663470362
106.0 0.000526807261297
107.0 0.00051739376398
108.0 0.000508385570188
109.0 0.000499761779313
110.0 0.000491489566288
111.0 0.000483525768792
112.0 0.000475819469729
113.0 0.000468315211758
114.0 0.00046095644481
115.0 0.000453688844305
116.0 0.000446463225273
117.0 0.000439237881
118.0 0.000431980263972
119.0 0.000424667988851
120.0 0.000417289176464
121.0 0.000409842187168
122.0 0.00040233482054
123.0 0.000394783086098
124.0 0.000387209669536
125.0 0.000379642224046
126.0 0.000372111605813
127.0 0.000364650152789
128.0 0.000357290084985
129.0 0.000350062088608
130.0 0.000342994135616
131.0 0.000336110580231
132.0 0.000329431559033
133.0 0.000322972698909
134.0 0.000316745109316
135.0 0.000310755608287
136.0 0.000305007112663
137.0 0.000299499117672
138.0 0.000294228200155
139.0 0.000289188499719
140.0 0.00028437215581
141.0 0.000279769698944
142.0 0.000275370406118
143.0 0.00027116263273
144.0 0.000267134128625
145.0 0.000263272338326
146.0 0.000259564679309
147.0 0.000255998789444
148.0 0.000252562735774
149.0 0.000249245180027
150.0 0.000246035499847
151.0 0.000242923867199
152.0 0.000239901286562
153.0 0.000236959596091
154.0 0.000234091435888
155.0 0.000231290189604
156.0 0.000228549908568
157.0 0.000225865230203
158.0 0.000223231303397
159.0 0.000220643731421
160.0 0.000218098537971
161.0 0.000215592155144
162.0 0.00021312142556
163.0 0.000210683606701
164.0 0.000208276365112
165.0 0.000205897751682
166.0 0.000203546155538
167.0 0.000201220241076
168.0 0.000198918878214
169.0 0.000196641078328
170.0 0.000194385947089
171.0 0.000192152660963
172.0 0.000189940467968
173.0 0.000187748707184
174.0 0.000185576837066
175.0 0.00018342446109
176.0 0.000181291340762
177.0 0.000179177390169
178.0 0.00017708265161
179.0 0.000175007257005
180.0 0.000172951383138
181.0 0.000170915209712
182.0 0.000168898887465
183.0 0.000166902520209
184.0 0.000164926160696
185.0 0.000162969817099
186.0 0.000161033465276
187.0 0.000159117062119
188.0 0.000157220556568
189.0 0.000155343896647
190.0 0.000153487032323
191.0 0.000151649914832
192.0 0.000149832493386
193.0 0.000148034710199
194.0 0.000146256494867
195.0 0.000144497759447
196.0 0.000142758395921
197.0 0.000141038277743
198.0 0.000139337266601
199.0 0.000137655224267
200.0 0.000135992027736
201.0 0.000134347584341
202.0 0.000132721842738
203.0 0.000131114796024
204.0 0.000129526474829
205.0 0.000127956930673
206.0 0.000126406212451
207.0 0.000124874340996
208.0 0.00012336128744
209.0 0.000121866960477
210.0 0.00012039120565
211.0 0.000118933816994
212.0 0.000117494558531
213.0 0.000116073190892
214.0 0.000114669497322
215.0 0.000113283303654
216.0 0.0001119144884
217.0 0.000110562981449
218.0 0.000109228752322
219.0 0.000107911791091
220.0 0.000106612086296
221.0 0.000105329604456
222.0 0.000104064275027
223.0 0.000102815983197
224.0 0.000101584571071
225.0 0.000100369846039
226.0 9.91715937243e-05
227.0 9.7989592206e-05
228.0 9.68236241975e-05
229.0 9.56734846348e-05
230.0 9.45389823622e-05
231.0 9.34199361129e-05
232.0 9.23161663768e-05
233.0 9.12274857258e-05
234.0 9.01536904842e-05
235.0 8.90945562251e-05
236.0 8.80498385227e-05
237.0 8.70192789745e-05
238.0 8.60026150871e-05
239.0 8.49995915622e-05
240.0 8.40099701165e-05
241.0 8.30335353197e-05
242.0 8.20700949407e-05
243.0 8.11194746913e-05
244.0 8.01815086602e-05
245.0 7.92560277898e-05
246.0 7.83428491908e-05
247.0 7.74417688355e-05
248.0 7.65525593162e-05
249.0 7.56749731419e-05
250.0 7.48087508024e-05
251.0 7.39536318384e-05
252.0 7.31093666418e-05
253.0 7.22757267321e-05
254.0 7.14525117618e-05
255.0 7.06395523157e-05
256.0 6.98367084889e-05
257.0 6.90438650248e-05
258.0 6.82609243382e-05
259.0 6.74877989402e-05
260.0 6.67244046516e-05
261.0 6.59706555941e-05
262.0 6.52264614246e-05
263.0 6.44917267321e-05
264.0 6.37663520864e-05
265.0 6.305023597e-05
266.0 6.23432767843e-05
267.0 6.164537427e-05
268.0 6.09564299703e-05
269.0 6.02763467066e-05
270.0 5.96050273459e-05
271.0 5.89423733456e-05
272.0 5.82882836191e-05
273.0 5.76426541692e-05
274.0 5.70053787221e-05
275.0 5.63763503174e-05
276.0 5.57554635453e-05
277.0 5.51426169401e-05
278.0 5.45377149723e-05
279.0 5.3940669161e-05
280.0 5.33513980066e-05
281.0 5.27698256965e-05
282.0 5.21958797827e-05
283.0 5.16294882225e-05
284.0 5.10705762736e-05
285.0 5.05190637206e-05
286.0 4.99748628123e-05
287.0 4.94378771232e-05
288.0 4.89080013803e-05
289.0 4.83851221446e-05
290.0 4.78691191366e-05
291.0 4.7359866958e-05
292.0 4.68572369706e-05
293.0 4.63610991454e-05
294.0 4.5871323749e-05
295.0 4.53877827926e-05
296.0 4.49103512084e-05
297.0 4.44389077409e-05
298.0 4.39733355585e-05
299.0 4.35135225987e-05
