10.0 0.00141295435953
11.0 0.00133490376415
12.0 0.00126241880333
13.0 0.001194760524
14.0 0.00113127371257
15.0 0.00107147184182
16.0 0.00101503747027
17.0 0.000961779862051
18.0 0.000911596806944
19.0 0.000864448290169
20.0 0.000820327494012
21.0 0.000779227653796
22.0 0.000741114592979
23.0 0.000705911765247
24.0 0.000673497891299
25.0 0.00064371288794
26.0 0.000616366993901
27.0 0.000591250168987
28.0 0.000568141400803
29.0 0.000546818141926
30.0 0.000527065099499
31.0 0.000508681103162
32.0 0.00049148351333
33.0 0.000475310553545
34.0 0.000460022207549
35.0 0.000445500044595
36.0 0.000431646033583
37.0 0.000418380450039
38.0 0.000405639305601
39.0 0.000393371867018
40.0 0.000381538515482
41.0 0.000370108776038
42.0 0.000359059313701
43.0 0.000348372014267
44.0 0.000338032465848
45.0 0.00032802896669
46.0 0.000318351862544
47.0 0.000308992950709
48.0 0.000299944899221
49.0 0.000291200811541
50.0 0.000282754016468
51.0 0.000274597999992
52.0 0.000266726344842
53.0 0.000259132642219
54.0 0.000251810441437
55.0 0.000244753293211
56.0 0.000237954861649
57.0 0.000231409035088
58.0 0.000225109993127
59.0 0.000219052234476
60.0 0.000213230580259
61.0 0.000207640140384
62.0 0.000202276207887
63.0 0.00019713405683
64.0 0.00019220865423
65.0 0.000187494324613
66.0 0.000182984406334
67.0 0.00017867091661
68.0 0.000174544219812
69.0 0.000170592690974
70.0 0.00016680238623
71.0 0.00016315675991
72.0 0.000159636487087
73.0 0.000156219453792
74.0 0.00015288097046
75.0 0.000149594255801
76.0 0.000146331228883
77.0 0.000143063629427
78.0 0.000139764453737
79.0 0.000136409648906
80.0 0.000132979961689
81.0 0.000129462801744
82.0 0.000125853956202
83.0 0.000122158982775
84.0 0.000118394110705
85.0 0.000114586495044
86.0 0.000110773703834
87.0 0.000107002370419
88.0 0.000103326010691
89.0 9.9802080742e-05
90.0 9.64884276423e-05
91.0 9.3439358801e-05
92.0 9.07016170474e-05
93.0 8.83105904766e-05
94.0 8.62870989487e-05
95.0 8.46350758315e-05
96.0 8.33404025211e-05
97.0 8.23710592403e-05
98.0 8.16786387347e-05
99.0 8.12011430793e-05
100.0 8.08668621897e-05
101.0 8.05990293788e-05
102.0 8.0320875727e-05
103.0 7.99606689477e-05
104.0 7.94563271888e-05
105.0 7.87592425262e-05
106.0 7.7837027129e-05
107.0 7.66749980541e-05
108.0 7.52763328112e-05
109.0 7.36609446781e-05
110.0 7.18632323011e-05
111.0 6.99289425833e-05
112.0 6.79114426647e-05
113.0 6.58677229956e-05
114.0 6.38544495716e-05
115.0 6.19243525418e-05
116.0 6.01231859138e-05
117.0 5.84874256278e-05
118.0 5.70427983522e-05
119.0 5.58036585632e-05
120.0 5.4773163752e-05
121.0 5.39441424611e-05
122.0 5.33005107748e-05
123.0 5.28190711935e-05
124.0 5.24715227997e-05
125.0 5.2226521079e-05
126.0 5.2051646514e-05
127.0 5.19151695218e-05
128.0 5.17875317828e-05
129.0 5.16424970949e-05
130.0 5.14579556373e-05
131.0 5.12163917257e-05
132.0 5.09050453704e-05
133.0 5.05158117187e-05
134.0 5.00449300534e-05
135.0 4.94925163153e-05
136.0 4.88619913306e-05
137.0 4.8159452323e-05
138.0 4.7393028983e-05
139.0 4.65722582153e-05
140.0 4.57075042663e-05
141.0 4.48094436285e-05
142.0 4.38886271937e-05
143.0 4.29551258019e-05
144.0 4.20182598132e-05
145.0 4.10864088006e-05
146.0 4.01668940301e-05
147.0 3.92659241041e-05
148.0 3.83885929143e-05
149.0 3.75389187521e-05
150.0 3.67199138527e-05
151.0 3.59336746211e-05
152.0 3.51814841024e-05
153.0 3.44639197666e-05
154.0 3.37809612379e-05
155.0 3.31320940788e-05
156.0 3.25164070493e-05
157.0 3.19326812997e-05
158.0 3.13794706906e-05
159.0 3.08551728656e-05
160.0 3.03580908985e-05
161.0 2.98864854033e-05
162.0 2.94386170528e-05
163.0 2.90127796015e-05
164.0 2.86073237957e-05
165.0 2.82206729596e-05
166.0 2.78513314954e-05
167.0 2.7497887908e-05
168.0 2.71590141649e-05
169.0 2.68334631541e-05
170.0 2.65200657103e-05
171.0 2.62177281879e-05
172.0 2.59254309903e-05
173.0 2.56422279294e-05
174.0 2.53672459022e-05
175.0 2.50996842104e-05
176.0 2.48388129122e-05
177.0 2.45839698528e-05
178.0 2.43345563781e-05
179.0 2.40900320866e-05
180.0 2.38499092268e-05
181.0 2.361374744e-05
182.0 2.33811494621e-05
183.0 2.31517581757e-05
184.0 2.2925255105e-05
185.0 2.27013601454e-05
186.0 2.24798320885e-05
187.0 2.22604693759e-05
188.0 2.20431104982e-05
189.0 2.18276335386e-05
190.0 2.1613954512e-05
191.0 2.14020243298e-05
192.0 2.11918244163e-05
193.0 2.09833611669e-05
194.0 2.07766595822e-05
195.0 2.05717564916e-05
196.0 2.03686938133e-05
197.0 2.01675122637e-05
198.0 1.99682458442e-05
199.0 1.97709173178e-05
200.0 1.95755347671e-05
201.0 1.93820892298e-05
202.0 1.91905533605e-05
203.0 1.90008810703e-05
204.0 1.88130081431e-05
205.0 1.86268538819e-05
206.0 1.84423238677e-05
207.0 1.82593138918e-05
208.0 1.80777150223e-05
209.0 1.78974196055e-05
210.0 1.77183278106e-05
211.0 1.75403541447e-05
212.0 1.73634332484e-05
213.0 1.71875242736e-05
214.0 1.70126132554e-05
215.0 1.6838713124e-05
216.0 1.66658613095e-05
217.0 1.64941152353e-05
218.0 1.63235462935e-05
219.0 1.61542331061e-05
220.0 1.5986254953e-05
221.0 1.58196861781e-05
222.0 1.56545921873e-05
223.0 1.54910273612e-05
224.0 1.5329034878e-05
225.0 1.51686481354e-05
226.0 1.50098932278e-05
227.0 1.48527918125e-05
228.0 1.46973636989e-05
229.0 1.45436286158e-05
230.0 1.43916068123e-05
231.0 1.42413184016e-05
232.0 1.40927815956e-05
233.0 1.39460101814e-05
234.0 1.3801010701e-05
235.0 1.36577798275e-05
236.0 1.35163023639e-05
237.0 1.33765501679e-05
238.0 1.32384821477e-05
239.0 1.31020453178e-05
240.0 1.29671767786e-05
241.0 1.28338064075e-05
242.0 1.27018600172e-05
243.0 1.25712627517e-05
244.0 1.24419425186e-05
245.0 1.2313833294e-05
246.0 1.21868781569e-05
247.0 1.20610319141e-05
248.0 1.19362631672e-05
249.0 1.18125556598e-05
250.0 1.16899087443e-05
251.0 1.15683368362e-05
252.0 1.14478677815e-05
253.0 1.13285401621e-05
254.0 1.12103996735e-05
255.0 1.10934948323e-05
256.0 1.09778723689e-05
257.0 1.08635727266e-05
258.0 1.0750626099e-05
259.0 1.06390493951e-05
260.0 1.0528844427e-05
261.0 1.04199974784e-05
262.0 1.03124802642e-05
263.0 1.02062521343e-05
264.0 1.01012632553e-05
265.0 9.99745841065e-06
266.0 9.89478102397e-06
267.0 9.79317702113e-06
268.0 9.69259820073e-06
269.0 9.59300486995e-06
270.0 9.49436760517e-06
271.0 9.39666810104e-06
272.0 9.29989916208e-06
273.0 9.20406396044e-06
274.0 9.10917472502e-06
275.0 9.01525104317e-06
276.0 8.92231794955e-06
277.0 8.83040395463e-06
278.0 8.73953913419e-06
279.0 8.64975336852e-06
280.0 8.56107478912e-06
281.0 8.47352846512e-06
282.0 8.38713534179e-06
283.0 8.30191142851e-06
284.0 8.2178672233e-06
285.0 8.13500735307e-06
286.0 8.05333040441e-06
287.0 7.97282891686e-06
288.0 7.89348951121e-06
289.0 7.81529312808e-06
290.0 7.73821535715e-06
291.0 7.66222684404e-06
292.0 7.58729376897e-06
293.0 7.51337839677e-06
294.0 7.44043970171e-06
295.0 7.36843407063e-06
296.0 7.29731608528e-06
297.0 7.2270393789e-06
298.0 7.15755755452e-06
299.0 7.08882514439e-06
