10.0 0.018847843756
11.0 0.01943197265
12.0 0.0199023304013
13.0 0.0202759901642
14.0 0.0205667383256
15.0 0.0207859832142
16.0 0.0209432780957
17.0 0.0210466324197
18.0 0.0211028025576
19.0 0.0211175821909
20.0 0.0210960185118
21.0 0.0210425357923
22.0 0.0209610087095
23.0 0.0208548278214
24.0 0.0207269713963
25.0 0.0205800748096
26.0 0.0204164839783
27.0 0.0202382898346
28.0 0.0200473522982
29.0 0.0198453230554
30.0 0.0196336692568
31.0 0.0194136953114
32.0 0.0191865611449
33.0 0.0189532981835
34.0 0.0187148247566
35.0 0.018471960859
36.0 0.018225440779
37.0 0.0179759227433
38.0 0.0177239966521
39.0 0.0174701917211
40.0 0.017214984383
41.0 0.0169588050848
42.0 0.0167020428882
43.0 0.016445048594
44.0 0.0161881380699
45.0 0.0159315964561
46.0 0.0156756823528
47.0 0.0154206308503
48.0 0.0151666553606
49.0 0.0149139490965
50.0 0.0146626867862
51.0 0.0144130264105
52.0 0.0141651105011
53.0 0.0139190670051
54.0 0.0136750101807
55.0 0.0134330418906
56.0 0.0131932532237
57.0 0.0129557261123
58.0 0.0127205347325
59.0 0.012487746697
60.0 0.012257424112
61.0 0.0120296244433
62.0 0.0118044010601
63.0 0.0115818034156
64.0 0.0113618770298
65.0 0.0111446635775
66.0 0.0109302013265
67.0 0.0107185259675
68.0 0.0105096716636
69.0 0.0103036720666
70.0 0.0101005611066
71.0 0.00990037349518
72.0 0.00970314497237
73.0 0.00950891235402
74.0 0.00931771341708
75.0 0.00912958665219
76.0 0.00894457092175
77.0 0.00876270505153
78.0 0.00858402732853
79.0 0.00840857479325
80.0 0.00823638215649
81.0 0.00806748018184
82.0 0.00790189345468
83.0 0.00773963756669
84.0 0.00758071584248
85.0 0.00742511580218
86.0 0.00727280559306
87.0 0.00712373063578
88.0 0.0069778107156
89.0 0.00683493770585
90.0 0.00669497405606
91.0 0.00655775213453
92.0 0.00642307450414
93.0 0.006290715226
94.0 0.00616042230745
95.0 0.00603192140879
96.0 0.00590492088033
97.0 0.00577911811685
98.0 0.00565420710578
99.0 0.00552988692778
100.0 0.00540587086376
101.0 0.00528189568437
102.0 0.00515773065645
103.0 0.00503318579729
104.0 0.00490811894198
105.0 0.00478244125402
106.0 0.00465612089964
107.0 0.00452918471127
108.0 0.00440171777749
109.0 0.00427386100605
110.0 0.00414580680457
111.0 0.00401779310657
112.0 0.00389009603593
113.0 0.00376302155248
114.0 0.00363689645433
115.0 0.00351205912872
116.0 0.0033888504383
117.0 0.0032676051015
118.0 0.00314864387383
119.0 0.00303226676603
120.0 0.00291874745309
121.0 0.00280832894553
122.0 0.00270122051944
123.0 0.00259759584104
124.0 0.00249759217761
125.0 0.00240131055978
126.0 0.00230881674849
127.0 0.00222014286153
128.0 0.00213528952488
129.0 0.00205422842962
130.0 0.0019769051915
131.0 0.00190324242289
132.0 0.00183314293485
133.0 0.00176649298941
134.0 0.00170316552142
135.0 0.00164302324943
136.0 0.00158592159867
137.0 0.00153171136909
138.0 0.00148024109848
139.0 0.00143135909147
140.0 0.00138491510884
141.0 0.00134076173219
142.0 0.00129875543533
143.0 0.00125875740313
144.0 0.00122063414168
145.0 0.00118425792081
146.0 0.00114950708452
147.0 0.00111626625696
148.0 0.00108442646451
149.0 0.00105388518793
150.0 0.00102454635433
151.0 0.000996320275648
152.0 0.000969123539215
153.0 0.000942878856117
154.0 0.000917514874001
155.0 0.000892965961826
156.0 0.000869171974568
157.0 0.000846078005275
158.0 0.000823634129902
159.0 0.000801795147403
160.0 0.000780520314153
161.0 0.000759773068935
162.0 0.000739520743463
163.0 0.000719734254222
164.0 0.000700387774589
165.0 0.000681458390864
166.0 0.000662925751111
167.0 0.00064477171997
168.0 0.000626980054779
169.0 0.000609536117655
170.0 0.000592426634615
171.0 0.000575639507114
172.0 0.000559163674781
173.0 0.000542989022049
174.0 0.000527106317078
175.0 0.000511507169706
176.0 0.00049618399614
177.0 0.000481129981375
178.0 0.000466339034739
179.0 0.00045180573848
180.0 0.000437525292718
181.0 0.00042349346178
182.0 0.000409706526724
183.0 0.000396161247044
184.0 0.000382854831851
185.0 0.000369784918097
186.0 0.000356949551287
187.0 0.000344347163208
188.0 0.000331976541433
189.0 0.000319836786812
190.0 0.000307927257228
191.0 0.000296247498352
192.0 0.000284797164417
193.0 0.000273575933877
194.0 0.000262583425873
195.0 0.000251819123689
196.0 0.000241282310673
197.0 0.000230972022657
198.0 0.000220887018925
199.0 0.000211025771627
200.0 0.000201386471673
201.0 0.000191967047838
202.0 0.000182765195409
203.0 0.000173778411084
204.0 0.000165004031887
205.0 0.000156439277127
206.0 0.000148081293396
207.0 0.000139927203018
208.0 0.000131974155865
209.0 0.000124219383202
210.0 0.000116660250574
211.0 0.000109294305052
212.0 0.000102119311212
213.0 9.51332701834e-05
214.0 8.83344174472e-05
215.0 8.17211974854e-05
216.0 7.52922166205e-05
217.0 6.90461787465e-05
218.0 6.2981811511e-05
219.0 5.70977922203e-05
220.0 5.13926829345e-05
221.0 4.58648827972e-05
222.0 4.0512602828e-05
223.0 3.53338647124e-05
224.0 3.03265211992e-05
225.0 2.54882922853e-05
226.0 2.08168090174e-05
227.0 1.63096558739e-05
228.0 1.19644034039e-05
229.0 7.77862492563e-06
230.0 3.74989418857e-06
231.0 -1.24235608126e-07
232.0 -3.84626778972e-06
233.0 -7.4188070577e-06
234.0 -1.08446057977e-05
235.0 -1.41266044111e-05
236.0 -1.72679594081e-05
237.0 -2.02720550364e-05
238.0 -2.31424966719e-05
239.0 -2.58830866141e-05
240.0 -2.84977849111e-05
241.0 -3.09906591565e-05
242.0 -3.33658277774e-05
243.0 -3.56274012796e-05
244.0 -3.77794254171e-05
245.0 -3.98258295637e-05
246.0 -4.17703828677e-05
247.0 -4.36166601957e-05
248.0 -4.53680194226e-05
249.0 -4.70275912293e-05
250.0 -4.85982821026e-05
251.0 -5.0082790598e-05
252.0 -5.14836360468e-05
253.0 -5.2803197822e-05
254.0 -5.40437621267e-05
255.0 -5.52075722269e-05
256.0 -5.6296877325e-05
257.0 -5.73139750496e-05
258.0 -5.82612429184e-05
259.0 -5.91411551421e-05
260.0 -5.9956282661e-05
261.0 -6.07092761662e-05
262.0 -6.14028337819e-05
263.0 -6.20396568241e-05
264.0 -6.26223983405e-05
265.0 -6.31536098313e-05
266.0 -6.3635691556e-05
267.0 -6.40708511866e-05
268.0 -6.44610744026e-05
269.0 -6.48081095148e-05
270.0 -6.51134665945e-05
271.0 -6.53784300833e-05
272.0 -6.56040826529e-05
273.0 -6.57913372862e-05
274.0 -6.5940974219e-05
275.0 -6.60536794687e-05
276.0 -6.61300821234e-05
277.0 -6.61707882335e-05
278.0 -6.61764099241e-05
279.0 -6.61475891036e-05
280.0 -6.60850158028e-05
281.0 -6.59894416614e-05
282.0 -6.58616893918e-05
283.0 -6.57026591653e-05
284.0 -6.55133328372e-05
285.0 -6.52947767668e-05
286.0 -6.5048143753e-05
287.0 -6.47746743176e-05
288.0 -6.4475697279e-05
289.0 -6.41526292859e-05
290.0 -6.38069727634e-05
291.0 -6.34403115874e-05
292.0 -6.30543037587e-05
293.0 -6.26506704192e-05
294.0 -6.22311807284e-05
295.0 -6.17976323921e-05
296.0 -6.13518279814e-05
297.0 -6.08955475599e-05
298.0 -6.04305185182e-05
299.0 -5.99583838425e-05
