10.0 0.00583062291228
11.0 0.00549471353235
12.0 0.00518548456051
13.0 0.00490075662742
14.0 0.00463821534888
15.0 0.00439573358959
16.0 0.00417141781541
17.0 0.00396353501336
18.0 0.00377049172219
19.0 0.00359087167437
20.0 0.00342344972221
21.0 0.00326716059417
22.0 0.00312105555686
23.0 0.00298427430607
24.0 0.00285603647053
25.0 0.0027356420189
26.0 0.00262246788387
27.0 0.00251595698434
28.0 0.00241560526581
29.0 0.00232095306038
30.0 0.00223158098742
31.0 0.00214710680895
32.0 0.0020671813248
33.0 0.00199148423899
34.0 0.00191972139158
35.0 0.00185162331507
36.0 0.00178694378191
37.0 0.00172545732953
38.0 0.00166695633775
39.0 0.00161124906968
40.0 0.00155815902375
41.0 0.00150752441202
42.0 0.00145919662725
43.0 0.00141303804554
44.0 0.001368920445
45.0 0.00132672460137
46.0 0.00128634032785
47.0 0.00124766598007
48.0 0.00121060734378
49.0 0.00117507658224
50.0 0.00114099169999
51.0 0.0011082762838
52.0 0.00107685905072
53.0 0.00104667312734
54.0 0.00101765539225
55.0 0.00098974616175
56.0 0.000962889156435
57.0 0.000937031496593
58.0 0.000912123587829
59.0 0.000888118955627
60.0 0.000864974128554
61.0 0.000842648554176
62.0 0.000821104431738
63.0 0.000800306382611
64.0 0.000780221014435
65.0 0.000760816538582
66.0 0.000742062584977
67.0 0.000723930243187
68.0 0.000706392237538
69.0 0.000689423100831
70.0 0.000672999258524
71.0 0.000657099017427
72.0 0.000641702503423
73.0 0.000626791589459
74.0 0.000612349828312
75.0 0.000598362395297
76.0 0.00058481606178
77.0 0.000571699232368
78.0 0.000559002058223
79.0 0.000546716590405
80.0 0.000534836894521
81.0 0.000523359041395
82.0 0.000512280918312
83.0 0.000501601847616
84.0 0.000491322030961
85.0 0.000481441853617
86.0 0.000471961091804
87.0 0.000462878072421
88.0 0.00045418883504
89.0 0.000445886335567
90.0 0.000437959713689
91.0 0.000430393634793
92.0 0.000423167722756
93.0 0.000416256122412
94.0 0.00040962725693
95.0 0.000403243859979
96.0 0.000397063355804
97.0 0.000391038632723
98.0 0.000385119214788
99.0 0.000379252791842
100.0 0.000373387027759
101.0 0.000367471535628
102.0 0.000361459889983
103.0 0.000355311541029
104.0 0.00034899350347
105.0 0.000342481711003
106.0 0.00033576195434
107.0 0.000328830352857
108.0 0.000321693344396
109.0 0.000314367210706
110.0 0.000306877184095
111.0 0.000299256202058
112.0 0.000291543390902
113.0 0.000283782368045
114.0 0.000276019457206
115.0 0.000268301911421
116.0 0.000260676234624
117.0 0.00025318668195
118.0 0.000245874001587
119.0 0.000238774458256
120.0 0.000231919153548
121.0 0.000225333634979
122.0 0.000219037766813
123.0 0.000213045822983
124.0 0.000207366755878
125.0 0.000202004593548
126.0 0.000196958921044
127.0 0.000192225407936
128.0 0.000187796352521
129.0 0.000183661222406
130.0 0.000179807179578
131.0 0.0001762195842
132.0 0.000172882474512
133.0 0.000169779020202
134.0 0.000166891944469
135.0 0.000164203907224
136.0 0.000161697840052
137.0 0.000159357223875
138.0 0.000157166302995
139.0 0.000155110233826
140.0 0.00015317517205
141.0 0.000151348306675
142.0 0.00014961785274
143.0 0.00014797301543
144.0 0.000146403937569
145.0 0.00014490164015
146.0 0.000143457962687
147.0 0.000142065507292
148.0 0.000140717588002
149.0 0.000139408185168
150.0 0.00013813190373
151.0 0.000136883933826
152.0 0.000135660012332
153.0 0.000134456384423
154.0 0.000133269765037
155.0 0.000132097300909
156.0 0.000130936534458
157.0 0.000129785371001
158.0 0.000128642050422
159.0 0.00012750512351
160.0 0.000126373431956
161.0 0.000125246089851
162.0 0.000124122463741
163.0 0.000123002148383
164.0 0.00012188493621
165.0 0.000120770780143
166.0 0.000119659751302
167.0 0.000118551994905
168.0 0.000117447688672
169.0 0.000116347008136
170.0 0.000115250102301
171.0 0.00011415708134
172.0 0.000113068015934
173.0 0.000111982945883
174.0 0.000110901894283
175.0 0.000109824883089
176.0 0.00010875194637
177.0 0.000107683138778
178.0 0.000106618538395
179.0 0.000105558244709
180.0 0.000104502373635
181.0 0.000103451052004
182.0 0.000102404413731
183.0 0.000101362599091
184.0 0.000100325757478
185.0 9.92940529444e-05
186.0 9.82676710687e-05
187.0 9.72468253062e-05
188.0 9.62317610889e-05
189.0 9.52227563498e-05
190.0 9.42201178078e-05
191.0 9.32241730619e-05
192.0 9.22352592118e-05
193.0 9.12537092447e-05
194.0 9.02798377533e-05
195.0 8.93139276288e-05
196.0 8.83562192059e-05
197.0 8.74069029322e-05
198.0 8.6466116054e-05
199.0 8.55339431691e-05
200.0 8.46104199184e-05
201.0 8.36955387127e-05
202.0 8.27892553101e-05
203.0 8.18914952875e-05
204.0 8.10021599211e-05
205.0 8.01211315564e-05
206.0 7.92482790351e-05
207.0 7.83834639864e-05
208.0 7.75265486911e-05
209.0 7.66774057922e-05
210.0 7.58359294598e-05
211.0 7.50020469014e-05
212.0 7.41757285505e-05
213.0 7.33569950429e-05
214.0 7.25459193017e-05
215.0 7.17426226922e-05
216.0 7.09472651577e-05
217.0 7.01600303198e-05
218.0 6.93811074823e-05
219.0 6.86106731169e-05
220.0 6.78488745856e-05
221.0 6.7095818515e-05
222.0 6.63515654628e-05
223.0 6.56161314297e-05
224.0 6.4889495599e-05
225.0 6.41716126417e-05
226.0 6.34624271937e-05
227.0 6.27618878301e-05
228.0 6.20699580579e-05
229.0 6.13866224695e-05
230.0 6.0711887128e-05
231.0 6.00457742916e-05
232.0 5.93883125508e-05
233.0 5.87395241703e-05
234.0 5.8099411781e-05
235.0 5.7467946534e-05
236.0 5.68450594268e-05
237.0 5.62306368757e-05
238.0 5.56245208692e-05
239.0 5.50265133468e-05
240.0 5.44363839359e-05
241.0 5.38538799026e-05
242.0 5.32787371383e-05
243.0 5.2710691162e-05
244.0 5.21494873814e-05
245.0 5.15948901223e-05
246.0 5.10466901472e-05
247.0 5.05047104833e-05
248.0 4.99688103915e-05
249.0 4.94388872603e-05
250.0 4.89148761724e-05
251.0 4.83967469207e-05
252.0 4.78844983832e-05
253.0 4.73781504041e-05
254.0 4.68777336445e-05
255.0 4.63832781953e-05
256.0 4.58948020194e-05
257.0 4.54123004404e-05
258.0 4.49357378802e-05
259.0 4.44650428492e-05
260.0 4.40001068325e-05
261.0 4.35407872498e-05
262.0 4.30869141624e-05
263.0 4.26382999391e-05
264.0 4.21947507431e-05
265.0 4.17560785208e-05
266.0 4.13221121663e-05
267.0 4.08927067173e-05
268.0 4.046774975e-05
269.0 4.00471645383e-05
270.0 3.9630909965e-05
271.0 3.92189775424e-05
272.0 3.88113861881e-05
273.0 3.84081755627e-05
274.0 3.80093988146e-05
275.0 3.76151154958e-05
276.0 3.7225385259e-05
277.0 3.68402627313e-05
278.0 3.64597937485e-05
279.0 3.6084012937e-05
280.0 3.57129424825e-05
281.0 3.53465918228e-05
282.0 3.49849579644e-05
283.0 3.46280261177e-05
284.0 3.42757703879e-05
285.0 3.3928154312e-05
286.0 3.35851311099e-05
287.0 3.324664359e-05
288.0 3.29126237287e-05
289.0 3.25829920115e-05
290.0 3.22576566827e-05
291.0 3.19365130932e-05
292.0 3.16194433577e-05
293.0 3.13063165298e-05
294.0 3.09969894727e-05
295.0 3.06913085525e-05
296.0 3.03891122028e-05
297.0 3.00902343283e-05
298.0 2.97945084258e-05
299.0 2.95017722203e-05
