10.0 0.0181227015573
11.0 0.0120231424683
12.0 0.00758595117713
13.0 0.0044347003762
14.0 0.0022515607939
15.0 0.000782801898623
16.0 -0.000167474654303
17.0 -0.000747827334976
18.0 -0.00106928193818
19.0 -0.00121324305725
20.0 -0.00123823166637
21.0 -0.0011857546772
22.0 -0.00108505896267
23.0 -0.000956643688414
24.0 -0.000814698925304
25.0 -0.000668801147026
26.0 -0.000525181400741
27.0 -0.000387733428923
28.0 -0.000258781748445
29.0 -0.000139601996349
30.0 -3.07483738368e-05
31.0 6.77228120302e-05
32.0 0.000156079293616
33.0 0.000234781512446
34.0 0.000304399587073
35.0 0.000365569576069
36.0 0.000418964964164
37.0 0.000465264660464
38.0 0.000505121142115
39.0 0.00053914510011
40.0 0.000567910169049
41.0 0.00059196137203
42.0 0.000611811129167
43.0 0.000627926085951
44.0 0.000640720795238
45.0 0.000650565571721
46.0 0.000657799266716
47.0 0.000662734490095
48.0 0.000665654392535
49.0 0.000666809942903
50.0 0.000666423655092
51.0 0.000664696488951
52.0 0.000661811501856
53.0 0.000657932926143
54.0 0.00065320474176
55.0 0.00064775229996
56.0 0.000641686285631
57.0 0.000635106013107
58.0 0.000628100650097
59.0 0.000620749590632
60.0 0.000613123701249
61.0 0.000605287519873
62.0 0.000597300924762
63.0 0.000589218947138
64.0 0.000581089903094
65.0 0.000572953327975
66.0 0.000564839211813
67.0 0.00055676891427
68.0 0.0005487569173
69.0 0.000540812194394
70.0 0.000532938560547
71.0 0.000525134259302
72.0 0.000517391474445
73.0 0.000509696216373
74.0 0.00050202856002
75.0 0.000494363054388
76.0 0.000486669393355
77.0 0.000478913752945
78.0 0.000471061144995
79.0 0.0004630786968
80.0 0.000454939308471
81.0 0.000446625014356
82.0 0.000438129592999
83.0 0.000429460267505
84.0 0.000420638485904
85.0 0.000411699772801
86.0 0.000402692648081
87.0 0.00039367669794
88.0 0.000384719987461
89.0 0.000375896007207
90.0 0.00036728023715
91.0 0.00035894630559
92.0 0.000350961747665
93.0 0.000343383548166
94.0 0.000336253883013
95.0 0.000329596614068
96.0 0.000323415068611
97.0 0.000317691468142
98.0 0.000312388135716
99.0 0.000307450378381
100.0 0.000302810752092
101.0 0.00029839428518
102.0 0.000294124165152
103.0 0.000289927378696
104.0 0.000285739827797
105.0 0.000281510515823
106.0 0.000277204498795
107.0 0.000272804423267
108.0 0.000268310613351
109.0 0.000263739806181
110.0 0.000259122744007
111.0 0.000254500896459
112.0 0.0002499226103
113.0 0.000245438983089
114.0 0.00024109975062
115.0 0.000236949472568
116.0 0.000233024287731
117.0 0.000229349472997
118.0 0.000225937968908
119.0 0.000222789934726
120.0 0.00021989328709
121.0 0.000217225082361
122.0 0.000214753540141
123.0 0.000212440477907
124.0 0.00021024392748
125.0 0.000208120723077
126.0 0.00020602888082
127.0 0.000203929628351
128.0 0.000201788990144
129.0 0.000199578886799
130.0 0.000197277758831
131.0 0.000194870768557
132.0 0.000192349659907
133.0 0.000189712362451
134.0 0.000186962415264
135.0 0.000184108266424
136.0 0.00018116248405
137.0 0.000178140902535
138.0 0.0001750617258
139.0 0.000171944616078
140.0 0.000168809806228
141.0 0.000165677279649
142.0 0.000162566060243
143.0 0.000159493644861
144.0 0.000156475594747
145.0 0.000153525285252
146.0 0.000150653798458
147.0 0.000147869934138
148.0 0.000145180310797
149.0 0.000142589529226
150.0 0.000140100374053
151.0 0.000137714032561
152.0 0.000135430313848
153.0 0.000133247855475
154.0 0.000131164309368
155.0 0.000129176504206
156.0 0.000127280587107
157.0 0.000125472151904
158.0 0.000123746363209
159.0 0.000122098083956
160.0 0.00012052200938
161.0 0.00011901280394
162.0 0.000117565231679
163.0 0.00011617426723
164.0 0.000114835175387
165.0 0.000113543551978
166.0 0.000112295326205
167.0 0.000111086732426
168.0 0.000109914265267
169.0 0.000108774634091
170.0 0.000107664730896
171.0 0.000106581620191
172.0 0.000105522552036
173.0 0.000104484992306
174.0 0.000103466659166
175.0 0.000102465553039
176.0 0.00010147996925
177.0 0.000100508487315
178.0 9.95499371073e-05
179.0 9.8603348026e-05
180.0 9.76678911555e-05
181.0 9.67428254327e-05
182.0 9.58274568385e-05
183.0 9.49211155968e-05
184.0 9.40231516148e-05
185.0 9.31329443717e-05
186.0 9.22499211192e-05
187.0 9.13735768626e-05
188.0 9.05034907628e-05
189.0 8.96393355756e-05
190.0 8.87808787718e-05
191.0 8.79279755865e-05
192.0 8.70805553236e-05
193.0 8.6238602948e-05
194.0 8.54021385218e-05
195.0 8.45711974411e-05
196.0 8.37458145397e-05
197.0 8.29260146972e-05
198.0 8.21118114345e-05
199.0 8.13032131917e-05
200.0 8.05002349356e-05
201.0 7.97029110616e-05
202.0 7.89113048406e-05
203.0 7.81255102912e-05
204.0 7.73456442962e-05
205.0 7.65718295517e-05
206.0 7.58041717701e-05
207.0 7.50427366009e-05
208.0 7.42875323654e-05
209.0 7.35385036632e-05
210.0 7.27955384615e-05
211.0 7.20584880399e-05
212.0 7.13271959955e-05
213.0 7.06015302407e-05
214.0 6.98814111084e-05
215.0 6.91668295076e-05
216.0 6.84578512991e-05
217.0 6.77546071124e-05
218.0 6.70572699609e-05
219.0 6.63660255205e-05
220.0 6.56810412809e-05
221.0 6.50024407522e-05
222.0 6.43302875842e-05
223.0 6.36645822027e-05
224.0 6.30052709061e-05
225.0 6.23522648587e-05
226.0 6.17054645628e-05
227.0 6.10647845204e-05
228.0 6.04301730375e-05
229.0 5.98016233816e-05
230.0 5.91791744808e-05
231.0 5.85629016262e-05
232.0 5.79528997169e-05
233.0 5.73492630288e-05
234.0 5.67520660009e-05
235.0 5.6161349016e-05
236.0 5.55771117678e-05
237.0 5.4999314895e-05
238.0 5.4427888608e-05
239.0 5.38627455066e-05
240.0 5.330379405e-05
241.0 5.27509493291e-05
242.0 5.22041388165e-05
243.0 5.16633023081e-05
244.0 5.11283868949e-05
245.0 5.05993390876e-05
246.0 5.00760968336e-05
247.0 4.95585840189e-05
248.0 4.90467092074e-05
249.0 4.85403691253e-05
250.0 4.80394560894e-05
251.0 4.75438675511e-05
252.0 4.70535154151e-05
253.0 4.65683328982e-05
254.0 4.6088277321e-05
255.0 4.56133282137e-05
256.0 4.51434811801e-05
257.0 4.46787388749e-05
258.0 4.42191010027e-05
259.0 4.37645553623e-05
260.0 4.33150716398e-05
261.0 4.28705990118e-05
262.0 4.24310678021e-05
263.0 4.19963946372e-05
264.0 4.15664899094e-05
265.0 4.11412660081e-05
266.0 4.07206447575e-05
267.0 4.03045627799e-05
268.0 3.98929740092e-05
269.0 3.94858491884e-05
270.0 3.90831727654e-05
271.0 3.86849380433e-05
272.0 3.8291141665e-05
273.0 3.79017784935e-05
274.0 3.75168377286e-05
275.0 3.71363007268e-05
276.0 3.676014059e-05
277.0 3.63883232219e-05
278.0 3.60208093157e-05
279.0 3.56575566555e-05
280.0 3.52985221777e-05
281.0 3.49436634215e-05
282.0 3.45929392171e-05
283.0 3.42463096752e-05
284.0 3.39037356854e-05
285.0 3.35651781911e-05
286.0 3.3230597484e-05
287.0 3.28999526818e-05
288.0 3.25732014455e-05
289.0 3.22502999066e-05
290.0 3.1931202719e-05
291.0 3.16158631424e-05
292.0 3.13042330904e-05
293.0 3.09962631222e-05
294.0 3.06919024024e-05
295.0 3.03910986773e-05
296.0 3.00937983246e-05
297.0 2.97999465107e-05
298.0 2.95094874679e-05
299.0 2.92223648668e-05
