10.0 0.00584432887666
11.0 0.00551097736911
12.0 0.00520382182517
13.0 0.00492051486208
14.0 0.00465866168035
15.0 0.00441615003663
16.0 0.00419118889847
17.0 0.00398221544486
18.0 0.00378784679496
19.0 0.00360688823347
20.0 0.00343832025476
21.0 0.00328124631719
22.0 0.00313483614967
23.0 0.00299829220278
24.0 0.00287084272311
25.0 0.00275174909737
26.0 0.00264031283173
27.0 0.00253587645201
28.0 0.00243782234686
29.0 0.00234557468031
30.0 0.00225860387085
31.0 0.00217642973422
32.0 0.00209862138181
33.0 0.00202479503851
34.0 0.00195461153727
35.0 0.00188777386487
36.0 0.00182402383399
37.0 0.00176313723107
38.0 0.00170491831289
39.0 0.0016491952891
40.0 0.00159581729576
41.0 0.00154465177334
42.0 0.00149558116161
43.0 0.001448499272
44.0 0.00140330860605
45.0 0.00135991915246
46.0 0.00131824789169
47.0 0.00127821798697
48.0 0.00123975753664
49.0 0.00120279852486
50.0 0.00116727639166
51.0 0.00113312995296
52.0 0.00110030117523
53.0 0.00106873470918
54.0 0.00103837749853
55.0 0.00100917873125
56.0 0.000981090059914
57.0 0.00095406582939
58.0 0.000928063163368
59.0 0.000903041958795
60.0 0.000878964877718
61.0 0.000855797310378
62.0 0.000833507183694
63.0 0.000812064526986
64.0 0.000791440843471
65.0 0.000771608442433
66.0 0.00075253987554
67.0 0.000734207511342
68.0 0.000716583168339
69.0 0.000699637692987
70.0 0.00068334042676
71.0 0.000667658599585
72.0 0.000652556747816
73.0 0.000637996259916
74.0 0.000623935130815
75.0 0.000610327995613
76.0 0.000597126521212
77.0 0.000584280230902
78.0 0.000571737793102
79.0 0.000559448726528
80.0 0.000547365396052
81.0 0.000535445129609
82.0 0.00052365228088
83.0 0.000511960075479
84.0 0.000500352091266
85.0 0.000488823235152
86.0 0.00047738009976
87.0 0.00046604061966
88.0 0.000454832993465
89.0 0.00044379388639
90.0 0.00043296597638
91.0 0.000422394961605
92.0 0.000412126211596
93.0 0.000402201311029
94.0 0.000392654795667
95.0 0.000383511394866
96.0 0.000374784063897
97.0 0.000366473015138
98.0 0.000358565852562
99.0 0.000351038795875
100.0 0.000343858865526
101.0 0.00033698680166
102.0 0.00033038041984
103.0 0.000323998070619
104.0 0.000317801871269
105.0 0.000311760413845
106.0 0.000305850718862
107.0 0.000300059289605
108.0 0.000294382218166
109.0 0.000288824389143
110.0 0.000283397909919
111.0 0.000278119959332
112.0 0.000273010285402
113.0 0.000268088597161
114.0 0.000263372087711
115.0 0.000258873298483
116.0 0.000254598491397
117.0 0.000250546640135
118.0 0.000246709088788
119.0 0.000243069862149
120.0 0.000239606554013
121.0 0.000236291674206
122.0 0.000233094305961
123.0 0.000229981913971
124.0 0.000226922148646
125.0 0.00022388451077
126.0 0.000220841769127
127.0 0.000217771057652
128.0 0.000214654614609
129.0 0.000211480160398
130.0 0.0002082409397
131.0 0.00020493547531
132.0 0.000201567093768
133.0 0.000198143287135
134.0 0.000194674972176
135.0 0.000191175700489
136.0 0.000187660863238
137.0 0.000184146924416
138.0 0.000180650708351
139.0 0.000177188760876
140.0 0.000173776798654
141.0 0.000170429256989
142.0 0.000167158942164
143.0 0.000163976789743
144.0 0.000160891725383
145.0 0.000157910620043
146.0 0.000155038327553
147.0 0.000152277789803
148.0 0.000149630193431
149.0 0.000147095161894
150.0 0.000144670967839
151.0 0.000142354752635
152.0 0.000140142742333
153.0 0.000138030452037
154.0 0.000136012873476
155.0 0.000134084643112
156.0 0.000132240190226
157.0 0.000130473865846
158.0 0.000128780053929
159.0 0.000127153266039
160.0 0.000125588219974
161.0 0.000124079901932
162.0 0.000122623611204
163.0 0.000121214986456
164.0 0.000119850013504
165.0 0.000118525016012
166.0 0.000117236632302
167.0 0.000115981783057
168.0 0.000114757635576
169.0 0.000113561570122
170.0 0.000112391152829
171.0 0.000111244117705
172.0 0.000110118358066
173.0 0.000109011925635
174.0 0.000107923034091
175.0 0.000106850063305
176.0 0.000105791560909
177.0 0.000104746238993
178.0 0.000103712965336
179.0 0.000102690750123
180.0 0.000101678730222
181.0 0.0001006761536
182.0 9.96823661915e-05
183.0 9.86968027397e-05
184.0 9.7718982021e-05
185.0 9.67485057706e-05
186.0 9.57850598063e-05
187.0 9.48284154485e-05
188.0 9.38784293767e-05
189.0 9.29350404638e-05
190.0 9.19982627603e-05
191.0 9.10681745109e-05
192.0 9.01449037589e-05
193.0 8.92286116399e-05
194.0 8.83194748191e-05
195.0 8.74176686521e-05
196.0 8.65233525277e-05
197.0 8.56366584921e-05
198.0 8.47576837239e-05
199.0 8.38864868215e-05
200.0 8.30230873127e-05
201.0 8.21674674359e-05
202.0 8.13195751562e-05
203.0 8.04793275934e-05
204.0 7.96466144783e-05
205.0 7.88213017797e-05
206.0 7.80032360873e-05
207.0 7.71922505236e-05
208.0 7.63881728185e-05
209.0 7.55908357067e-05
210.0 7.48000891192e-05
211.0 7.40158129121e-05
212.0 7.32379283224e-05
213.0 7.24664061374e-05
214.0 7.17012698056e-05
215.0 7.09425923964e-05
216.0 7.019048731e-05
217.0 6.94450937472e-05
218.0 6.87065589451e-05
219.0 6.79750198392e-05
220.0 6.7250587004e-05
221.0 6.65333333782e-05
222.0 6.58232894861e-05
223.0 6.51204457517e-05
224.0 6.44247612953e-05
225.0 6.37361775144e-05
226.0 6.30546339869e-05
227.0 6.23800839184e-05
228.0 6.17125065305e-05
229.0 6.10519144027e-05
230.0 6.03983547086e-05
231.0 5.97519043461e-05
232.0 5.9112659951e-05
233.0 5.84807245426e-05
234.0 5.78561929424e-05
235.0 5.72391381119e-05
236.0 5.66296002005e-05
237.0 5.60275794817e-05
238.0 5.54330336462e-05
239.0 5.48458792414e-05
240.0 5.42659965387e-05
241.0 5.36932368212e-05
242.0 5.31274310382e-05
243.0 5.25683989018e-05
244.0 5.20159577314e-05
245.0 5.14699305911e-05
246.0 5.09301534346e-05
247.0 5.03964810477e-05
248.0 4.98687915595e-05
249.0 4.93469892299e-05
250.0 4.88310051716e-05
251.0 4.8320795695e-05
252.0 4.78163380987e-05
253.0 4.73176239845e-05
254.0 4.68246505033e-05
255.0 4.63374102949e-05
256.0 4.58558811727e-05
257.0 4.53800167798e-05
258.0 4.49097394351e-05
259.0 4.44449362018e-05
260.0 4.39854588494e-05
261.0 4.35311279089e-05
262.0 4.30817405056e-05
263.0 4.26370811768e-05
264.0 4.2196934517e-05
265.0 4.17610982892e-05
266.0 4.13293956296e-05
267.0 4.09016851362e-05
268.0 4.04778679458e-05
269.0 4.00578913039e-05
270.0 3.96417485625e-05
271.0 3.92294759268e-05
272.0 3.88211465807e-05
273.0 3.84168630005e-05
274.0 3.80167483298e-05
275.0 3.76209376298e-05
276.0 3.72295696774e-05
277.0 3.68427797892e-05
278.0 3.64606939418e-05
279.0 3.60834242674e-05
280.0 3.57110658478e-05
281.0 3.53436946271e-05
282.0 3.49813662055e-05
283.0 3.46241152615e-05
284.0 3.42719553694e-05
285.0 3.39248790175e-05
286.0 3.35828576883e-05
287.0 3.32458419197e-05
288.0 3.29137613299e-05
289.0 3.25865246484e-05
290.0 3.22640198443e-05
291.0 3.1946114487e-05
292.0 3.16326564938e-05
293.0 3.13234754224e-05
294.0 3.10183844442e-05
295.0 3.07171830885e-05
296.0 3.04196607854e-05
297.0 3.01256011619e-05
298.0 2.98347869652e-05
299.0 2.95470054181e-05
