10.0 0.00587342257014
11.0 0.00554204282633
12.0 0.00523493882067
13.0 0.00494983186301
14.0 0.00468464518091
15.0 0.00443774989978
16.0 0.00420790483419
17.0 0.00399407224258
18.0 0.00379530118952
19.0 0.00361069693826
20.0 0.00343939783028
21.0 0.00328053562144
22.0 0.00313320590447
23.0 0.00299646802307
24.0 0.00286937129335
25.0 0.00275099069788
26.0 0.00264045511588
27.0 0.00253696185139
28.0 0.00243978217635
29.0 0.00234826438422
30.0 0.00226183546037
31.0 0.002179999016
32.0 0.00210232889545
33.0 0.00202846062908
34.0 0.00195808317496
35.0 0.00189093171542
36.0 0.00182678073075
37.0 0.00176543666533
38.0 0.00170673090795
39.0 0.00165051451607
40.0 0.00159665497469
41.0 0.0015450337157
42.0 0.00149554316634
43.0 0.00144808358956
44.0 0.00140256092433
45.0 0.00135888612208
46.0 0.00131697518305
47.0 0.00127674884979
48.0 0.001238131811
49.0 0.00120105203361
50.0 0.00116544063105
51.0 0.00113123199526
52.0 0.00109836370554
53.0 0.00106677613636
54.0 0.00103641210333
55.0 0.00100721683746
56.0 0.000979138232628
57.0 0.000952127114868
58.0 0.000926137388278
59.0 0.000901126104058
60.0 0.000877053537424
61.0 0.000853883242067
62.0 0.000831581954294
63.0 0.000810119258797
64.0 0.000789467064805
65.0 0.000769599045076
66.0 0.000750490173352
67.0 0.000732116379461
68.0 0.000714454220724
69.0 0.000697480429725
70.0 0.000681171255491
71.0 0.000665501612646
72.0 0.000650444123406
73.0 0.000635968156333
74.0 0.000622038960858
75.0 0.000608617004913
76.0 0.000595657648705
77.0 0.00058311129866
78.0 0.000570924150568
79.0 0.000559039552968
80.0 0.000547399935071
81.0 0.000535949180398
82.0 0.00052463529243
83.0 0.000513413174394
84.0 0.000502247316922
85.0 0.000491114158911
86.0 0.000480003875086
87.0 0.000468921360601
88.0 0.000457886228083
89.0 0.000446931699944
90.0 0.000436102366186
91.0 0.000425450887395
92.0 0.000415033850648
93.0 0.000404907116042
94.0 0.000395121095392
95.0 0.000385716454301
96.0 0.000376720708043
97.0 0.000368146091248
98.0 0.000359988936154
99.0 0.000352230617154
100.0 0.000344839936137
101.0 0.000337776658216
102.0 0.000330995781893
103.0 0.000324452056308
104.0 0.000318104247997
105.0 0.000311918709046
106.0 0.000305871898797
107.0 0.000299951647346
108.0 0.000294157102104
109.0 0.00028849744822
110.0 0.000282989620944
111.0 0.000277655319351
112.0 0.000272517679137
113.0 0.000267597967509
114.0 0.000262912630554
115.0 0.000258470960873
116.0 0.000254273569999
117.0 0.000250311755757
118.0 0.000246567759307
119.0 0.00024301582011
120.0 0.000239623868125
121.0 0.000236355647636
122.0 0.000233173048602
123.0 0.000230038428198
124.0 0.000226916732601
125.0 0.000223777270999
126.0 0.000220595043556
127.0 0.000217351576644
128.0 0.000214035266904
129.0 0.00021064127651
130.0 0.000207171052493
131.0 0.000203631561266
132.0 0.00020003433568
133.0 0.000196394427163
134.0 0.000192729342759
135.0 0.000189058029444
136.0 0.000185399949653
137.0 0.000181774275171
138.0 0.000178199213187
139.0 0.000174691468763
140.0 0.000171265841651
141.0 0.000167934951292
142.0 0.000164709080855
143.0 0.000161596128644
144.0 0.000158601652898
145.0 0.000155728994049
146.0 0.000152979457242
147.0 0.000150352537545
148.0 0.000147846170935
149.0 0.0001454569957
150.0 0.000143180611097
151.0 0.00014101182282
152.0 0.000138944867626
153.0 0.000136973612421
154.0 0.000135091725749
155.0 0.000133292822053
156.0 0.000131570580821
157.0 0.000129918843788
158.0 0.000128331693508
159.0 0.000126803516024
160.0 0.00012532904917
161.0 0.000123903416852
162.0 0.000122522148692
163.0 0.000121181184283
164.0 0.000119876861949
165.0 0.000118605893266
166.0 0.000117365326345
167.0 0.000116152502384
168.0 0.000114965010894
169.0 0.000113800648908
170.0 0.000112657388395
171.0 0.000111533354226
172.0 0.000110426812799
173.0 0.000109336169359
174.0 0.0001082599706
175.0 0.000107196908568
176.0 0.000106145822326
177.0 0.000105105695003
178.0 0.000104075645488
179.0 0.000103054915633
180.0 0.000102042854975
181.0 0.000101038905554
182.0 0.000100042589171
183.0 9.90534986474e-05
184.0 9.807129358e-05
185.0 9.70956999484e-05
186.0 9.6126512136e-05
187.0 9.51635954778e-05
188.0 9.42068874696e-05
189.0 9.32563961504e-05
190.0 9.23121947691e-05
191.0 9.13744125445e-05
192.0 9.04432219887e-05
193.0 8.95188238091e-05
194.0 8.86014307657e-05
195.0 8.76912520008e-05
196.0 8.67884792566e-05
197.0 8.58932760608e-05
198.0 8.50057704574e-05
199.0 8.41260512727e-05
200.0 8.3254167379e-05
201.0 8.23901290717e-05
202.0 8.15339106012e-05
203.0 8.06854531138e-05
204.0 7.98446676956e-05
205.0 7.90114387202e-05
206.0 7.81856281278e-05
207.0 7.7367081426e-05
208.0 7.65556360366e-05
209.0 7.57511321125e-05
210.0 7.49534252391e-05
211.0 7.41623996913e-05
212.0 7.33779803606e-05
213.0 7.2600141267e-05
214.0 7.18289088322e-05
215.0 7.10643587915e-05
216.0 7.03066066502e-05
217.0 6.95557927282e-05
218.0 6.88120638598e-05
219.0 6.80755544936e-05
220.0 6.73463701329e-05
221.0 6.6624575713e-05
222.0 6.59101906959e-05
223.0 6.52031915276e-05
224.0 6.45035208596e-05
225.0 6.38111018188e-05
226.0 6.31258548115e-05
227.0 6.24477140086e-05
228.0 6.17766408177e-05
229.0 6.1112632259e-05
230.0 6.04557230968e-05
231.0 5.98059816511e-05
232.0 5.91635002282e-05
233.0 5.85283818899e-05
234.0 5.79007257028e-05
235.0 5.72806126372e-05
236.0 5.6668093947e-05
237.0 5.60631832666e-05
238.0 5.54658529582e-05
239.0 5.48760345639e-05
240.0 5.42936227097e-05
241.0 5.37184815142e-05
242.0 5.31504524944e-05
243.0 5.25893630851e-05
244.0 5.20350351029e-05
245.0 5.14872927107e-05
246.0 5.09459695973e-05
247.0 5.04109151444e-05
248.0 4.98819993242e-05
249.0 4.93591159942e-05
250.0 4.88421842014e-05
251.0 4.83311471303e-05
252.0 4.78259684692e-05
253.0 4.73266262287e-05
254.0 4.68331043875e-05
255.0 4.63453831071e-05
256.0 4.58634285679e-05
257.0 4.53871836623e-05
258.0 4.49165607934e-05
259.0 4.44514378437e-05
260.0 4.39916580254e-05
261.0 4.35370338472e-05
262.0 4.30873549101e-05
263.0 4.26423987569e-05
264.0 4.22019436202e-05
265.0 4.17657816989e-05
266.0 4.1333731567e-05
267.0 4.09056484772e-05
268.0 4.04814316307e-05
269.0 4.00610278873e-05
270.0 3.96444318249e-05
271.0 3.92316824556e-05
272.0 3.88228572191e-05
273.0 3.84180640725e-05
274.0 3.8017432561e-05
275.0 3.76211047067e-05
276.0 3.7229226415e-05
277.0 3.68419399034e-05
278.0 3.64593774512e-05
279.0 3.60816565697e-05
280.0 3.57088765386e-05
281.0 3.53411161372e-05
282.0 3.49784323425e-05
283.0 3.46208597414e-05
284.0 3.426841042e-05
285.0 3.39210741268e-05
286.0 3.3578818558e-05
287.0 3.32415896702e-05
288.0 3.29093119852e-05
289.0 3.25818889103e-05
290.0 3.22592031506e-05
291.0 3.19411173279e-05
292.0 3.16274749492e-05
293.0 3.13181018692e-05
294.0 3.10128083756e-05
295.0 3.07113919839e-05
296.0 3.04136409707e-05
297.0 3.01193386048e-05
298.0 2.98282679601e-05
299.0 2.95402171293e-05
