10.0 0.00582736908778
11.0 0.00549123309332
12.0 0.0051820508658
13.0 0.00489767540004
14.0 0.00463579488583
15.0 0.00439425783603
16.0 0.00417112537836
17.0 0.00396460555675
18.0 0.00377303976655
19.0 0.00359494682372
20.0 0.00342904180049
21.0 0.0032742080276
22.0 0.00312945546935
23.0 0.00299389307809
24.0 0.00286671984836
25.0 0.00274722418225
26.0 0.00263477915066
27.0 0.0025288300382
28.0 0.00242887993735
29.0 0.00233447978535
30.0 0.0022452231155
31.0 0.00216074195557
32.0 0.00208070195573
33.0 0.00200479766121
34.0 0.00193274930038
35.0 0.00186430102239
36.0 0.0017992192276
37.0 0.00173728995713
38.0 0.00167831590037
39.0 0.00162211441858
40.0 0.00156851692117
41.0 0.00151736840042
42.0 0.00146852597755
43.0 0.00142185679855
44.0 0.00137723655242
45.0 0.00133454916676
46.0 0.00129368694327
47.0 0.00125455015205
48.0 0.00121704600151
49.0 0.00118108766109
50.0 0.00114659379473
51.0 0.0011134883664
52.0 0.00108170024814
53.0 0.00105116255462
54.0 0.0010218120358
55.0 0.000993588807618
56.0 0.000966436357971
57.0 0.000940301576559
58.0 0.000915134670551
59.0 0.000890889025748
60.0 0.000867521113668
61.0 0.000844990428953
62.0 0.000823259340885
63.0 0.000802292779042
64.0 0.0007820578075
65.0 0.000762523245191
66.0 0.000743659474218
67.0 0.000725438462673
68.0 0.000707833907376
69.0 0.000690821358808
70.0 0.000674378237881
71.0 0.000658483736592
72.0 0.000643118645455
73.0 0.000628265148077
74.0 0.000613906597815
75.0 0.000600027284005
76.0 0.000586612213561
77.0 0.00057364694904
78.0 0.000561117527494
79.0 0.000549010439829
80.0 0.00053731261131
81.0 0.000526011320085
82.0 0.000515094021838
83.0 0.000504548090263
84.0 0.000494360511395
85.0 0.000484517579919
86.0 0.000475004645054
87.0 0.000465805948278
88.0 0.000456904581825
89.0 0.000448282571693
90.0 0.000439921057424
91.0 0.000431800517501
92.0 0.000423900987015
93.0 0.000416202234203
94.0 0.000408683893164
95.0 0.000401325575991
96.0 0.000394106998895
97.0 0.00038700815279
98.0 0.000380009535151
99.0 0.00037309244344
100.0 0.000366239316143
101.0 0.00035943409794
102.0 0.000352662601398
103.0 0.000345912838331
104.0 0.00033917529823
105.0 0.000332443157151
106.0 0.000325712407163
107.0 0.000318981902811
108.0 0.000312253326661
109.0 0.000305531079757
110.0 0.000298822104187
111.0 0.000292135644029
112.0 0.000285482949339
113.0 0.0002788769278
114.0 0.000272331751664
115.0 0.000265862433448
116.0 0.00025948439021
117.0 0.000253213020167
118.0 0.000247063314853
119.0 0.000241049524685
120.0 0.000235184887509
121.0 0.000229481420948
122.0 0.000223949772356
123.0 0.000218599116066
124.0 0.000213437086373
125.0 0.000208469735694
126.0 0.000203701510021
127.0 0.000199135237503
128.0 0.00019477213025
129.0 0.000190611803517
130.0 0.000186652319243
131.0 0.00018289026153
132.0 0.000179320849592
133.0 0.000175938089144
134.0 0.000172734957295
135.0 0.000169703610228
136.0 0.000166835599012
137.0 0.000164122077798
138.0 0.000161553990633
139.0 0.000159122227576
140.0 0.000156817746408
141.0 0.00015463166153
142.0 0.00015255530559
143.0 0.000150580271288
144.0 0.000148698440831
145.0 0.000146902009126
146.0 0.000145183504693
147.0 0.000143535810153
148.0 0.000141952182404
149.0 0.000140426271408
150.0 0.000138952136001
151.0 0.000137524255052
152.0 0.000136137532741
153.0 0.000134787297405
154.0 0.0001334692943
155.0 0.000132179673479
156.0 0.000130914974666
157.0 0.000129672111164
158.0 0.000128448354504
159.0 0.000127241320566
160.0 0.000126048956688
161.0 0.000124869528018
162.0 0.000123701600625
163.0 0.000122544018819
164.0 0.00012139587505
165.0 0.000120256472265
166.0 0.000119125280516
167.0 0.000118001891287
168.0 0.000116885974004
169.0 0.000115777239251
170.0 0.000114675412206
171.0 0.000113580218063
172.0 0.000112491379078
173.0 0.000111408620896
174.0 0.000110331684482
175.0 0.000109260339472
176.0 0.000108194395261
177.0 0.000107133707349
178.0 0.000106078178111
179.0 0.000105027752733
180.0 0.000103982412221
181.0 0.000102942165922
182.0 0.000101907045745
183.0 0.000100877103552
184.0 9.98524120627e-05
185.0 9.88330686408e-05
186.0 9.78192004863e-05
187.0 9.68109694607e-05
188.0 9.580857482e-05
189.0 9.48122525761e-05
190.0 9.38222708482e-05
191.0 9.2838921277e-05
192.0 9.18625072301e-05
193.0 9.08933300365e-05
194.0 8.99316747969e-05
195.0 8.89777973799e-05
196.0 8.80319140355e-05
197.0 8.70941946332e-05
198.0 8.61647599499e-05
199.0 8.52436827834e-05
200.0 8.43309920894e-05
201.0 8.34266789732e-05
202.0 8.25307032973e-05
203.0 8.16429999109e-05
204.0 8.07634839992e-05
205.0 7.98920556397e-05
206.0 7.90286041605e-05
207.0 7.81730131592e-05
208.0 7.73251669575e-05
209.0 7.64849588489e-05
210.0 7.56523008339e-05
211.0 7.48271338254e-05
212.0 7.40094367386e-05
213.0 7.31992326472e-05
214.0 7.23965903779e-05
215.0 7.16016205356e-05
216.0 7.08144658779e-05
217.0 7.00352870032e-05
218.0 6.9264245256e-05
219.0 6.85014853684e-05
220.0 6.77471205234e-05
221.0 6.70012221799e-05
222.0 6.62638162203e-05
223.0 6.55348859005e-05
224.0 6.48143809205e-05
225.0 6.41022308993e-05
226.0 6.33983608237e-05
227.0 6.27027057701e-05
228.0 6.20152224103e-05
229.0 6.13358954455e-05
230.0 6.0664738048e-05
231.0 6.00017864352e-05
232.0 5.934708967e-05
233.0 5.87006964992e-05
234.0 5.80626414004e-05
235.0 5.74329319652e-05
236.0 5.68115393513e-05
237.0 5.6198392894e-05
238.0 5.55933792293e-05
239.0 5.49963455918e-05
240.0 5.44071064404e-05
241.0 5.38254522896e-05
242.0 5.32511595947e-05
243.0 5.26840007002e-05
244.0 5.21237531252e-05
245.0 5.15702077313e-05
246.0 5.10231755253e-05
247.0 5.04824929531e-05
248.0 4.9948025541e-05
249.0 4.94196696961e-05
250.0 4.88973524246e-05
251.0 4.83810287519e-05
252.0 4.78706767452e-05
253.0 4.73662902682e-05
254.0 4.68678698991e-05
255.0 4.63754127631e-05
256.0 4.58889022927e-05
257.0 4.54082990784e-05
258.0 4.49335339481e-05
259.0 4.44645042206e-05
260.0 4.40010737198e-05
261.0 4.35430766813e-05
262.0 4.30903251864e-05
263.0 4.26426193131e-05
264.0 4.21997588567e-05
265.0 4.1761555305e-05
266.0 4.13278427606e-05
267.0 4.08984866955e-05
268.0 4.04733897408e-05
269.0 4.0052494123e-05
270.0 3.96357807757e-05
271.0 3.9223265532e-05
272.0 3.88149930801e-05
273.0 3.8411029525e-05
274.0 3.80114544274e-05
275.0 3.76163531034e-05
276.0 3.72258098046e-05
277.0 3.68399021768e-05
278.0 3.64586971781e-05
279.0 3.60822484342e-05
280.0 3.5710594855e-05
281.0 3.53437602402e-05
282.0 3.49817535527e-05
283.0 3.46245695463e-05
284.0 3.42721894693e-05
285.0 3.39245816297e-05
286.0 3.35817016819e-05
287.0 3.32434925762e-05
288.0 3.29098841919e-05
289.0 3.25807927445e-05
290.0 3.22561201218e-05
291.0 3.19357533438e-05
292.0 3.1619564363e-05
293.0 3.13074104195e-05
294.0 3.09991351303e-05
295.0 3.0694570438e-05
296.0 3.0393539467e-05
297.0 3.0095860246e-05
298.0 2.98013501664e-05
299.0 2.95098309645e-05
