10.0 0.00164499164032
11.0 0.00153673942637
12.0 0.00143833849591
13.0 0.00134878280767
14.0 0.00126708850087
15.0 0.00119235972182
16.0 0.00112381327217
17.0 0.00106077619118
18.0 0.00100267183957
19.0 0.000949004638446
20.0 0.00089934591286
21.0 0.000853321039598
22.0 0.000810598724062
23.0 0.00077088297471
24.0 0.000733907449435
25.0 0.000699431515145
26.0 0.000667237526907
27.0 0.000637128939605
28.0 0.000608928820599
29.0 0.000582478378971
30.0 0.000557635340112
31.0 0.00053427220141
32.0 0.000512274468497
33.0 0.000491538943763
34.0 0.000471972131936
35.0 0.000453488856893
36.0 0.000436011183129
37.0 0.000419467665933
38.0 0.000403792854704
39.0 0.000388926912866
40.0 0.000374815229647
41.0 0.000361407963965
42.0 0.000348659532446
43.0 0.000336528095167
44.0 0.000324975094814
45.0 0.000313964880885
46.0 0.000303464420938
47.0 0.000293443080352
48.0 0.000283872445025
49.0 0.000274726164599
50.0 0.000265979801554
51.0 0.000257610679695
52.0 0.00024959773189
53.0 0.000241921351163
54.0 0.00023456325107
55.0 0.000227506341085
56.0 0.000220734620608
57.0 0.000214233092108
58.0 0.000207987690791
59.0 0.000201985226233
60.0 0.000196213331044
61.0 0.000190660412946
62.0 0.00018531560886
63.0 0.00018016874186
64.0 0.000175210283367
65.0 0.000170431323372
66.0 0.000165823550802
67.0 0.00016137924497
68.0 0.000157091277688
69.0 0.00015295312465
70.0 0.000148958884112
71.0 0.000145103300541
72.0 0.000141381790531
73.0 0.00013779046747
74.0 0.000134326160083
75.0 0.000130986418103
76.0 0.000127769496303
77.0 0.000124674306429
78.0 0.000121700325894
79.0 0.000118847452967
80.0 0.000116115801089
81.0 0.00011350543004
82.0 0.000111016018817
83.0 0.000108646493665
84.0 0.000106394633863
85.0 0.000104256686299
86.0 0.000102227026207
87.0 0.000100297904315
88.0 9.84593189716e-05
89.0 9.66990451036e-05
90.0 9.50028401921e-05
91.0 9.33548318695e-05
92.0 9.17380738617e-05
93.0 9.0135239004e-05
94.0 8.85294023025e-05
95.0 8.69048556386e-05
96.0 8.5247890336e-05
97.0 8.35474852132e-05
98.0 8.1795845775e-05
99.0 7.99887538183e-05
100.0 7.81257041677e-05
101.0 7.62098243403e-05
102.0 7.42475914172e-05
103.0 7.22483762533e-05
104.0 7.02238568973e-05
105.0 6.81873498621e-05
106.0 6.61531095277e-05
107.0 6.41356429359e-05
108.0 6.21490804716e-05
109.0 6.02066336358e-05
110.0 5.83201605876e-05
111.0 5.64998495744e-05
112.0 5.47540207608e-05
113.0 5.30890390209e-05
114.0 5.15093243483e-05
115.0 5.00174427811e-05
116.0 4.86142589949e-05
117.0 4.72991316977e-05
118.0 4.60701342702e-05
119.0 4.49242853246e-05
120.0 4.38577766003e-05
121.0 4.28661885427e-05
122.0 4.1944686751e-05
123.0 4.10881950503e-05
124.0 4.02915431263e-05
125.0 3.95495884111e-05
126.0 3.88573132269e-05
127.0 3.82098991082e-05
128.0 3.76027807929e-05
129.0 3.70316826562e-05
130.0 3.64926404224e-05
131.0 3.59820108918e-05
132.0 3.54964722089e-05
133.0 3.50330169211e-05
134.0 3.45889397679e-05
135.0 3.41618218248e-05
136.0 3.37495123235e-05
137.0 3.33501091894e-05
138.0 3.2961939096e-05
139.0 3.25835376242e-05
140.0 3.22136299464e-05
141.0 3.18511123149e-05
142.0 3.14950345369e-05
143.0 3.11445835355e-05
144.0 3.07990680506e-05
145.0 3.04579044931e-05
146.0 3.01206039479e-05
147.0 2.97867603031e-05
148.0 2.9456039477e-05
149.0 2.91281697024e-05
150.0 2.88029328209e-05
151.0 2.84801565333e-05
152.0 2.81597075418e-05
153.0 2.78414855174e-05
154.0 2.75254178207e-05
155.0 2.72114549041e-05
156.0 2.68995663291e-05
157.0 2.6589737332e-05
158.0 2.62819658812e-05
159.0 2.59762601721e-05
160.0 2.567263651e-05
161.0 2.53711175362e-05
162.0 2.5071730753e-05
163.0 2.47745073081e-05
164.0 2.44794809997e-05
165.0 2.41866874688e-05
166.0 2.38961635498e-05
167.0 2.36079467549e-05
168.0 2.33220748733e-05
169.0 2.3038585669e-05
170.0 2.27575166628e-05
171.0 2.24789049817e-05
172.0 2.22027872589e-05
173.0 2.19291995609e-05
174.0 2.16581773155e-05
175.0 2.13897552132e-05
176.0 2.11239670557e-05
177.0 2.0860845528e-05
178.0 2.0600421881e-05
179.0 2.03427255215e-05
180.0 2.0087783521e-05
181.0 1.9835620065e-05
182.0 1.95862558807e-05
183.0 1.93397076859e-05
184.0 1.90959877083e-05
185.0 1.88551033222e-05
186.0 1.86170568449e-05
187.0 1.83818455236e-05
188.0 1.8149461728e-05
189.0 1.7919893349e-05
190.0 1.76931243852e-05
191.0 1.74691356824e-05
192.0 1.72479057809e-05
193.0 1.70294118127e-05
194.0 1.68136303909e-05
195.0 1.66005384328e-05
196.0 1.6390113865e-05
197.0 1.61823361713e-05
198.0 1.59771867535e-05
199.0 1.57746490949e-05
200.0 1.55747087262e-05
201.0 1.53773530103e-05
202.0 1.51825707719e-05
203.0 1.49903518049e-05
204.0 1.48006862989e-05
205.0 1.46135642242e-05
206.0 1.44289747158e-05
207.0 1.42469054927e-05
208.0 1.40673423438e-05
209.0 1.38902687032e-05
210.0 1.37156653334e-05
211.0 1.35435101253e-05
212.0 1.33737780171e-05
213.0 1.32064410303e-05
214.0 1.30414684154e-05
215.0 1.28788268964e-05
216.0 1.27184810019e-05
217.0 1.25603934717e-05
218.0 1.24045257239e-05
219.0 1.22508383716e-05
220.0 1.20992917766e-05
221.0 1.19498466257e-05
222.0 1.1802464518e-05
223.0 1.1657108544e-05
224.0 1.15137438404e-05
225.0 1.13723380977e-05
226.0 1.1232861997e-05
227.0 1.10952895524e-05
228.0 1.09595983327e-05
229.0 1.08257695427e-05
230.0 1.06937879447e-05
231.0 1.05636416118e-05
232.0 1.04353215113e-05
233.0 1.03088209281e-05
234.0 1.01841347491e-05
235.0 1.00612586394e-05
236.0 9.94018815087e-06
237.0 9.82091781017e-06
238.0 9.70344023603e-06
239.0 9.58774533546e-06
240.0 9.47381962434e-06
241.0 9.36164570981e-06
242.0 9.25120196154e-06
243.0 9.14246238596e-06
244.0 9.03539670476e-06
245.0 8.92997062558e-06
246.0 8.82614628147e-06
247.0 8.72388280676e-06
248.0 8.62313701056e-06
249.0 8.52386410654e-06
250.0 8.42601845819e-06
251.0 8.3295543021e-06
252.0 8.23442641788e-06
253.0 8.14059072068e-06
254.0 8.04800476099e-06
255.0 7.95662812444e-06
256.0 7.8664227322e-06
257.0 7.77735304866e-06
258.0 7.68938620786e-06
259.0 7.6024920726e-06
260.0 7.51664324104e-06
261.0 7.43181501454e-06
262.0 7.34798533848e-06
263.0 7.26513472451e-06
264.0 7.18324615936e-06
265.0 7.10230500202e-06
266.0 7.02229886803e-06
267.0 6.94321749797e-06
268.0 6.86505260584e-06
269.0 6.78779770337e-06
270.0 6.71144789706e-06
271.0 6.63599965681e-06
272.0 6.56145055736e-06
273.0 6.48779899627e-06
274.0 6.41504389519e-06
275.0 6.34318439308e-06
276.0 6.27221954215e-06
277.0 6.20214801798e-06
278.0 6.13296785566e-06
279.0 6.06467622289e-06
280.0 5.99726923939e-06
281.0 5.93074184982e-06
282.0 5.86508775465e-06
283.0 5.80029940007e-06
284.0 5.7363680254e-06
285.0 5.67328376301e-06
286.0 5.61103578348e-06
287.0 5.54961247661e-06
288.0 5.4890016573e-06
289.0 5.429190785e-06
290.0 5.37016718487e-06
291.0 5.31191826003e-06
292.0 5.2544316849e-06
293.0 5.19769557192e-06
294.0 5.14169860525e-06
295.0 5.08643013777e-06
296.0 5.03188024933e-06
297.0 4.97803976679e-06
298.0 4.9249002477e-06
299.0 4.8724539315e-06
