10.0 0.00589944759513
11.0 0.0055488592957
12.0 0.00522738670331
13.0 0.00493259489576
14.0 0.00466192543652
15.0 0.00441294865768
16.0 0.00418347897275
17.0 0.00397159076152
18.0 0.00377558001365
19.0 0.0035939164961
20.0 0.0034252244126
21.0 0.00326828224752
22.0 0.00312201210022
23.0 0.00298545676499
24.0 0.00285775743328
25.0 0.002738137226
26.0 0.00262589259733
27.0 0.00252039239455
28.0 0.00242107603102
29.0 0.00232744201397
30.0 0.00223903135077
31.0 0.00215541895807
32.0 0.00207621714599
33.0 0.00200108125326
34.0 0.00192970718603
35.0 0.00186182233795
36.0 0.00179717863643
37.0 0.00173555177976
38.0 0.00167674279511
39.0 0.00162057695219
40.0 0.0015668997902
41.0 0.00151557310803
42.0 0.00146647239078
43.0 0.00141948478687
44.0 0.00137450661766
45.0 0.00133144065492
46.0 0.00129019390465
47.0 0.00125067619745
48.0 0.00121279959027
49.0 0.00117647868362
50.0 0.00114163181589
51.0 0.00110818255996
52.0 0.00107606066664
53.0 0.00104520202624
54.0 0.00101554795107
55.0 0.000987044394578
56.0 0.000959641434587
57.0 0.000933292909204
58.0 0.000907955979851
59.0 0.000883590607096
60.0 0.000860159117508
61.0 0.000837625982111
62.0 0.000815957716915
63.0 0.000795122698779
64.0 0.000775090771857
65.0 0.000755832697948
66.0 0.000737319612727
67.0 0.000719522619939
68.0 0.000702412537832
69.0 0.000685959699794
70.0 0.000670133668371
71.0 0.000654902761246
72.0 0.000640233383271
73.0 0.000626089265598
74.0 0.00061243079
75.0 0.000599214603311
76.0 0.000586393705899
77.0 0.000573918140178
78.0 0.000561736318433
79.0 0.000549796922919
80.0 0.000538051207052
81.0 0.000526455456502
82.0 0.00051497335502
83.0 0.00050357803518
84.0 0.000492253648348
85.0 0.000480996330792
86.0 0.000469814466676
87.0 0.000458728170024
88.0 0.000447767947684
89.0 0.000436972571752
90.0 0.000426386273066
91.0 0.00041605544961
92.0 0.000406025149564
93.0 0.000396335628477
94.0 0.000387019287421
95.0 0.000378098270181
96.0 0.000369582933829
97.0 0.000361471317388
98.0 0.000353749632478
99.0 0.000346393702846
100.0 0.000339371196598
101.0 0.000332644430339
102.0 0.000326173480617
103.0 0.000319919318112
104.0 0.000313846687262
105.0 0.000307926488933
106.0 0.000302137481503
107.0 0.000296467187476
108.0 0.000290911968571
109.0 0.000285476304904
110.0 0.000280171378741
111.0 0.000275013117653
112.0 0.000270019892498
113.0 0.000265210088939
114.0 0.000260599774197
115.0 0.000256200662445
116.0 0.000252018544562
117.0 0.000248052295402
118.0 0.000244293510705
119.0 0.000240726763617
120.0 0.000237330414681
121.0 0.00023407786518
122.0 0.000230939115811
123.0 0.000227882482098
124.0 0.000224876323355
125.0 0.000221890659835
126.0 0.000218898578378
127.0 0.00021587735581
128.0 0.000212809257925
129.0 0.000209681997946
130.0 0.000206488861133
131.0 0.000203228521679
132.0 0.000199904594508
133.0 0.000196524977599
134.0 0.000193101049398
135.0 0.000189646789432
136.0 0.000186177887786
137.0 0.000182710900732
138.0 0.00017926249669
139.0 0.000175848821132
140.0 0.000172484993311
141.0 0.000169184734331
142.0 0.000165960116182
143.0 0.000162821415595
144.0 0.000159777054344
145.0 0.000156833607876
146.0 0.000153995865976
147.0 0.000151266931555
148.0 0.000148648346121
149.0 0.000146140232838
150.0 0.000143741450116
151.0 0.000141449750506
152.0 0.000139261941119
153.0 0.000137174042911
154.0 0.000135181446927
155.0 0.000133279065891
156.0 0.000131461479497
157.0 0.000129723071416
158.0 0.00012805815555
159.0 0.000126461088712
160.0 0.000124926366814
161.0 0.000123448702069
162.0 0.000122023079689
163.0 0.000120644794029
164.0 0.000119309465826
165.0 0.000118013043851
166.0 0.000116751795537
167.0 0.000115522291681
168.0 0.000114321390069
169.0 0.000113146221791
170.0 0.000111994182387
171.0 0.000110862928038
172.0 0.000109750375256
173.0 0.000108654701216
174.0 0.000107574341294
175.0 0.000106507980617
176.0 0.00010545453745
177.0 0.000104413137785
178.0 0.000103383082269
179.0 0.000102363808205
180.0 0.00010135485047
181.0 0.000100355805574
182.0 9.9366302615e-05
183.0 9.838598375e-05
184.0 9.74144951333e-05
185.0 9.64514874826e-05
186.0 9.54966238453e-05
187.0 9.45495910786e-05
188.0 9.36101112182e-05
189.0 9.26779493443e-05
190.0 9.17529156574e-05
191.0 9.0834860998e-05
192.0 8.99236666735e-05
193.0 8.90192308362e-05
194.0 8.81214545249e-05
195.0 8.723023065e-05
196.0 8.63454386639e-05
197.0 8.54669465273e-05
198.0 8.45946201077e-05
199.0 8.37283386285e-05
200.0 8.28680135233e-05
201.0 8.20136072908e-05
202.0 8.11651488091e-05
203.0 8.03227420814e-05
204.0 7.94865664298e-05
205.0 7.86568675366e-05
206.0 7.78339401924e-05
207.0 7.70181049037e-05
208.0 7.62096814061e-05
209.0 7.54089625039e-05
210.0 7.46161914576e-05
211.0 7.38315454517e-05
212.0 7.30551266292e-05
213.0 7.22869610057e-05
214.0 7.15270044639e-05
215.0 7.07751541881e-05
216.0 7.00312634254e-05
217.0 6.92951573934e-05
218.0 6.85666484459e-05
219.0 6.78455491318e-05
220.0 6.7131682408e-05
221.0 6.64248888335e-05
222.0 6.57250309946e-05
223.0 6.5031995629e-05
224.0 6.43456939397e-05
225.0 6.36660604867e-05
226.0 6.29930508882e-05
227.0 6.23266384449e-05
228.0 6.16668097667e-05
229.0 6.10135595664e-05
230.0 6.03668849399e-05
231.0 5.97267796453e-05
232.0 5.90932290316e-05
233.0 5.84662063087e-05
234.0 5.78456707446e-05
235.0 5.72315681355e-05
236.0 5.66238335616e-05
237.0 5.60223960754e-05
238.0 5.54271846551e-05
239.0 5.48381345576e-05
240.0 5.42551931555e-05
241.0 5.36783244619e-05
242.0 5.3107511784e-05
243.0 5.25427582686e-05
244.0 5.19840854262e-05
245.0 5.14315299947e-05
246.0 5.08851396803e-05
247.0 5.03449683742e-05
248.0 4.98110713939e-05
249.0 4.92835011648e-05
250.0 4.87623035789e-05
251.0 4.82475150848e-05
252.0 4.7739160407e-05
253.0 4.72372506948e-05
254.0 4.67417818625e-05
255.0 4.62527329149e-05
256.0 4.57700641315e-05
257.0 4.52937151067e-05
258.0 4.48236027775e-05
259.0 4.4359619707e-05
260.0 4.39016329916e-05
261.0 4.34494842238e-05
262.0 4.30029909293e-05
263.0 4.25619498234e-05
264.0 4.2126142072e-05
265.0 4.16953405258e-05
266.0 4.12693186338e-05
267.0 4.08478604642e-05
268.0 4.04307710215e-05
269.0 4.0017885869e-05
270.0 3.96090790029e-05
271.0 3.92042679963e-05
272.0 3.8803415639e-05
273.0 3.84065276462e-05
274.0 3.80136464412e-05
275.0 3.76248414901e-05
276.0 3.72401971108e-05
277.0 3.68597990274e-05
278.0 3.64837211372e-05
279.0 3.61120139663e-05
280.0 3.57446961058e-05
281.0 3.53817495623e-05
282.0 3.50231194797e-05
283.0 3.46687181537e-05
284.0 3.4318432749e-05
285.0 3.39721357065e-05
286.0 3.36296965473e-05
287.0 3.32909936767e-05
288.0 3.29559248633e-05
289.0 3.26244153011e-05
290.0 3.22964225029e-05
291.0 3.19719376859e-05
292.0 3.16509837157e-05
293.0 3.13336100428e-05
294.0 3.10198853446e-05
295.0 3.07098887551e-05
296.0 3.04037006216e-05
297.0 3.01013936745e-05
298.0 2.98030253589e-05
299.0 2.95086318751e-05
