10.0 0.014389559548631104
11.0 0.013449735440661985
12.0 0.012586747398579144
13.0 0.011792347575766807
14.0 0.011058446567577266
15.0 0.01037783691014316
16.0 0.009744240755550526
17.0 0.009152073565277715
18.0 0.008596362499387274
19.0 0.008072827572468674
20.0 0.007577902785815239
21.0 0.007108638373648532
22.0 0.006662570187146242
23.0 0.0062376272011314664
24.0 0.005832088544527181
25.0 0.005444562602005174
26.0 0.005073955759589242
27.0 0.0047194214736691765
28.0 0.004380304916629114
29.0 0.004056100105803598
30.0 0.0037464203598840495
31.0 0.0034509728754487405
32.0 0.0031695325804316516
33.0 0.002901917847183374
34.0 0.002647971799548024
35.0 0.0024075491410450365
36.0 0.002180504993531871
37.0 0.0019666830099455196
38.0 0.0017659041505689098
39.0 0.0015779597028570589
40.0 0.0014026093330670312
41.0 0.0012395809113053
42.0 0.001088568933664757
43.0 0.000949232239602932
44.0 0.0008211941791958887
45.0 0.0007040465186572532
46.0 0.0005973549918767149
47.0 0.0005006637685252158
48.0 0.0004134984706466273
49.0 0.00033536937858884573
50.0 0.00026577590721509867
51.0 0.00020421162311229797
52.0 0.00015016848143075502
53.0 0.00010314000961873092
54.0 6.262425148527087e-05
55.0 2.812716651713433e-05
56.0 -8.337011884842703e-07
57.0 -2.4725950859025734e-05
58.0 -4.3999806080212375e-05
59.0 -5.908617769067407e-05
60.0 -7.039502317152075e-05
61.0 -7.831401619591146e-05
62.0 -8.320780149516514e-05
63.0 -8.541801588999136e-05
64.0 -8.526390616459037e-05
65.0 -8.304310419801859e-05
66.0 -7.903215793330375e-05
67.0 -7.34867132436888e-05
68.0 -6.664155447450201e-05
69.0 -5.871082330706689e-05
70.0 -4.988861431281229e-05
71.0 -4.034993481185188e-05
72.0 -3.025188912099978e-05
73.0 -1.9734958893826258e-05
74.0 -8.924322369842085e-06
75.0 2.0688214519506666e-06
76.0 1.3146002668304606e-05
77.0 2.4220421475605253e-05
78.0 3.5216152514892394e-05
79.0 4.6067566578427876e-05
80.0 5.671881903820165e-05
81.0 6.712324033817178e-05
82.0 7.724254015296882e-05
83.0 8.704583954263903e-05
84.0 9.650861420087101e-05
85.0 0.00010561165406946607
86.0 0.00011434014153446738
87.0 0.00012268293693184473
88.0 0.00013063212796011363
89.0 0.00013818283804181337
90.0 0.0001453332110109515
91.0 0.0001520844328543275
92.0 0.00015844064901535904
93.0 0.00016440869082433242
94.0 0.0001699976074561787
95.0 0.0001752180705775889
96.0 0.00018008175208320315
97.0 0.00018460076929094574
98.0 0.00018878726106145172
99.0 0.00019265311993907954
100.0 0.0001962098718808469
101.0 0.00019946867244706524
102.0 0.00020244037798208708
103.0 0.00020513565080119682
104.0 0.00020756506520510084
105.0 0.00020973919226788008
106.0 0.00021166865285017646
107.0 0.00021336413857647428
108.0 0.00021483640824337998
109.0 0.0002160962703957673
110.0 0.00021715456004025414
111.0 0.00021802210944387818
112.0 0.00021870970385984612
113.0 0.00021922800878567357
114.0 0.000219587460154516
115.0 0.00021979812203634218
116.0 0.0002198695323531058
117.0 0.00021981056814151815
118.0 0.0002196293625161058
119.0 0.00021933329506727348
120.0 0.00021892906009332076
121.0 0.00021842279911831892
122.0 0.00021782027095131423
123.0 0.000217127026630783
124.0 0.00021634855772550494
125.0 0.0002154903929303521
126.0 0.0002145581279062587
127.0 0.00021355738547344823
128.0 0.00021249371621821883
129.0 0.00021137246142726923
130.0 0.00021019860853367385
131.0 0.00020897667152724276
132.0 0.00020771062375395897
133.0 0.00020640389885999674
134.0 0.0002050594600403817
135.0 0.0002036799222792074
136.0 0.00020226770101425322
137.0 0.0002008251564339382
138.0 0.00019935470607384599
139.0 0.00019785888793429844
140.0 0.00019634036884221296
141.0 0.00019480190467203247
142.0 0.00019324626749546043
143.0 0.0001916761583732975
144.0 0.00019009412351942526
145.0 0.0001885024872798533
146.0 0.00018690330956055163
147.0 0.00018529836961663385
148.0 0.00018368917354796084
149.0 0.0001820769798881301
150.0 0.00018046283632660505
151.0 0.0001788476206425359
152.0 0.0001772320800708941
153.0 0.00017561686527564434
154.0 0.00017400255752571747
155.0 0.00017238969009790293
156.0 0.0001707787668007859
157.0 0.00016917028127117333
158.0 0.00016756473999387234
159.0 0.0001659626898909375
160.0 0.00016436474835090358
161.0 0.00016277163063931646
162.0 0.00016118416778567214
163.0 0.00015960330808705527
164.0 0.00015803009758207442
165.0 0.0001564656388368089
166.0 0.00015491103216848243
167.0 0.00015336730773117692
168.0 0.0001518353595025354
169.0 0.00015031589238189254
170.0 0.0001488093912362386
171.0 0.00014731611638245672
172.0 0.00014583612474535992
173.0 0.00014436931105360823
174.0 0.0001429154600636813
175.0 0.00014147429964697568
176.0 0.00014004554576463392
177.0 0.00013862893342908437
178.0 0.00013722423181166765
179.0 0.00013583124562128294
180.0 0.0001344498077818757
181.0 0.00013307976967113363
182.0 0.00013172099463812137
183.0 0.00013037335855932812
184.0 0.00012903675850765088
185.0 0.00012771112797428232
186.0 0.00012639645514057145
187.0 0.00012509279980296015
188.0 0.000123800304746758
189.0 0.00012251919842783013
190.0 0.00012124978740652828
191.0 0.00011999243872292661
192.0 0.0001187475540064783
193.0 0.00011751553836172925
194.0 0.00011629676782229446
195.0 0.00011509155933031657
196.0 0.00011390014674594835
197.0 0.00011272266536706385
198.0 0.00011155914599488707
199.0 0.00011040951797913924
200.0 0.00010927361925417886
201.0 0.00010815121046959398
202.0 0.00010704199015650942
203.0 0.00010594560849970854
204.0 0.0001048616785294475
205.0 0.0001037897850419114
206.0 0.00010272949284910952
207.0 0.00010168035663405654
208.0 0.00010064193449886017
209.0 9.961380624284513e-05
210.0 9.859559575282674e-05
211.0 9.758699507766904e-05
212.0 9.658778631448442e-05
213.0 9.55978568035014e-05
214.0 9.461720356771088e-05
215.0 9.364592443152818e-05
216.0 9.268419553238997e-05
217.0 9.173223752212889e-05
218.0 9.079027507695633e-05
219.0 8.985849587849948e-05
220.0 8.89370156407703e-05
221.0 8.802585492671763e-05
222.0 8.712493157001156e-05
223.0 8.623406986183545e-05
224.0 8.535302478702094e-05
225.0 8.448151704061668e-05
226.0 8.361927279246424e-05
227.0 8.276606149960719e-05
228.0 8.19217255861481e-05
229.0 8.108619738519112e-05
230.0 8.025950104414985e-05
231.0 7.944173968573387e-05
232.0 7.863307051172708e-05
233.0 7.783367231498734e-05
234.0 7.704371074749297e-05
235.0 7.626330658916244e-05
236.0 7.549251128219605e-05
237.0 7.473129241110916e-05
238.0 7.397952998619179e-05
239.0 7.323702270233196e-05
240.0 7.25035020946478e-05
241.0 7.177865186034244e-05
242.0 7.106212956793619e-05
243.0 7.035358839680964e-05
244.0 6.96526972213359e-05
245.0 6.895915803697954e-05
246.0 6.827272023238468e-05
247.0 6.759319144873878e-05
248.0 6.692044475248753e-05
249.0 6.625442168778669e-05
250.0 6.559513062687462e-05
251.0 6.494263985005147e-05
252.0 6.429706505848473e-05
253.0 6.365855156527679e-05
254.0 6.302725214736612e-05
255.0 6.240330232824507e-05
256.0 6.178679552282556e-05
257.0 6.117776084667935e-05
258.0 6.0576146359643566e-05
259.0 5.9981810043499366e-05
260.0 5.9394519956111486e-05
261.0 5.881396388654951e-05
262.0 5.82397676333484e-05
263.0 5.76715199329932e-05
264.0 5.710880124912727e-05
265.0 5.65512132157656e-05
266.0 5.599840556093418e-05
267.0 5.545009779620069e-05
268.0 5.4906093751010494e-05
269.0 5.436628801974962e-05
270.0 5.383066441468505e-05
271.0 5.3299287428155156e-05
272.0 5.2772288384100144e-05
273.0 5.224984833324217e-05
274.0 5.173217980444173e-05
275.0 5.1219509304384066e-05
276.0 5.071206203370543e-05
277.0 5.021004975404664e-05
278.0 4.971366219123448e-05
279.0 4.922306187284646e-05
280.0 4.873838192578826e-05
281.0 4.8259726124402034e-05
282.0 4.778717037980779e-05
283.0 4.732076487663356e-05
284.0 4.686053616516402e-05
285.0 4.6406488675473414e-05
286.0 4.59586053096278e-05
287.0 4.55168469686516e-05
288.0 4.50811510676572e-05
289.0 4.4651429272748814e-05
290.0 4.4227564844910105e-05
291.0 4.380941008649962e-05
292.0 4.339678444311545e-05
293.0 4.298947380822976e-05
294.0 4.258723150641169e-05
295.0 4.218978129724399e-05
296.0 4.179682255866519e-05
297.0 4.140803759525225e-05
298.0 4.102310079832155e-05
299.0 4.064168918596325e-05
