10.0 0.0145765937883
11.0 0.00812944054909
12.0 0.00370284245855
13.0 0.000792267331135
14.0 -0.00101564823618
15.0 -0.00204251834354
16.0 -0.00253046460706
17.0 -0.00265823392887
18.0 -0.00255551214752
19.0 -0.00231419642489
20.0 -0.00199766555137
21.0 -0.00164856609607
22.0 -0.00129495645185
23.0 -0.000954771169528
24.0 -0.000638882384921
25.0 -0.000353196264942
26.0 -0.000100186168454
27.0 0.000119919417468
28.0 0.000308254454761
29.0 0.000466736062991
30.0 0.000597716853632
31.0 0.000703760515255
32.0 0.000787475068087
33.0 0.000851394265659
34.0 0.000897913276873
35.0 0.000929268003118
36.0 0.000947529934401
37.0 0.000954594446143
38.0 0.000952166426248
39.0 0.000941762341006
40.0 0.000924733357597
41.0 0.000902290872548
42.0 0.000875515740343
43.0 0.000845354927868
44.0 0.000812624326636
45.0 0.000778026528585
46.0 0.000742173149852
47.0 0.000705597446616
48.0 0.000668756347021
49.0 0.000632032417099
50.0 0.000595742807105
51.0 0.000560151460719
52.0 0.000525477159223
53.0 0.000491895864563
54.0 0.000459542087804
55.0 0.00042851342733
56.0 0.000398877486121
57.0 0.000370677736666
58.0 0.000343936773178
59.0 0.00031865844528
60.0 0.000294830953443
61.0 0.000272431071874
62.0 0.000251427823261
63.0 0.000231784053745
64.0 0.000213456034869
65.0 0.000196392704911
66.0 0.000180536204554
67.0 0.000165824126867
68.0 0.00015219254598
69.0 0.00013957846768
70.0 0.000127920996411
71.0 0.000117161496752
72.0 0.000107243479172
73.0 9.81126331518e-05
74.0 8.97168688231e-05
75.0 8.2006050998e-05
76.0 7.49314481795e-05
77.0 6.84453374941e-05
78.0 6.25012175987e-05
79.0 5.70546548179e-05
80.0 5.20643303564e-05
81.0 4.74927595667e-05
82.0 4.33064253404e-05
83.0 3.94754027297e-05
84.0 3.59726915249e-05
85.0 3.27734277017e-05
86.0 2.98540910156e-05
87.0 2.71918632689e-05
88.0 2.47643404582e-05
89.0 2.2549728423e-05
90.0 2.052744171e-05
91.0 1.86788145913e-05
92.0 1.69875783071e-05
93.0 1.54398970481e-05
94.0 1.40239844151e-05
95.0 1.27294968641e-05
96.0 1.1546942446e-05
97.0 1.0467272076e-05
98.0 9.48170873463e-06
99.0 8.58177895651e-06
100.0 7.75946425144e-06
101.0 7.00738307584e-06
102.0 6.31893281699e-06
103.0 5.68835189526e-06
104.0 5.11069172431e-06
105.0 4.58170844398e-06
106.0 4.09769524521e-06
107.0 3.65528471653e-06
108.0 3.25126151982e-06
109.0 2.88243336316e-06
110.0 2.54560032905e-06
111.0 2.23763238976e-06
112.0 1.95562141631e-06
113.0 1.69703938496e-06
114.0 1.4598298257e-06
115.0 1.24238960867e-06
116.0 1.04344745582e-06
117.0 8.61888226063e-07
118.0 6.96587881254e-07
119.0 5.46309701566e-07
120.0 4.09680585685e-07
121.0 2.85235938148e-07
122.0 1.71505633228e-07
123.0 6.71131486365e-08
124.0 -2.91324081942e-08
125.0 -1.18164855459e-07
126.0 -2.00621265832e-07
127.0 -2.76844838091e-07
128.0 -3.46937202313e-07
129.0 -4.10856804847e-07
130.0 -4.6854561353e-07
131.0 -5.20054056647e-07
132.0 -5.65630462241e-07
133.0 -6.05749477909e-07
134.0 -6.41071964577e-07
135.0 -6.72350215126e-07
136.0 -7.0030906111e-07
137.0 -7.25539406921e-07
138.0 -7.48434244685e-07
139.0 -7.69181381627e-07
140.0 -7.87808341623e-07
141.0 -8.04259994559e-07
142.0 -8.18482926658e-07
143.0 -8.30493160412e-07
144.0 -8.4041291935e-07
145.0 -8.48473315021e-07
146.0 -8.54989018368e-07
147.0 -8.60315866162e-07
148.0 -8.64802862577e-07
149.0 -8.68747710851e-07
150.0 -8.72361895618e-07
151.0 -8.75748915953e-07
152.0 -8.78897914276e-07
153.0 -8.81694037793e-07
154.0 -8.83945420854e-07
155.0 -8.8542409371e-07
156.0 -8.8591469719e-07
157.0 -8.85261775627e-07
158.0 -8.8340514729e-07
159.0 -8.80394520001e-07
160.0 -8.76379195947e-07
161.0 -8.7157523028e-07
162.0 -8.66218739989e-07
163.0 -8.60518060497e-07
164.0 -8.54617697026e-07
165.0 -8.4858336502e-07
166.0 -8.42411026036e-07
167.0 -8.36055744062e-07
168.0 -8.2947059718e-07
169.0 -8.22643388207e-07
170.0 -8.15620075737e-07
171.0 -8.08508147269e-07
172.0 -8.01459178195e-07
173.0 -7.94635781079e-07
174.0 -7.88172398347e-07
175.0 -7.82140838848e-07
176.0 -7.76529831861e-07
177.0 -7.71243757164e-07
178.0 -7.66120371306e-07
179.0 -7.60962361636e-07
180.0 -7.55574332008e-07
181.0 -7.49796171789e-07
182.0 -7.4352565626e-07
183.0 -7.36726749374e-07
184.0 -7.29424140067e-07
185.0 -7.21687770222e-07
186.0 -7.13612697331e-07
187.0 -7.05299456155e-07
188.0 -6.96838634715e-07
189.0 -6.88301463332e-07
190.0 -6.79736560163e-07
191.0 -6.71171960024e-07
192.0 -6.62621137044e-07
193.0 -6.5409160956e-07
194.0 -6.45594568706e-07
195.0 -6.37153685371e-07
196.0 -6.28810983141e-07
197.0 -6.20627747362e-07
198.0 -6.12679162327e-07
199.0 -6.05042774385e-07
200.0 -5.97782678791e-07
201.0 -5.90932968688e-07
202.0 -5.84484852329e-07
203.0 -5.78381511909e-07
204.0 -5.72523188138e-07
205.0 -5.66782493067e-07
206.0 -5.6102725903e-07
207.0 -5.55146102179e-07
208.0 -5.49070943954e-07
209.0 -5.42791278271e-07
210.0 -5.36356857713e-07
211.0 -5.29868188401e-07
212.0 -5.23457048369e-07
213.0 -5.17261455482e-07
214.0 -5.1140058219e-07
215.0 -5.05954844066e-07
216.0 -5.00954927874e-07
217.0 -4.96381306824e-07
218.0 -4.92173395941e-07
219.0 -4.88245495874e-07
220.0 -4.84505476851e-07
221.0 -4.80871953728e-07
222.0 -4.77286443697e-07
223.0 -4.73718428058e-07
224.0 -4.70162989557e-07
225.0 -4.66632371944e-07
226.0 -4.63144066261e-07
227.0 -4.59708636437e-07
228.0 -4.56320363702e-07
229.0 -4.52952972988e-07
230.0 -4.49561397866e-07
231.0 -4.46089037342e-07
232.0 -4.42478598001e-07
233.0 -4.38683715491e-07
234.0 -4.34678331991e-07
235.0 -4.30461337831e-07
236.0 -4.26055151292e-07
237.0 -4.21498431859e-07
238.0 -4.16834619987e-07
239.0 -4.12099087762e-07
240.0 -4.07308085592e-07
241.0 -4.02452274201e-07
242.0 -3.97496541786e-07
243.0 -3.92386306956e-07
244.0 -3.87058984424e-07
245.0 -3.81458122517e-07
246.0 -3.75547182525e-07
247.0 -3.69320117957e-07
248.0 -3.62806735696e-07
249.0 -3.56072037455e-07
250.0 -3.49210030212e-07
251.0 -3.42333552995e-07
252.0 -3.35562278486e-07
253.0 -3.29011127465e-07
254.0 -3.2278093394e-07
255.0 -3.16952474338e-07
256.0 -3.11584132487e-07
257.0 -3.06712714935e-07
258.0 -3.0235640988e-07
259.0 -2.98518672458e-07
260.0 -2.95191914397e-07
261.0 -2.92360206389e-07
262.0 -2.90000656224e-07
263.0 -2.88083583466e-07
264.0 -2.86571966888e-07
265.0 -2.8542082416e-07
266.0 -2.84577170008e-07
267.0 -2.83981010998e-07
268.0 -2.83567531086e-07
269.0 -2.83270283328e-07
270.0 -2.83024914191e-07
271.0 -2.8277277655e-07
272.0 -2.82463774463e-07
273.0 -2.82057927179e-07
274.0 -2.81525404606e-07
275.0 -2.80845106814e-07
276.0 -2.80002159985e-07
277.0 -2.7898491159e-07
278.0 -2.77782083482e-07
279.0 -2.76380671646e-07
280.0 -2.74764989545e-07
281.0 -2.72916989404e-07
282.0 -2.70817726454e-07
283.0 -2.68449615316e-07
284.0 -2.65799006859e-07
285.0 -2.6285860278e-07
286.0 -2.59629310876e-07
287.0 -2.56121292868e-07
288.0 -2.52354125879e-07
289.0 -2.48356148421e-07
290.0 -2.4416316507e-07
291.0 -2.39816731064e-07
292.0 -2.35362235223e-07
293.0 -2.3084696367e-07
294.0 -2.26318277764e-07
295.0 -2.21821993836e-07
296.0 -2.17401018348e-07
297.0 -2.13094270709e-07
298.0 -2.08935912036e-07
299.0 -2.04954884843e-07
