10.0 0.0422178849456
11.0 0.0324903228297
12.0 0.0245671796565
13.0 0.0182324154503
14.0 0.0132451579284
15.0 0.00937309321393
16.0 0.00640724491543
17.0 0.00416643615793
18.0 0.00249774017933
19.0 0.00127530653788
20.0 0.000397707803472
21.0 -0.000215754389136
22.0 -0.000628867004111
23.0 -0.000891799915453
24.0 -0.00104371368802
25.0 -0.00111483578003
26.0 -0.00112822847155
27.0 -0.0011013473896
28.0 -0.00104734874103
29.0 -0.000976094602847
30.0 -0.000894896538497
31.0 -0.000809091109721
32.0 -0.000722509319757
33.0 -0.000637851549497
34.0 -0.000556966352439
35.0 -0.0004810499216
36.0 -0.000410800366492
37.0 -0.000346552856058
38.0 -0.000288394317472
39.0 -0.000236241946291
40.0 -0.000189885459563
41.0 -0.000149015781684
42.0 -0.000113260959399
43.0 -8.22261646938e-05
44.0 -5.55196782308e-05
45.0 -3.27575669146e-05
46.0 -1.35594105476e-05
47.0 2.4492094037e-06
48.0 1.56258986562e-05
49.0 2.63025431749e-05
50.0 3.47850285075e-05
51.0 4.13574630257e-05
52.0 4.62832090078e-05
53.0 4.98011915724e-05
54.0 5.21223804987e-05
55.0 5.34306767847e-05
56.0 5.38872785133e-05
57.0 5.36348018814e-05
58.0 5.27993020906e-05
59.0 5.14914560171e-05
60.0 4.98087573544e-05
61.0 4.78386184749e-05
62.0 4.5660490988e-05
63.0 4.33454883679e-05
64.0 4.09539981815e-05
65.0 3.85334252942e-05
66.0 3.61181129966e-05
67.0 3.37318889742e-05
68.0 3.13919704166e-05
69.0 2.91123939486e-05
70.0 2.69058799431e-05
71.0 2.47842370167e-05
72.0 2.2758055733e-05
73.0 2.08362448687e-05
74.0 1.90254557431e-05
75.0 1.7329293713e-05
76.0 1.57475539487e-05
77.0 1.42760686805e-05
78.0 1.29076208594e-05
79.0 1.16337835223e-05
80.0 1.04469721493e-05
81.0 9.34189489641e-06
82.0 8.31595744535e-06
83.0 7.36867216879e-06
84.0 6.50041577629e-06
85.0 5.71094111786e-06
86.0 4.99803137675e-06
87.0 4.35667927559e-06
88.0 3.77910849932e-06
89.0 3.2557252399e-06
90.0 2.77673122004e-06
91.0 2.33383580948e-06
92.0 1.92146272657e-06
93.0 1.53708548101e-06
94.0 1.18069835706e-06
95.0 8.5373414609e-07
96.0 5.57854803503e-07
97.0 2.93973537671e-07
98.0 6.17032173124e-08
99.0 -1.40742763744e-07
100.0 -3.16292212395e-07
101.0 -4.68552513872e-07
102.0 -6.01303626427e-07
103.0 -7.18069572288e-07
104.0 -8.2184116841e-07
105.0 -9.14972179236e-07
106.0 -9.99229131857e-07
107.0 -1.07594173561e-06
108.0 -1.14617732459e-06
109.0 -1.21085775538e-06
110.0 -1.27076197661e-06
111.0 -1.32641208518e-06
112.0 -1.37790525732e-06
113.0 -1.42479569757e-06
114.0 -1.46612363272e-06
115.0 -1.50063120667e-06
116.0 -1.52712434168e-06
117.0 -1.54487434091e-06
118.0 -1.55393277694e-06
119.0 -1.55526308264e-06
120.0 -1.5506534814e-06
121.0 -1.54243964441e-06
122.0 -1.53310922485e-06
123.0 -1.5248768367e-06
124.0 -1.51931286528e-06
125.0 -1.51709279869e-06
126.0 -1.51791199105e-06
127.0 -1.52058466453e-06
128.0 -1.523314295e-06
129.0 -1.52408734309e-06
130.0 -1.52111118988e-06
131.0 -1.5132009023e-06
132.0 -1.50002666698e-06
133.0 -1.48216572516e-06
134.0 -1.46095167944e-06
135.0 -1.43816564024e-06
136.0 -1.41565193384e-06
137.0 -1.39495463637e-06
138.0 -1.37705726292e-06
139.0 -1.36227293656e-06
140.0 -1.35028891643e-06
141.0 -1.34033127362e-06
142.0 -1.33139282031e-06
143.0 -1.32246360873e-06
144.0 -1.31271541249e-06
145.0 -1.30161251427e-06
146.0 -1.28894306635e-06
147.0 -1.27478252858e-06
148.0 -1.25941075699e-06
149.0 -1.24320765593e-06
150.0 -1.22655089033e-06
151.0 -1.2097350003e-06
152.0 -1.192925536e-06
153.0 -1.17615482686e-06
154.0 -1.15935778026e-06
155.0 -1.14243731159e-06
156.0 -1.12534127235e-06
157.0 -1.10812839795e-06
158.0 -1.09100195737e-06
159.0 -1.07429724419e-06
160.0 -1.05842153069e-06
161.0 -1.04375933713e-06
162.0 -1.03056750925e-06
163.0 -1.01888972193e-06
164.0 -1.00851657549e-06
165.0 -9.99006044055e-07
166.0 -9.89762855536e-07
167.0 -9.80159145827e-07
168.0 -9.69667173237e-07
169.0 -9.57971284234e-07
170.0 -9.45031589644e-07
171.0 -9.3108430711e-07
172.0 -9.16579882967e-07
173.0 -9.02075415589e-07
174.0 -8.88108549683e-07
175.0 -8.75083325964e-07
176.0 -8.63193933501e-07
177.0 -8.52401502138e-07
178.0 -8.42465159347e-07
179.0 -8.33015389795e-07
180.0 -8.23648672074e-07
181.0 -8.14019443064e-07
182.0 -8.03908801294e-07
183.0 -7.93257387774e-07
184.0 -7.82159854603e-07
185.0 -7.70827379302e-07
186.0 -7.59530681078e-07
187.0 -7.48538074557e-07
188.0 -7.38061641289e-07
189.0 -7.28220814887e-07
190.0 -7.19027977603e-07
191.0 -7.10396172476e-07
192.0 -7.02165349519e-07
193.0 -6.94140866282e-07
194.0 -6.861362686e-07
195.0 -6.78011774555e-07
196.0 -6.69700591747e-07
197.0 -6.61217416216e-07
198.0 -6.52647120399e-07
199.0 -6.44116195837e-07
200.0 -6.35753959483e-07
201.0 -6.27653612787e-07
202.0 -6.19843887516e-07
203.0 -6.12279740337e-07
204.0 -6.04855732163e-07
205.0 -5.97439529273e-07
206.0 -5.89917081389e-07
207.0 -5.82237169874e-07
208.0 -5.74442374457e-07
209.0 -5.66676399342e-07
210.0 -5.5916346264e-07
211.0 -5.52162614857e-07
212.0 -5.45906546029e-07
213.0 -5.40538918178e-07
214.0 -5.3606535425e-07
215.0 -5.32330635071e-07
216.0 -5.29029032766e-07
217.0 -5.25747402337e-07
218.0 -5.22033386018e-07
219.0 -5.17475512596e-07
220.0 -5.11779299634e-07
221.0 -5.04824196194e-07
222.0 -4.96690079146e-07
223.0 -4.87648124243e-07
224.0 -4.78117883185e-07
225.0 -4.68598862447e-07
226.0 -4.59589550835e-07
227.0 -4.51508829307e-07
228.0 -4.44633726304e-07
229.0 -4.39063853942e-07
230.0 -4.34717387846e-07
231.0 -4.31357292012e-07
232.0 -4.28640902155e-07
233.0 -4.26182076143e-07
234.0 -4.23613623405e-07
235.0 -4.20638823499e-07
236.0 -4.17064150246e-07
237.0 -4.12809967836e-07
238.0 -4.07900829162e-07
239.0 -4.02440966048e-07
240.0 -3.96582780792e-07
241.0 -3.90496271967e-07
242.0 -3.84345542471e-07
243.0 -3.78275497666e-07
244.0 -3.72408465544e-07
245.0 -3.66847685136e-07
246.0 -3.61683100169e-07
247.0 -3.5699494409e-07
248.0 -3.52852044756e-07
249.0 -3.49304080954e-07
250.0 -3.46369465212e-07
251.0 -3.44022402102e-07
252.0 -3.42183475723e-07
253.0 -3.40717669193e-07
254.0 -3.39442165781e-07
255.0 -3.38144050389e-07
256.0 -3.36605689444e-07
257.0 -3.34633680212e-07
258.0 -3.32086254333e-07
259.0 -3.28894099921e-07
260.0 -3.25070688138e-07
261.0 -3.20710090171e-07
262.0 -3.15972539027e-07
263.0 -3.11060165736e-07
264.0 -3.06187004905e-07
265.0 -3.0154822733e-07
266.0 -2.97293497007e-07
267.0 -2.9350842919e-07
268.0 -2.90206566459e-07
269.0 -2.87332417549e-07
270.0 -2.84774280031e-07
271.0 -2.82384116184e-07
272.0 -2.80000897414e-07
273.0 -2.77473668299e-07
274.0 -2.74681058984e-07
275.0 -2.71544929842e-07
276.0 -2.68037029857e-07
277.0 -2.64178740694e-07
278.0 -2.60034951434e-07
279.0 -2.5570373196e-07
280.0 -2.51303707205e-07
281.0 -2.46960926989e-07
282.0 -2.42796683274e-07
283.0 -2.38917276777e-07
284.0 -2.35406293377e-07
285.0 -2.32319594143e-07
286.0 -2.29682979788e-07
287.0 -2.27492347017e-07
288.0 -2.25716071948e-07
289.0 -2.24299291843e-07
290.0 -2.23169682053e-07
291.0 -2.22244234854e-07
292.0 -2.21436457494e-07
293.0 -2.20663348303e-07
294.0 -2.19851512158e-07
295.0 -2.18941857828e-07
296.0 -2.17892478822e-07
297.0 -2.16679535676e-07
298.0 -2.15296197198e-07
299.0 -2.13749922579e-07
