10.0 0.014498274752
11.0 0.00806467068161
12.0 0.00365405897252
13.0 0.000761243463485
14.0 -0.00102756769408
15.0 -0.00203422981985
16.0 -0.00250096847951
17.0 -0.00260654181753
18.0 -0.00248059109608
19.0 -0.00221494199716
20.0 -0.00187289641541
21.0 -0.00149703373443
22.0 -0.00111536495618
23.0 -0.000745803325156
24.0 -0.00039922921759
25.0 -8.15878952331e-05
26.0 0.000204577694488
27.0 0.00045894060674
28.0 0.000682510006969
29.0 0.000877055022507
30.0 0.00104476061718
31.0 0.00118800695911
32.0 0.00130920657486
33.0 0.00141068965637
34.0 0.00149464355924
35.0 0.0015630957727
36.0 0.00161791220759
37.0 0.00166078865294
38.0 0.00169323924376
39.0 0.00171660101113
40.0 0.00173205911283
41.0 0.00174067408908
42.0 0.00174339243947
43.0 0.0017410442494
44.0 0.00173434660537
45.0 0.00172392162417
46.0 0.00171031871078
47.0 0.00169402682428
48.0 0.00167547590988
49.0 0.00165503804746
50.0 0.0016330353977
51.0 0.00160975126546
52.0 0.00158543688974
53.0 0.0015603124576
54.0 0.00153456709829
55.0 0.00150836202923
56.0 0.00148183608926
57.0 0.0014551102516
58.0 0.00142828957638
59.0 0.00140146411272
60.0 0.00137471084323
61.0 0.0013480968464
62.0 0.00132168200825
63.0 0.00129551973519
64.0 0.00126965579503
65.0 0.00124412689583
66.0 0.00121896065348
67.0 0.00119417736404
68.0 0.00116979264089
69.0 0.00114581955576
70.0 0.00112226957263
71.0 0.00109915254621
72.0 0.00107647650739
73.0 0.00105424765143
74.0 0.00103247038229
75.0 0.00101114708997
76.0 0.000990277676288
77.0 0.000969859263838
78.0 0.000949886534593
79.0 0.000930352718951
80.0 0.000911250799583
81.0 0.000892574397977
82.0 0.000874318082884
83.0 0.000856477174774
84.0 0.000839047260032
85.0 0.000822023582891
86.0 0.000805400429784
87.0 0.000789170658495
88.0 0.000773325573824
89.0 0.000757855278645
90.0 0.000742749420011
91.0 0.000727998039673
92.0 0.000713592183649
93.0 0.000699524063759
94.0 0.000685786792916
95.0 0.000672373890422
96.0 0.000659278795178
97.0 0.000646494553677
98.0 0.000634013738031
99.0 0.000621828558522
100.0 0.000609931088692
101.0 0.000598313514161
102.0 0.000586968335276
103.0 0.000575888484347
104.0 0.000565067347786
105.0 0.00055449870355
106.0 0.000544176595075
107.0 0.000534095171411
108.0 0.000524248534096
109.0 0.00051463063894
110.0 0.000505235293027
111.0 0.00049605625703
112.0 0.000487087419508
113.0 0.000478322975195
114.0 0.000469757534615
115.0 0.00046138612229
116.0 0.000453204070006
117.0 0.000445206854141
118.0 0.000437389941948
119.0 0.000429748697345
120.0 0.000422278365142
121.0 0.000414974122385
122.0 0.000407831169579
123.0 0.000400844834175
124.0 0.00039401066636
125.0 0.000387324513913
126.0 0.000380782565141
127.0 0.000374381349188
128.0 0.00036811768684
129.0 0.000361988595066
130.0 0.000355991162905
131.0 0.000350122428607
132.0 0.000344379291632
133.0 0.000338758484946
134.0 0.00033325661517
135.0 0.000327870256849
136.0 0.000322596070482
137.0 0.000317430907987
138.0 0.00031237187574
139.0 0.000307416341099
140.0 0.000302561886979
141.0 0.000297806233909
142.0 0.000293147155463
143.0 0.00028858241035
144.0 0.000284109705358
145.0 0.000279726692211
146.0 0.000275430992221
147.0 0.000271220237808
148.0 0.000267092119448
149.0 0.000263044428981
150.0 0.000259075093306
151.0 0.000255182194935
152.0 0.000251363977182
153.0 0.000247618832694
154.0 0.000243945275415
155.0 0.000240341898668
156.0 0.000236807325439
157.0 0.00023334016005
158.0 0.000229938951695
159.0 0.000226602178651
160.0 0.000223328257353
161.0 0.000220115573983
162.0 0.000216962529946
163.0 0.000213867588591
164.0 0.00021082931026
165.0 0.000207846366406
166.0 0.000204917529849
167.0 0.0002020416453
168.0 0.000199217589857
169.0 0.000196444235674
170.0 0.000193720425813
171.0 0.000191044970039
172.0 0.000188416661324
173.0 0.000185834307895
174.0 0.000183296771415
175.0 0.000180803000484
176.0 0.000178352050215
177.0 0.000175943082782
178.0 0.000173575349094
179.0 0.000171248156779
180.0 0.000168960832789
181.0 0.00016671268966
182.0 0.00016450300251
183.0 0.000162331000288
184.0 0.000160195870714
185.0 0.000158096775184
186.0 0.000156032868299
187.0 0.000154003316888
188.0 0.000152007314854
189.0 0.000150044092057
190.0 0.000148112917115
191.0 0.000146213094992
192.0 0.000144343960667
193.0 0.000142504870275
194.0 0.000140695191258
195.0 0.000138914293349
196.0 0.000137161542483
197.0 0.000135436299658
198.0 0.00013373792604
199.0 0.000132065794231
200.0 0.00013041930381
201.0 0.000128797897635
202.0 0.000127201074505
203.0 0.000125628394133
204.0 0.000124079471929
205.0 0.000122553963594
206.0 0.000121051542183
207.0 0.000119571872434
208.0 0.000118114588094
209.0 0.000116679277438
210.0 0.00011526548029
211.0 0.000113872697195
212.0 0.00011250040851
213.0 0.000111148099052
214.0 0.000109815282823
215.0 0.000108501522597
216.0 0.000107206440633
217.0 0.000105929718941
218.0 0.00010467108994
219.0 0.000103430320308
220.0 0.000102207192056
221.0 0.000101001485027
222.0 9.98129643072e-05
223.0 9.86413746298e-05
224.0 9.74864421069e-05
225.0 9.63478819727e-05
226.0 9.52254097742e-05
227.0 9.41187528432e-05
228.0 9.30276590107e-05
229.0 9.19519003356e-05
230.0 9.08912709074e-05
231.0 8.98455792738e-05
232.0 8.88146373868e-05
233.0 8.77982488507e-05
234.0 8.6796199467e-05
235.0 8.58082525414e-05
236.0 8.48341502585e-05
237.0 8.38736209164e-05
238.0 8.29263903295e-05
239.0 8.19921946215e-05
240.0 8.10707912385e-05
241.0 8.01619654072e-05
242.0 7.92655303517e-05
243.0 7.83813210751e-05
244.0 7.75091830296e-05
245.0 7.66489581619e-05
246.0 7.58004713539e-05
247.0 7.49635200929e-05
248.0 7.4137869379e-05
249.0 7.33232526671e-05
250.0 7.2519378352e-05
251.0 7.17259402496e-05
252.0 7.0942629915e-05
253.0 7.01691485584e-05
254.0 6.94052167148e-05
255.0 6.86505805443e-05
256.0 6.79050144753e-05
257.0 6.71683206599e-05
258.0 6.64403262265e-05
259.0 6.57208795325e-05
260.0 6.50098465245e-05
261.0 6.43071079919e-05
262.0 6.36125580514e-05
263.0 6.29261037485e-05
264.0 6.22476653132e-05
265.0 6.15771764264e-05
266.0 6.09145838674e-05
267.0 6.02598461007e-05
268.0 5.96129306591e-05
269.0 5.89738105168e-05
270.0 5.83424599285e-05
271.0 5.77188503789e-05
272.0 5.71029472967e-05
273.0 5.64947080425e-05
274.0 5.58940814162e-05
275.0 5.53010086116e-05
276.0 5.47154252495e-05
277.0 5.41372639116e-05
278.0 5.35664565286e-05
279.0 5.30029360421e-05
280.0 5.24466369582e-05
281.0 5.18974946699e-05
282.0 5.13554436938e-05
283.0 5.08204151825e-05
284.0 5.02923341902e-05
285.0 4.97711171796e-05
286.0 4.92566701678e-05
287.0 4.87488877605e-05
288.0 4.82476531477e-05
289.0 4.77528389878e-05
290.0 4.7264308996e-05
291.0 4.67819200085e-05
292.0 4.63055242939e-05
293.0 4.58349719169e-05
294.0 4.53701130114e-05
295.0 4.49107998623e-05
296.0 4.44568887321e-05
297.0 4.40082413895e-05
298.0 4.35647263138e-05
299.0 4.31262195604e-05
