10.0 0.014403796449072765
11.0 0.01346999192121095
12.0 0.012614561178777468
13.0 0.011829400426011
14.0 0.01110653633734036
15.0 0.010438844688256689
16.0 0.0098200942196351
17.0 0.00924470766999519
18.0 0.00870767870275607
19.0 0.008204652806422734
20.0 0.007731949343527959
21.0 0.007286465815373934
22.0 0.006865550263150511
23.0 0.006466912660329536
24.0 0.006088586546964113
25.0 0.005728913288916857
26.0 0.00538651636305829
27.0 0.005060256175235087
28.0 0.004749180496512925
29.0 0.004452487266890134
30.0 0.00416950046767165
31.0 0.003899649730312212
32.0 0.0036424487342671384
33.0 0.003397474894362819
34.0 0.0031643540127245877
35.0 0.0029427497854820637
36.0 0.002732354638282498
37.0 0.0025328791587611826
38.0 0.0023440415377329726
39.0 0.0021655606367312267
40.0 0.001997153520280991
41.0 0.001838534254390604
42.0 0.0016894108617224058
43.0 0.0015494812026044245
44.0 0.0014184310092484951
45.0 0.0012959354337726665
46.0 0.0011816620875275859
47.0 0.0010752729079436185
48.0 0.0009764245451384055
49.0 0.0008847689631679596
50.0 0.0007999553839800864
51.0 0.0007216328846626496
52.0 0.00064945235918362
53.0 0.0005830675972881441
54.0 0.000522136312562912
55.0 0.000466321826825662
56.0 0.00041529523167560154
57.0 0.0003687373620946613
58.0 0.00032634022283853543
59.0 0.00028780803212872727
60.0 0.0002528581582848146
61.0 0.00022122192356918667
62.0 0.00019264498630810058
63.0 0.00016688710550706736
64.0 0.0001437214416961541
65.0 0.0001229338177853965
66.0 0.00010432232569362014
67.0 8.769736848711456e-05
68.0 7.28819157386484e-05
69.0 5.971163882649097e-05
70.0 4.8034715180777204e-05
71.0 3.7711302334364634e-05
72.0 2.8612811307577045e-05
73.0 2.0621098395055593e-05
74.0 1.3627624450882506e-05
75.0 7.532608676310815e-06
76.0 2.244249936001215e-06
77.0 -2.3218722172578433e-06
78.0 -6.2431486436563234e-06
79.0 -9.590093016317755e-06
80.0 -1.2426448601894355e-05
81.0 -1.4809415853174097e-05
82.0 -1.6790090395699288e-05
83.0 -1.8414097752545015e-05
84.0 -1.9722341945782198e-05
85.0 -2.0751762568386026e-05
86.0 -2.1535997671212252e-05
87.0 -2.2105863047894285e-05
88.0 -2.2489590433367472e-05
89.0 -2.2712828535336234e-05
90.0 -2.27984883714044e-05
91.0 -2.2766570957568034e-05
92.0 -2.2634117567076216e-05
93.0 -2.2415367703198772e-05
94.0 -2.2122127093539966e-05
95.0 -2.176427727198111e-05
96.0 -2.1350325109834352e-05
97.0 -2.08878967322482e-05
98.0 -2.0384111214432378e-05
99.0 -1.9845807879420802e-05
100.0 -1.9279634614247755e-05
101.0 -1.869202738044579e-05
102.0 -1.8089121507795927e-05
103.0 -1.7476634940037068e-05
104.0 -1.685975586225813e-05
105.0 -1.624305607962404e-05
106.0 -1.56304400732126e-05
107.0 -1.5025129430493652e-05
108.0 -1.4429674675668149e-05
109.0 -1.3845983307216764e-05
110.0 -1.3275355665975303e-05
111.0 -1.2718528323567123e-05
112.0 -1.2175733828318328e-05
113.0 -1.1646789920209502e-05
114.0 -1.1131226565381155e-05
115.0 -1.0628446016177386e-05
116.0 -1.013789520347815e-05
117.0 -9.659218764130775e-06
118.0 -9.192360410065808e-06
119.0 -8.73759078415437e-06
120.0 -8.295457301905544e-06
121.0 -7.866669441387069e-06
122.0 -7.451946154677689e-06
123.0 -7.0518579983977104e-06
124.0 -6.6666954649356585e-06
125.0 -6.296388538520302e-06
126.0 -5.940492498169242e-06
127.0 -5.598242837332053e-06
128.0 -5.268669225316046e-06
129.0 -4.950746587620844e-06
130.0 -4.643553117028671e-06
131.0 -4.346402762843958e-06
132.0 -4.058924777291642e-06
133.0 -3.7810745702393783e-06
134.0 -3.5130757214257723e-06
135.0 -3.255308474616745e-06
136.0 -3.0081712939740847e-06
137.0 -2.7719462892893704e-06
138.0 -2.546695858643337e-06
139.0 -2.3322083438204363e-06
140.0 -2.1279979928389397e-06
141.0 -1.9333526330175285e-06
142.0 -1.7474140035811218e-06
143.0 -1.5692720535194177e-06
144.0 -1.3980554939029537e-06
145.0 -1.2330051810237471e-06
146.0 -1.0735227158230262e-06
147.0 -9.191923660101049e-07
148.0 -7.697789843578007e-07
149.0 -6.252075542329719e-07
150.0 -4.855313399163278e-07
151.0 -3.508955796311633e-07
152.0 -2.2150251611566845e-07
153.0 -9.758160436777038e-08
154.0 2.0633686085814692e-08
155.0 1.3292348669996608e-07
156.0 2.390964468616952e-07
157.0 3.39005594615369e-07
158.0 4.3256808425480657e-07
159.0 5.197896703713422e-07
160.0 6.007917735047423e-07
161.0 6.758360743377417e-07
162.0 7.453397279963476e-07
163.0 8.098743358147234e-07
164.0 8.701440256315558e-07
165.0 9.26941979987569e-07
166.0 9.810895355115567e-07
167.0 1.0333662751496215e-06
168.0 1.0844421490612825e-06
169.0 1.1348228308840243e-06
170.0 1.1848171413262198e-06
171.0 1.2345310222766292e-06
172.0 1.2838872949095243e-06
173.0 1.332665557029747e-06
174.0 1.380553202306419e-06
175.0 1.4271973883820304e-06
176.0 1.4722489699746191e-06
177.0 1.5153924872902234e-06
178.0 1.5563603604838797e-06
179.0 1.5949334067511406e-06
180.0 1.6309327000312468e-06
181.0 1.664209028582519e-06
182.0 1.6946356620081775e-06
183.0 1.7221081821499276e-06
184.0 1.7465524485624502e-06
185.0 1.7679391360288147e-06
186.0 1.7863013400160535e-06
187.0 1.801750853296182e-06
188.0 1.8144889108282307e-06
189.0 1.8248082643817529e-06
190.0 1.8330850345113623e-06
191.0 1.839760532889893e-06
192.0 1.8453148524654044e-06
193.0 1.8502352715693313e-06
194.0 1.854983268536392e-06
195.0 1.8599641080112082e-06
196.0 1.8655025067914144e-06
197.0 1.8718268618492932e-06
198.0 1.8790630776069844e-06
199.0 1.8872374262654025e-06
200.0 1.896286451582221e-06
201.0 1.9060710171759659e-06
202.0 1.9163914369348493e-06
203.0 1.927001252743109e-06
204.0 1.9376184674125085e-06
205.0 1.947934534845735e-06
206.0 1.9576227005768276e-06
207.0 1.966347960378683e-06
208.0 1.973780716146275e-06
209.0 1.979615157758995e-06
210.0 1.9835917448687717e-06
211.0 1.985521353069485e-06
212.0 1.9853072048361936e-06
213.0 1.9829600762137898e-06
214.0 1.9786027103881354e-06
215.0 1.972460868615026e-06
216.0 1.9648407299503244e-06
217.0 1.956094935501056e-06
218.0 1.9465818962398273e-06
219.0 1.936624528363164e-06
220.0 1.9264749938441864e-06
221.0 1.9162911937311515e-06
222.0 1.9061288347568947e-06
223.0 1.8959502347814316e-06
224.0 1.885648157835421e-06
225.0 1.875080416766543e-06
226.0 1.8641092182843969e-06
227.0 1.8526385575619658e-06
228.0 1.8406434892780355e-06
229.0 1.8281866767908292e-06
230.0 1.8154199273772937e-06
231.0 1.8025710120212853e-06
232.0 1.7899184623951325e-06
233.0 1.7777588153155945e-06
234.0 1.7663716565705148e-06
235.0 1.7559877121278938e-06
236.0 1.746764253932759e-06
237.0 1.738770502111915e-06
238.0 1.731983882174284e-06
239.0 1.726296309228587e-06
240.0 1.7215284200370316e-06
241.0 1.7174490210086174e-06
242.0 1.7137969713608802e-06
243.0 1.7103031418880584e-06
244.0 1.706710760580364e-06
245.0 1.7027931389802813e-06
246.0 1.698368279334701e-06
247.0 1.6933100994783594e-06
248.0 1.6875559967676829e-06
249.0 1.681110312332532e-06
250.0 1.6740431083713815e-06
251.0 1.666483684380048e-06
252.0 1.6586085294444388e-06
253.0 1.6506239496727136e-06
254.0 1.642744346739421e-06
255.0 1.6351679107695115e-06
256.0 1.628052152017306e-06
257.0 1.6214920666920228e-06
258.0 1.6155037001291665e-06
259.0 1.6100154004330007e-06
260.0 1.604868198772575e-06
261.0 1.5998256351193896e-06
262.0 1.5945921465503224e-06
263.0 1.588838040980915e-06
264.0 1.5822282636052576e-06
265.0 1.574451747258278e-06
266.0 1.5652481723351857e-06
267.0 1.5544294223570956e-06
268.0 1.5418938162162048e-06
269.0 1.527632188680976e-06
270.0 1.511725917540879e-06
271.0 1.49433790751584e-06
272.0 1.4756982192312698e-06
273.0 1.4560864071142995e-06
274.0 1.435812689441403e-06
275.0 1.415199854354849e-06
276.0 1.394567382319494e-06
277.0 1.3742187322904509e-06
278.0 1.3544321896856131e-06
279.0 1.33545518710129e-06
280.0 1.3175016355327987e-06
281.0 1.3007515678808743e-06
282.0 1.2853522955149898e-06
283.0 1.2714202926377772e-06
284.0 1.2590431233289814e-06
285.0 1.2482808827228356e-06
286.0 1.2391668111681082e-06
287.0 1.2317069386008773e-06
288.0 1.2258788107692713e-06
289.0 1.2216295268985298e-06
290.0 1.2188734677842524e-06
291.0 1.2174902016617364e-06
292.0 1.2173231104814192e-06
293.0 1.2181792722543723e-06
294.0 1.21983106224842e-06
295.0 1.2220198011300535e-06
296.0 1.224461594183686e-06
297.0 1.2268552922932406e-06
298.0 1.2288922869188215e-06
299.0 1.230267653086174e-06
