10.0 0.014429702983654343
11.0 0.013506954359437377
12.0 0.012665468102282081
13.0 0.011897442849183093
14.0 0.01119516562373021
15.0 0.010551721724090838
16.0 0.00996103146531417
17.0 0.009417605871285869
18.0 0.008916460138178076
19.0 0.00845319297631329
20.0 0.00802400897220199
21.0 0.007625624945683931
22.0 0.0072551460794576085
23.0 0.006909982489752921
24.0 0.006587817269109137
25.0 0.006286598140968679
26.0 0.006004519870140719
27.0 0.005739987674937254
28.0 0.005491576470470202
29.0 0.005258002449294473
30.0 0.0050381074774069395
31.0 0.004830846775542017
32.0 0.004635274769796325
33.0 0.004450531475562912
34.0 0.0042758329864807775
35.0 0.004110465888427837
36.0 0.003953782034339591
37.0 0.0038051909395379266
38.0 0.003664151227725051
39.0 0.0035301647870210518
40.0 0.0034027745356825113
41.0 0.0032815626756946734
42.0 0.0031661464128137137
43.0 0.0030561720078348467
44.0 0.0029513104859151275
45.0 0.0028512564645696127
46.0 0.0027557281755507764
47.0 0.0026644661098228118
48.0 0.0025772300642269937
49.0 0.0024937963629930644
50.0 0.0024139564513512833
51.0 0.002337516231386141
52.0 0.002264294901032483
53.0 0.0021941230888625138
54.0 0.0021268411473282615
55.0 0.0020622983335434964
56.0 0.0020003527123971508
57.0 0.0019408711237380541
58.0 0.0018837288550372462
59.0 0.001828809179468891
60.0 0.0017760030261733143
61.0 0.0017252087446864147
62.0 0.0016763316597321394
63.0 0.0016292832039088347
64.0 0.001583979764172762
65.0 0.0015403416475083392
66.0 0.0014982925330965953
67.0 0.00145775948261551
68.0 0.001418673268956294
69.0 0.0013809686735767632
70.0 0.0013445845261113554
71.0 0.0013094634729402081
72.0 0.00127555159139574
73.0 0.0012427979571544667
74.0 0.0012111542037114688
75.0 0.0011805740920276591
76.0 0.001151013155687176
77.0 0.001122428527207236
78.0 0.0010947790081940359
79.0 0.0010680253296732017
80.0 0.001042130445893585
81.0 0.0010170596923378596
82.0 0.0009927807162147652
83.0 0.00096926319154917
84.0 0.0009464784007119956
85.0 0.000924398787219816
86.0 0.0009029975822552038
87.0 0.0008822485944287815
88.0 0.0008621262206215366
89.0 0.0008426056745420416
90.0 0.0008236633522346169
91.0 0.0008052771973174117
92.0 0.0007874269266386789
93.0 0.0007700940321687948
94.0 0.0007532615578118135
95.0 0.0007369137205717843
96.0 0.0007210354787077907
97.0 0.0007056121434178667
98.0 0.0006906290996042658
99.0 0.0006760716628081735
100.0 0.0006619250657640436
101.0 0.0006481745452179801
102.0 0.0006348054891924617
103.0 0.0006218036052497086
104.0 0.0006091550779946147
105.0 0.0005968466950686464
106.0 0.0005848659322817088
107.0 0.0005732009987108168
108.0 0.000561840850222573
109.0 0.000550775183052547
110.0 0.0005399944162195859
111.0 0.0005294896634500686
112.0 0.0005192526861060623
113.0 0.0005092758143055979
114.0 0.0004995518281557536
115.0 0.000490073804137318
116.0 0.00048083494755510315
117.0 0.00047182844294984156
118.0 0.0004630473549438986
119.0 0.0004544846015362788
120.0 0.00044613300449178
121.0 0.0004379854034908688
122.0 0.00043003480748209045
123.0 0.0004222745507422833
124.0 0.0004146984222544539
125.0 0.0004073007434603578
126.0 0.00040007637943780043
127.0 0.000393020680696342
128.0 0.00038612936572238725
129.0 0.00037939836624565
130.0 0.0003728236654581323
131.0 0.00036640116167567185
132.0 0.0003601265848953838
133.0 0.00035399548202576795
134.0 0.00034800327096404785
135.0 0.0003421453482163904
136.0 0.0003364172234975087
137.0 0.0003308146505165825
138.0 0.0003253337266119174
139.0 0.00031997094344730085
140.0 0.00031472318348173067
141.0 0.00030958766881303263
142.0 0.00030456187744833774
143.0 0.00029964344569600543
144.0 0.00029483007438858714
145.0 0.0002901194523579592
146.0 0.0002855092047736366
147.0 0.0002809968682335233
148.0 0.0002765798899287228
149.0 0.00027225564524618596
150.0 0.00026802146682649024
151.0 0.0002638746781338859
152.0 0.000259812625739367
153.0 0.0002558327064734766
154.0 0.0002519323880287178
155.0 0.00024810922402221033
156.0 0.00024436086640180143
157.0 0.00024068507883868136
158.0 0.00023707975405161486
159.0 0.0002335429359055194
160.0 0.00023007284415368223
161.0 0.0002266678967655784
162.0 0.0002233267229374387
163.0 0.0002200481599288411
164.0 0.00021683122908232091
165.0 0.0002136750903710148
166.0 0.00021057897960264583
167.0 0.00020754213670559518
168.0 0.00020456373613588922
169.0 0.00020164283061334463
170.0 0.00019877831701890975
171.0 0.00019596892893481886
172.0 0.0001932132550578902
173.0 0.00019050977783647205
174.0 0.00018785692330757156
175.0 0.0001852531119538348
176.0 0.00018269680158826797
177.0 0.00018018651634815094
178.0 0.00017772085993984877
179.0 0.00017529851524213292
180.0 0.00017291823527954198
181.0 0.00017057883181344788
182.0 0.00016827916725598255
183.0 0.00016601815365621607
184.0 0.00016379475982593078
185.0 0.00016160802504080866
186.0 0.00015945707581308652
187.0 0.00015734114134081643
188.0 0.00015525956343431308
189.0 0.00015321179778625
190.0 0.00015119740503907563
191.0 0.00014921603184965955
192.0 0.00014726738375601487
193.0 0.00014535119289962474
194.0 0.00014346718440702656
195.0 0.00014161504539817452
196.0 0.00013979440013469642
197.0 0.00013800479379454326
198.0 0.00013624568591229997
199.0 0.00013451645291928904
200.0 0.00013281639779222061
201.0 0.00013114476390784123
202.0 0.00012950075003553106
203.0 0.000127883524025649
204.0 0.0001262922339924336
205.0 0.00012472601728305902
206.0 0.0001231840088144955
207.0 0.00012166535103368875
208.0 0.00012016920756777351
209.0 0.00011869478158062625
210.0 0.00011724133819777805
211.0 0.0001158082285530733
212.0 0.00011439491156759557
213.0 0.00011300096894348077
214.0 0.00011162610929712798
215.0 0.00011027015885763163
216.0 0.0001089330384392827
217.0 0.0001076147289834348
218.0 0.00010631523029045951
219.0 0.0001050345191095848
220.0 0.00010377251316996747
221.0 0.00010252904690811387
222.0 0.00010130386272129244
223.0 0.00010009661892284342
224.0 9.890691270159855e-05
225.0 9.773431383555261e-05
226.0 9.657840314715937e-05
227.0 9.54388090200874e-05
228.0 9.431523581684897e-05
229.0 9.320747961100994e-05
230.0 9.211542895330553e-05
231.0 9.103905098055647e-05
232.0 8.997836556934382e-05
233.0 8.893341201281788e-05
234.0 8.790421357922752e-05
235.0 8.689074520547673e-05
236.0 8.589290859671079e-05
237.0 8.491051741610768e-05
238.0 8.394329342434838e-05
239.0 8.299087274030127e-05
240.0 8.205282014190943e-05
241.0 8.112864867232514e-05
242.0 8.021784176630081e-05
243.0 7.931987553197714e-05
244.0 7.843423949308674e-05
245.0 7.756045477830906e-05
246.0 7.669808924992118e-05
247.0 7.584676930002423e-05
248.0 7.500618802637132e-05
249.0 7.417610933919298e-05
250.0 7.335636740134e-05
251.0 7.254686081679291e-05
252.0 7.174754125344144e-05
253.0 7.095839672768446e-05
254.0 7.017943051511013e-05
255.0 6.941063743867514e-05
256.0 6.865197994708388e-05
257.0 6.790336676718093e-05
258.0 6.716463688240904e-05
259.0 6.643555111990943e-05
260.0 6.571579277271373e-05
261.0 6.500497756714804e-05
262.0 6.430267208521789e-05
263.0 6.360841865900767e-05
264.0 6.292176394037445e-05
265.0 6.224228793512947e-05
266.0 6.1569630327539e-05
267.0 6.090351138379661e-05
268.0 6.024374552050878e-05
269.0 5.959024661731629e-05
270.0 5.8943025182061346e-05
271.0 5.830217839109082e-05
272.0 5.766787470770023e-05
273.0 5.704033515935265e-05
274.0 5.641981341540257e-05
275.0 5.580657658903434e-05
276.0 5.520088826475024e-05
277.0 5.460299472003658e-05
278.0 5.401311476066936e-05
279.0 5.34314331014276e-05
280.0 5.2858096849766184e-05
281.0 5.229321441244092e-05
282.0 5.1736856041983326e-05
283.0 5.118905525138319e-05
284.0 5.064981042252745e-05
285.0 5.0119086087266336e-05
286.0 4.959681354385909e-05
287.0 4.908289066625491e-05
288.0 4.8577180954341646e-05
289.0 4.807951204754533e-05
290.0 4.758967406999651e-05
291.0 4.710741828051816e-05
292.0 4.663245655297867e-05
293.0 4.616446220300806e-05
294.0 4.5703072602086086e-05
295.0 4.524789388381072e-05
296.0 4.479850786219734e-05
297.0 4.435448106811471e-05
298.0 4.391537559177538e-05
299.0 4.3480761221914134e-05
