10.0 0.006506985176655269
11.0 0.006090877400468852
12.0 0.005711414385334642
13.0 0.005365078154930386
14.0 0.005048390590321397
15.0 0.004758233549548933
16.0 0.0044918654363446395
17.0 0.004246811030930833
18.0 0.004020822466899374
19.0 0.0038119150099336957
20.0 0.0036183771418311235
21.0 0.0034387283328358334
22.0 0.003271663183017464
23.0 0.003116013800332756
24.0 0.0029707353897142144
25.0 0.002834902489760881
26.0 0.002707701040845876
27.0 0.0025884118860457456
28.0 0.002476392392157812
29.0 0.002371063634167168
30.0 0.0022719033587190857
31.0 0.0021784404290755626
32.0 0.0020902484445421633
33.0 0.002006939600387503
34.0 0.0019281603988939445
35.0 0.0018535891303823268
36.0 0.0017829335169488182
37.0 0.001715927283185537
38.0 0.0016523262988045225
39.0 0.0015919059433390347
40.0 0.001534460098608256
41.0 0.0014798003611854469
42.0 0.0014277541123775424
43.0 0.0013781618356813743
44.0 0.0013308751819293132
45.0 0.0012857564407814507
46.0 0.0012426785505919623
47.0 0.0012015244873686572
48.0 0.0011621859329850348
49.0 0.0011245620222380417
50.0 0.001088558708646136
51.0 0.0010540884649566542
52.0 0.0010210697595982737
53.0 0.0009894262155747942
54.0 0.0009590858408133801
55.0 0.000929980658743255
56.0 0.0009020466646052914
57.0 0.0008752238106541683
58.0 0.0008494558585474753
59.0 0.0008246901710461572
60.0 0.0008008775633216801
61.0 0.0007779721967269197
62.0 0.0007559313780326007
63.0 0.0007347151683175736
64.0 0.0007142858627977003
65.0 0.0006946075244012537
66.0 0.0006756457367276858
67.0 0.000657367608692493
68.0 0.0006397419227597899
69.0 0.0006227392690319687
70.0 0.0006063320631115948
71.0 0.0005904944417390659
72.0 0.0005752020888214554
73.0 0.0005604320403505357
74.0 0.0005461624857505157
75.0 0.0005323725738131445
76.0 0.0005190422526836331
77.0 0.0005061521915361614
78.0 0.0004936838122102421
79.0 0.00048161940660513246
80.0 0.0004699422691688282
81.0 0.00045863676815196885
82.0 0.0004476883142637417
83.0 0.0004370832321935156
84.0 0.00042680857190434364
85.0 0.0004168519069707239
86.0 0.0004072011661602549
87.0 0.0003978445386281383
88.0 0.0003887704788064503
89.0 0.00037996780947061054
90.0 0.00037142588656301716
91.0 0.00036313476389490337
92.0 0.000355085294904628
93.0 0.00034726913351088175
94.0 0.0003396786334672299
95.0 0.00033230667752941575
96.0 0.00032514648271754856
97.0 0.0003181914252073693
98.0 0.000311434914411082
99.0 0.0003048703284629472
100.0 0.00029849100815603906
101.0 0.0002922902960924663
102.0 0.0002862616030914765
103.0 0.00028039848406678693
104.0 0.00027469470905155247
105.0 0.00026914432001453676
106.0 0.0002637416692497965
107.0 0.00025848143971364843
108.0 0.0002533586511225504
109.0 0.0002483686570577574
110.0 0.000243507137035168
111.0 0.00023877008384473787
112.0 0.00023415378232372492
113.0 0.00022965477378636642
114.0 0.00022526980246667175
115.0 0.000220995746246539
116.0 0.00021682954110026484
117.0 0.00021276811363870834
118.0 0.0002088083363962869
119.0 0.00020494701578851977
120.0 0.0002011809148347085
121.0 0.00019750680463311357
122.0 0.00019392153261238627
123.0 0.00019042209290595833
124.0 0.0001870056846941893
125.0 0.00018366974726641505
126.0 0.00018041196506127932
127.0 0.00017723024141986997
128.0 0.00017412264562015168
129.0 0.0001710873431008403
130.0 0.0001681225225072507
131.0 0.00016522633421031758
132.0 0.00016239685267869022
133.0 0.00015963206981834142
134.0 0.00015692991935840672
135.0 0.0001542883253818587
136.0 0.00015170526302236186
137.0 0.00014917881744137433
138.0 0.00014670722875777945
139.0 0.00014428891490909508
140.0 0.00014192247005951665
141.0 0.0001396066415312669
142.0 0.0001373402920472837
143.0 0.00013512235571546362
144.0 0.00013295179574048739
145.0 0.00013082756991540667
146.0 0.00012874860732512423
147.0 0.00012671379711372507
148.0 0.00012472198810784964
149.0 0.00012277199675450202
150.0 0.00012086262022447322
151.0 0.0001189926515505467
152.0 0.00011716089418534846
153.0 0.00011536617424573692
154.0 0.00011360734980333307
155.0 0.00011188331767693073
156.0 0.00011019301902695625
157.0 0.00010853544539478586
158.0 0.00010690964651499993
159.0 0.00010531474028060018
160.0 0.00010374992390035913
161.0 0.00010221448396741106
162.0 0.00010070780232628784
163.0 9.922935464639867e-05
164.0 9.777869960822188e-05
165.0 9.635545840684713e-05
166.0 9.495928643450076e-05
167.0 9.358984094159465e-05
168.0 9.224674965418733e-05
169.0 9.092958540214872e-05
170.0 8.963785074077482e-05
171.0 8.837097458681951e-05
172.0 8.712832052185474e-05
173.0 8.590920421536384e-05
174.0 8.471291589848506e-05
175.0 8.35387432976517e-05
176.0 8.238599097319202e-05
177.0 8.125399339395407e-05
178.0 8.014212090997294e-05
179.0 7.904977957358918e-05
180.0 7.797640706894275e-05
181.0 7.69214675671851e-05
182.0 7.588444808011339e-05
183.0 7.486485800299522e-05
184.0 7.386223232789139e-05
185.0 7.287613782212205e-05
186.0 7.190618059179106e-05
187.0 7.095201304853436e-05
188.0 7.001333838579089e-05
189.0 6.908991115154324e-05
190.0 6.818153322022513e-05
191.0 6.728804525394076e-05
192.0 6.640931446688105e-05
193.0 6.554522006990701e-05
194.0 6.469563811053368e-05
195.0 6.38604274974421e-05
196.0 6.303941879374096e-05
197.0 6.223240690024491e-05
198.0 6.143914809742256e-05
199.0 6.0659361190841494e-05
200.0 5.989273186216696e-05
201.0 5.9138918916829716e-05
202.0 5.839756104484474e-05
203.0 5.766828299348591e-05
204.0 5.695070061014646e-05
205.0 5.6244424886878006e-05
206.0 5.5549065719847194e-05
207.0 5.4864236400815897e-05
208.0 5.4189559772621396e-05
209.0 5.352467650694999e-05
210.0 5.2869255216711986e-05
211.0 5.222300329973361e-05
212.0 5.158567675982949e-05
213.0 5.095708696816869e-05
214.0 5.0337102527121575e-05
215.0 4.972564507577444e-05
216.0 4.91226789058224e-05
217.0 4.852819542288702e-05
218.0 4.794219453694695e-05
219.0 4.7364665763210745e-05
220.0 4.679557200215109e-05
221.0 4.6234838593936105e-05
222.0 4.568234937420992e-05
223.0 4.5137950261489605e-05
224.0 4.460145961057429e-05
225.0 4.4072683415515444e-05
226.0 4.355143265079533e-05
227.0 4.3037539738331226e-05
228.0 4.253087136222935e-05
229.0 4.2031335563127406e-05
230.0 4.1538882083669834e-05
231.0 4.1053496104409494e-05
232.0 4.0575186588567476e-05
233.0 4.0103971255146566e-05
234.0 3.963986059681933e-05
235.0 3.918284331153812e-05
236.0 3.873287507384684e-05
237.0 3.828987185630992e-05
238.0 3.785370818863012e-05
239.0 3.742421998086488e-05
240.0 3.700121097232383e-05
241.0 3.658446157283272e-05
242.0 3.617373884049319e-05
243.0 3.5768806529516364e-05
244.0 3.536943444379148e-05
245.0 3.4975406639262976e-05
246.0 3.458652824610168e-05
247.0 3.420263078813971e-05
248.0 3.382357586971003e-05
249.0 3.344925702759341e-05
250.0 3.307959947855472e-05
251.0 3.2714557498687255e-05
252.0 3.235410929292506e-05
253.0 3.1998249457337587e-05
254.0 3.1646979469030874e-05
255.0 3.130029699344942e-05
256.0 3.095818509706909e-05
257.0 3.0620602620825794e-05
258.0 3.028747695530046e-05
259.0 2.9958700246973938e-05
260.0 2.9634129678800658e-05
261.0 2.931359196494784e-05
262.0 2.8996891658255438e-05
263.0 2.868382237621208e-05
264.0 2.8374179684280895e-05
265.0 2.806777418868408e-05
266.0 2.776444340727344e-05
267.0 2.746406119582181e-05
268.0 2.7166543866647468e-05
269.0 2.6871852584307686e-05
270.0 2.6579992087249118e-05
271.0 2.6291006196543268e-05
272.0 2.600497087966973e-05
273.0 2.57219858075939e-05
274.0 2.5442165370939766e-05
275.0 2.5165630022743225e-05
276.0 2.4892498624802883e-05
277.0 2.4622882234425525e-05
278.0 2.4356879520720606e-05
279.0 2.4094573779673402e-05
280.0 2.3836031348479493e-05
281.0 2.358130111249387e-05
282.0 2.3330414751660535e-05
283.0 2.3083387378454525e-05
284.0 2.2840218263197854e-05
285.0 2.260089141174803e-05
286.0 2.2365375843480717e-05
287.0 2.2133625505285768e-05
288.0 2.190557884328326e-05
289.0 2.1681158132540063e-05
290.0 2.1460268730832774e-05
291.0 2.1242798469868587e-05
292.0 2.1028617420953125e-05
293.0 2.0817578267793412e-05
294.0 2.060951748530445e-05
295.0 2.0404257461872087e-05
296.0 2.0201609619117067e-05
297.0 2.000137848681958e-05
298.0 1.980336659227367e-05
299.0 1.96073799343742e-05
