10.0 1.2996525204448375e-08
11.0 9.710924904252015e-09
12.0 7.1059428272249815e-09
13.0 5.12660271274723e-09
14.0 3.604743325503341e-09
15.0 2.4598747347121807e-09
16.0 1.6193504847580854e-09
17.0 9.89770748739424e-10
18.0 5.395137111467819e-10
19.0 2.1861666835223192e-10
20.0 -5.149714766434472e-12
21.0 -1.5455859296489044e-10
22.0 -2.5102186098319447e-10
23.0 -3.066838837958827e-10
24.0 -3.342276023333929e-10
25.0 -3.417582742427837e-10
26.0 -3.3547435805428644e-10
27.0 -3.199223537809969e-10
28.0 -2.985493710290931e-10
29.0 -2.736942518883457e-10
30.0 -2.474148732069543e-10
31.0 -2.2082850077150868e-10
32.0 -1.9482265004475628e-10
33.0 -1.700337950565504e-10
34.0 -1.467833303194396e-10
35.0 -1.2527824171158793e-10
36.0 -1.057249075219705e-10
37.0 -8.793605721106794e-11
38.0 -7.212612849965261e-11
39.0 -5.806969907343923e-11
40.0 -4.563311204246736e-11
41.0 -3.4799839585258203e-11
42.0 -2.5495537936841224e-11
43.0 -1.745633305610112e-11
44.0 -1.0580205023618596e-11
45.0 -4.7887881677101005e-12
46.0 1.5524035661267102e-14
47.0 3.982378555855954e-12
48.0 7.217300716433464e-12
49.0 9.771141259940207e-12
50.0 1.1733788939835489e-11
51.0 1.316827966928812e-11
52.0 1.4208093580479395e-11
53.0 1.4897090970976545e-11
54.0 1.5283372470516882e-11
55.0 1.5391597550934712e-11
56.0 1.5291501092783877e-11
57.0 1.5043654350669827e-11
58.0 1.4668897896840506e-11
59.0 1.4186558242840264e-11
60.0 1.3623096706799305e-11
61.0 1.2985630967577341e-11
62.0 1.231721648833671e-11
63.0 1.1627840475653734e-11
64.0 1.0926754766231635e-11
65.0 1.0222791921215644e-11
66.0 9.527914969138914e-12
67.0 8.854354397797243e-12
68.0 8.19672140101364e-12
69.0 7.557164034602287e-12
70.0 6.951949001355729e-12
71.0 6.3834123705871145e-12
72.0 5.84143534971365e-12
73.0 5.328175110075422e-12
74.0 4.8457801404519496e-12
75.0 4.3921966528429e-12
76.0 3.972251557673332e-12
77.0 3.585703873439536e-12
78.0 3.226568251788202e-12
79.0 2.9061124030262437e-12
80.0 2.589647243079907e-12
81.0 2.2896885320701042e-12
82.0 2.044134479935795e-12
83.0 1.8164312619956007e-12
84.0 1.6010525315655215e-12
85.0 1.3904695813049372e-12
86.0 1.194352439982699e-12
87.0 1.0458205699652768e-12
88.0 8.988982372874849e-13
89.0 7.536132554635691e-13
90.0 6.344310784480766e-13
91.0 5.250009692933082e-13
92.0 4.2160408662307973e-13
93.0 3.2139737609574973e-13
94.0 2.5032804023025535e-13
95.0 1.7924502301858295e-13
96.0 1.0810982919705062e-13
97.0 4.138954664765034e-14
98.0 -1.4667869815204512e-14
99.0 -6.483902857468228e-14
100.0 -1.0354277956233137e-13
101.0 -1.4322012692265594e-13
102.0 -1.847368214491841e-13
103.0 -2.1989727955065974e-13
104.0 -2.4109152447652756e-13
105.0 -2.6249536248184175e-13
106.0 -2.8456896069207946e-13
107.0 -3.0587909853416173e-13
108.0 -3.216960021204961e-13
109.0 -3.3751290570683037e-13
110.0 -3.458003169010313e-13
111.0 -3.537979795520643e-13
112.0 -3.636944012924982e-13
113.0 -3.741896126592026e-13
114.0 -3.812263302658763e-13
115.0 -3.8498058186750166e-13
116.0 -3.8912371090322227e-13
117.0 -3.9464183672885176e-13
118.0 -4.0015996255448114e-13
119.0 -4.0109423214268725e-13
120.0 -4.0141268115197944e-13
121.0 -4.0232866429790866e-13
122.0 -4.038532430883043e-13
123.0 -4.050152359879392e-13
124.0 -4.0060161089550473e-13
125.0 -3.961879858030703e-13
126.0 -3.9392769261909577e-13
127.0 -3.932425998782429e-13
128.0 -3.924222821437369e-13
129.0 -3.8865165721301046e-13
130.0 -3.8488103228228406e-13
131.0 -3.823057723771469e-13
132.0 -3.81139775918812e-13
133.0 -3.7997377946047715e-13
134.0 -3.7607140157330846e-13
135.0 -3.7157580105786007e-13
136.0 -3.671519223266228e-13
137.0 -3.6320191752283854e-13
138.0 -3.5925191271905423e-13
139.0 -3.5486959784066354e-13
140.0 -3.4980172907805895e-13
141.0 -3.4473386031545437e-13
142.0 -3.406167140188397e-13
143.0 -3.3716970535619974e-13
144.0 -3.3372269669355983e-13
145.0 -3.300630172637972e-13
146.0 -3.263246039839957e-13
147.0 -3.2258619070419413e-13
148.0 -3.1893562721473303e-13
149.0 -3.153049573755377e-13
150.0 -3.1167428753634235e-13
151.0 -3.077096143624849e-13
152.0 -3.036822816983597e-13
153.0 -2.9965494903423455e-13
154.0 -2.958037070941485e-13
155.0 -2.919941358460319e-13
156.0 -2.881845645979153e-13
157.0 -2.844064528661973e-13
158.0 -2.806409444638104e-13
159.0 -2.768754360614235e-13
160.0 -2.72946735647596e-13
161.0 -2.6888812832481946e-13
162.0 -2.64829521002043e-13
163.0 -2.6089815318720896e-13
164.0 -2.572184446068731e-13
165.0 -2.5353873602653715e-13
166.0 -2.4990061892146254e-13
167.0 -2.470564359750227e-13
168.0 -2.442122530285828e-13
169.0 -2.413680700821429e-13
170.0 -2.387543921525136e-13
171.0 -2.3624074808400225e-13
172.0 -2.3372710401549083e-13
173.0 -2.3096573639056035e-13
174.0 -2.275584945146273e-13
175.0 -2.2415125263869426e-13
176.0 -2.2074401076276122e-13
177.0 -2.1772731484896727e-13
178.0 -2.148156971578172e-13
179.0 -2.119040794666671e-13
180.0 -2.0907793447303928e-13
181.0 -2.0654075590116468e-13
182.0 -2.0400357732929008e-13
183.0 -2.0146639875741547e-13
184.0 -1.9887544739586022e-13
185.0 -1.96248142499675e-13
186.0 -1.9362083760348973e-13
187.0 -1.909935327073045e-13
188.0 -1.8828308342597203e-13
189.0 -1.8556253007445512e-13
190.0 -1.8284197672293816e-13
191.0 -1.801841362697007e-13
192.0 -1.7802450480545763e-13
193.0 -1.758648733412146e-13
194.0 -1.7370524187697159e-13
195.0 -1.7163097550786876e-13
196.0 -1.6980531661252863e-13
197.0 -1.679796577171885e-13
198.0 -1.6615399882184837e-13
199.0 -1.6425046306634813e-13
200.0 -1.6218257938395942e-13
201.0 -1.6011469570157074e-13
202.0 -1.5804681201918203e-13
203.0 -1.560208152181858e-13
204.0 -1.5408895707468507e-13
205.0 -1.5215709893118435e-13
206.0 -1.5022524078768365e-13
207.0 -1.48372982758079e-13
208.0 -1.468143403593113e-13
209.0 -1.4525569796054363e-13
210.0 -1.4369705556177594e-13
211.0 -1.4211493724599632e-13
212.0 -1.3990259007452326e-13
213.0 -1.3769024290305024e-13
214.0 -1.3547789573157716e-13
215.0 -1.3326554856010413e-13
216.0 -1.316372061560217e-13
217.0 -1.301792370433333e-13
218.0 -1.287212679306449e-13
219.0 -1.2726329881795647e-13
220.0 -1.2609378307484877e-13
221.0 -1.253124539371763e-13
222.0 -1.2453112479950381e-13
223.0 -1.2374979566183137e-13
224.0 -1.229684665241589e-13
225.0 -1.2109183274486543e-13
226.0 -1.1920482633905006e-13
227.0 -1.1731781993323474e-13
228.0 -1.1543081352741937e-13
229.0 -1.1366221839541148e-13
230.0 -1.1202968030899302e-13
231.0 -1.1039714222257457e-13
232.0 -1.087646041361561e-13
233.0 -1.0713206604973767e-13
234.0 -1.0633316254900941e-13
235.0 -1.056829651978946e-13
236.0 -1.0503276784677981e-13
237.0 -1.0438257049566503e-13
238.0 -1.036335361593807e-13
239.0 -1.0227048306184903e-13
240.0 -1.0090742996431734e-13
241.0 -9.954437686678565e-14
242.0 -9.818132376925396e-14
243.0 -9.691755119640213e-14
244.0 -9.5852163740935e-14
245.0 -9.478677628546787e-14
246.0 -9.372138883000073e-14
247.0 -9.265600137453359e-14
248.0 -9.151629329785144e-14
249.0 -9.02786047202084e-14
250.0 -8.904091614256538e-14
251.0 -8.780322756492235e-14
252.0 -8.656553898727933e-14
253.0 -8.548285132529252e-14
254.0 -8.460552790832077e-14
255.0 -8.372820449134903e-14
256.0 -8.285088107437728e-14
257.0 -8.197355765740553e-14
258.0 -8.126242106070812e-14
259.0 -8.089196446254959e-14
260.0 -8.052150786439106e-14
261.0 -8.015105126623253e-14
262.0 -7.978059466807399e-14
263.0 -7.930522412477781e-14
264.0 -7.807865858610294e-14
265.0 -7.685209304742806e-14
266.0 -7.56255275087532e-14
267.0 -7.439896197007832e-14
268.0 -7.317239643140344e-14
269.0 -7.232246292471259e-14
270.0 -7.155969022005888e-14
271.0 -7.079691751540515e-14
272.0 -7.003414481075145e-14
273.0 -6.927137210609772e-14
274.0 -6.857899219392023e-14
275.0 -6.799473964374852e-14
276.0 -6.741048709357682e-14
277.0 -6.682623454340512e-14
278.0 -6.624198199323342e-14
279.0 -6.565772944306171e-14
280.0 -6.492522865653154e-14
281.0 -6.417000794794355e-14
282.0 -6.341478723935556e-14
283.0 -6.265956653076758e-14
284.0 -6.19043458221796e-14
285.0 -6.116115043027442e-14
286.0 -6.045861442124464e-14
287.0 -5.975607841221489e-14
288.0 -5.905354240318511e-14
289.0 -5.835100639415534e-14
290.0 -5.764847038512558e-14
291.0 -5.703894876385245e-14
292.0 -5.653203544009506e-14
293.0 -5.602512211633766e-14
294.0 -5.5518208792580265e-14
295.0 -5.5011295468822874e-14
296.0 -5.4504382145065476e-14
297.0 -5.3994770546100787e-14
298.0 -5.348340824013728e-14
299.0 -5.297204593417378e-14
