10.0 0.00590081565807
11.0 0.0055507455062
12.0 0.00522986711587
13.0 0.00493572039668
14.0 0.00466571265416
15.0 0.00441737371157
16.0 0.00418847500703
17.0 0.00397704961691
18.0 0.00378135776011
19.0 0.00359984200777
20.0 0.00343110981971
21.0 0.00327393399374
22.0 0.00312724145762
23.0 0.00299008895183
24.0 0.00286163885363
25.0 0.00274114071374
26.0 0.00262792082654
27.0 0.00252137977298
28.0 0.00242098941918
29.0 0.00232628053591
30.0 0.00223682543135
31.0 0.00215222858764
32.0 0.00207212928242
33.0 0.00199620625047
34.0 0.00192417419458
35.0 0.00185577374193
36.0 0.00179076374286
37.0 0.00172892012558
38.0 0.00167003754727
39.0 0.00161392892245
40.0 0.00156042255511
41.0 0.00150935961954
42.0 0.00146059329911
43.0 0.00141398850297
44.0 0.00136942094659
45.0 0.00132677566473
46.0 0.00128594558061
47.0 0.00124683038246
48.0 0.0012093357318
49.0 0.00117337298715
50.0 0.00113885952841
51.0 0.00110571925317
52.0 0.00107388253567
53.0 0.00104328534566
54.0 0.00101386792079
55.0 0.000985573656037
56.0 0.000958348540865
57.0 0.00093214099697
58.0 0.00090690182668
59.0 0.000882584177417
60.0 0.000859143618565
61.0 0.000836538380388
62.0 0.000814729615798
63.0 0.000793681455891
64.0 0.000773360741424
65.0 0.000753736516647
66.0 0.00073477949961
67.0 0.000716461721594
68.0 0.000698756406424
69.0 0.000681638031386
70.0 0.000665082441155
71.0 0.000649066890932
72.0 0.000633569954045
73.0 0.000618571303938
74.0 0.000604051435242
75.0 0.000589991408279
76.0 0.000576372690973
77.0 0.000563177143532
78.0 0.000550387149989
79.0 0.000537985851446
80.0 0.000525957393509
81.0 0.000514287089117
82.0 0.000502961431559
83.0 0.000491967957572
84.0 0.000481295021172
85.0 0.000470931562969
86.0 0.000460866940539
87.0 0.000451090842779
88.0 0.000441593272806
89.0 0.000432364565435
90.0 0.000423395406317
91.0 0.00041467683147
92.0 0.000406200200772
93.0 0.00039795715294
94.0 0.000389939559514
95.0 0.000382139497692
96.0 0.000374549254835
97.0 0.000367161364338
98.0 0.000359968660427
99.0 0.000352964334166
100.0 0.000346141975483
101.0 0.000339495592341
102.0 0.000333019603791
103.0 0.000326708807146
104.0 0.000320558322518
105.0 0.000314563522091
106.0 0.000308719955978
107.0 0.000303023288275
108.0 0.000297469253884
109.0 0.000292053639472
110.0 0.000286772283858
111.0 0.000281621088244
112.0 0.000276596026591
113.0 0.000271693150601
114.0 0.000266908589469
115.0 0.000262238549259
116.0 0.000257679318598
117.0 0.000253227285945
118.0 0.000248878969618
119.0 0.000244631056521
120.0 0.000240480440969
121.0 0.000236424252936
122.0 0.000232459866306
123.0 0.000228584882282
124.0 0.000224797089578
125.0 0.000221094409344
126.0 0.000217474836849
127.0 0.000213936392344
128.0 0.000210477090144
129.0 0.000207094928855
130.0 0.000203787899111
131.0 0.000200554000299
132.0 0.000197391256252
133.0 0.000194297722014
134.0 0.000191271478562
135.0 0.000188310617838
136.0 0.000185413224689
137.0 0.000182577363878
138.0 0.000179801078967
139.0 0.00017708240642
140.0 0.000174419403955
141.0 0.000171810188563
142.0 0.00016925297757
143.0 0.000166746125905
144.0 0.000164288154009
145.0 0.000161877762872
146.0 0.000159513834795
147.0 0.000157195420277
148.0 0.000154921712757
149.0 0.000152692013816
150.0 0.000150505692124
151.0 0.000148362139815
152.0 0.00014626073027
153.0 0.000144200781244
154.0 0.000142181526948
155.0 0.00014020210188
156.0 0.000138261538027
157.0 0.000136358775442
158.0 0.000134492684539
159.0 0.00013266209681
160.0 0.000130865839514
161.0 0.000129102769435
162.0 0.000127371801144
163.0 0.000125671926402
164.0 0.000124002223079
165.0 0.000122361853944
166.0 0.000120750057502
167.0 0.000119166134274
168.0 0.000117609432397
169.0 0.000116079335994
170.0 0.000114575258699
171.0 0.000113096643103
172.0 0.000111642965305
173.0 0.000110213742336
174.0 0.000108808539473
175.0 0.000107426974356
176.0 0.000106068715514
177.0 0.000104733474092
178.0 0.00010342098913
179.0 0.000102131008213
180.0 0.000100863266386
181.0 9.96174667721e-05
182.0 9.83932660498e-05
183.0 9.71902670965e-05
184.0 9.60080197131e-05
185.0 9.48460288272e-05
186.0 9.3703768174e-05
187.0 9.25806965167e-05
188.0 9.14762731456e-05
189.0 9.03899697716e-05
190.0 8.93212768951e-05
191.0 8.8269704082e-05
192.0 8.72347750175e-05
193.0 8.62160194259e-05
194.0 8.52129646824e-05
195.0 8.42251300467e-05
196.0 8.32520259086e-05
197.0 8.22931593603e-05
198.0 8.13480460447e-05
199.0 8.04162268411e-05
200.0 7.94972868329e-05
201.0 7.85908733595e-05
202.0 7.76967099183e-05
203.0 7.68146032412e-05
204.0 7.59444419147e-05
205.0 7.50861862501e-05
206.0 7.42398504876e-05
207.0 7.34054796024e-05
208.0 7.25831237635e-05
209.0 7.17728137578e-05
210.0 7.09745404105e-05
211.0 7.0188240282e-05
212.0 6.9413788859e-05
213.0 6.86510012868e-05
214.0 6.78996396293e-05
215.0 6.71594248605e-05
216.0 6.64300513951e-05
217.0 6.57112019824e-05
218.0 6.50025611489e-05
219.0 6.43038259628e-05
220.0 6.36147135568e-05
221.0 6.29349654404e-05
222.0 6.22643490549e-05
223.0 6.16026572289e-05
224.0 6.09497061915e-05
225.0 6.03053326585e-05
226.0 5.96693903091e-05
227.0 5.9041745807e-05
228.0 5.84222744455e-05
229.0 5.78108555327e-05
230.0 5.72073677573e-05
231.0 5.66116849312e-05
232.0 5.60236726231e-05
233.0 5.54431862199e-05
234.0 5.48700708435e-05
235.0 5.43041633188e-05
236.0 5.37452960726e-05
237.0 5.3193302509e-05
238.0 5.26480231343e-05
239.0 5.21093115528e-05
240.0 5.15770394564e-05
241.0 5.10510998996e-05
242.0 5.05314084303e-05
243.0 5.00179020007e-05
244.0 4.95105359217e-05
245.0 4.90092793982e-05
246.0 4.85141103388e-05
247.0 4.80250101611e-05
248.0 4.75419592143e-05
249.0 4.70649332514e-05
250.0 4.65939011461e-05
251.0 4.61288238092e-05
252.0 4.56696540574e-05
253.0 4.52163370535e-05
254.0 4.47688108858e-05
255.0 4.43270068819e-05
256.0 4.38908493555e-05
257.0 4.34602546415e-05
258.0 4.30351294548e-05
259.0 4.2615368802e-05
260.0 4.22008538288e-05
261.0 4.17914501053e-05
262.0 4.13870068856e-05
263.0 4.09873578373e-05
264.0 4.05923236018e-05
265.0 4.0201716336e-05
266.0 3.98153461143e-05
267.0 3.94330287771e-05
268.0 3.90545945359e-05
269.0 3.86798964335e-05
270.0 3.83088176497e-05
271.0 3.79412766726e-05
272.0 3.75772295251e-05
273.0 3.72166685458e-05
274.0 3.68596176305e-05
275.0 3.65061242919e-05
276.0 3.61562493318e-05
277.0 3.58100552648e-05
278.0 3.54675948401e-05
279.0 3.51289010276e-05
280.0 3.47939796759e-05
281.0 3.44628057126e-05
282.0 3.41353233105e-05
283.0 3.38114499353e-05
284.0 3.34910837061e-05
285.0 3.31741130999e-05
286.0 3.28604277738e-05
287.0 3.25499291847e-05
288.0 3.22425397746e-05
289.0 3.19382097144e-05
290.0 3.16369205487e-05
291.0 3.13386854737e-05
292.0 3.10435463832e-05
293.0 3.07515681598e-05
294.0 3.04628309497e-05
295.0 3.01774213074e-05
296.0 2.98954231337e-05
297.0 2.96169092565e-05
298.0 2.93419343549e-05
299.0 2.90705297144e-05
