10.0 0.05158355366837174
11.0 0.03839591777424633
12.0 0.02820636068567861
13.0 0.02031607025949959
14.0 0.014306960248875032
15.0 0.00979346488555665
16.0 0.006392661387056473
17.0 0.003942490275920853
18.0 0.002137502781564133
19.0 0.0008756487311340062
20.0 -2.511452201073598e-05
21.0 -0.0006112443938500105
22.0 -0.000998983519044791
23.0 -0.0012172378140765884
24.0 -0.0013222167657244526
25.0 -0.0013581834418915453
26.0 -0.0013245455615801395
27.0 -0.0012760148583286026
28.0 -0.0011797895113144067
29.0 -0.0010902671834931849
30.0 -0.000975919231741645
31.0 -0.0008815999202365307
32.0 -0.0007702383992037988
33.0 -0.0006767708987714372
34.0 -0.0005749322245901019
35.0 -0.0005168465211875041
36.0 -0.00038339047357544156
37.0 -0.00038397091356954843
38.0 -0.00028556769832445834
39.0 -0.00019207011664326636
40.0 -0.00019715501770406805
41.0 -0.000181740033202359
42.0 -9.767102560745646e-05
43.0 -2.198639434623964e-05
44.0 5.42971875697378e-06
45.0 3.0464969448945346e-07
46.0 -1.9121016265858024e-05
47.0 -3.757267553253629e-05
48.0 -4.186944557836589e-05
49.0 -3.9026089528049235e-05
50.0 -2.944222283889448e-05
51.0 -2.7568948120904095e-05
52.0 -2.7713925374892636e-05
53.0 -1.6135355676669737e-05
54.0 1.5065190290649714e-05
55.0 7.198579200944892e-05
56.0 0.00012835468498422625
57.0 0.00016743354634324084
58.0 0.00014649835059720955
59.0 5.68482664253213e-05
60.0 -4.9133121855187763e-05
61.0 -5.570830672495586e-05
62.0 6.37018505485074e-05
63.0 0.0001804777922907904
64.0 9.973803503703007e-05
65.0 -8.104007497009674e-05
66.0 -5.429983393739309e-05
67.0 0.00015423415993931158
68.0 0.00012571356548874294
69.0 -0.0001122241447591729
70.0 -2.19813742836745e-05
71.0 0.00019636935111005567
72.0 -2.7625807756482636e-05
73.0 -0.00012018503819900834
74.0 0.0001863197787437325
75.0 1.159616587391043e-05
76.0 -0.0001469307823706735
77.0 0.00019719346386883394
78.0 -4.350717876731406e-05
79.0 -0.00010577782324727797
80.0 0.00022503445933206337
81.0 -0.00016512343661196933
82.0 5.940314628685618e-05
83.0 8.768723996844455e-05
84.0 -0.00018318759522380784
85.0 0.00024207321591641461
86.0 -0.0001957011761074335
87.0 0.0001212918707991361
88.0 -1.5980995844433442e-05
89.0 -7.814195103011892e-05
90.0 0.00016310803090447066
91.0 -0.00021963828679104797
92.0 0.0002567142967528587
93.0 -0.0002599157158131831
94.0 0.0002602358497551687
95.0 -0.0002499120075320972
96.0 0.00024275886210537836
97.0 -0.00021258782868637975
98.0 0.0002084095532314063
99.0 -0.00020209211107233594
100.0 0.00020473990085682892
101.0 -0.00020036629074682725
102.0 0.0002212402574076402
103.0 -0.00023137529602767
104.0 0.00026167465185066306
105.0 -0.0002816855719624963
106.0 0.000306282259785553
107.0 -0.00031206059316120913
108.0 0.00031947857573122793
109.0 -0.00030701899949769164
110.0 0.00024780091161726015
111.0 -0.00019446671704728281
112.0 9.071197238694677e-05
113.0 1.8553944032721404e-05
114.0 -0.00014648098779768723
115.0 0.00026360245243681516
116.0 -0.00032461943723296175
117.0 0.00034364933449712267
118.0 -0.00030081550550189464
119.0 0.00015677744257342106
120.0 8.204003218585435e-06
121.0 -0.0001912985394141406
122.0 0.00033757531357773453
123.0 -0.0003665484111308601
124.0 0.00026919862547597614
125.0 -9.300065003683423e-05
126.0 -0.00015403736722399204
127.0 0.00034886322898501507
128.0 -0.0003756893874591349
129.0 0.00023125398913106075
130.0 1.7326088735796425e-06
131.0 -0.0002627260094508598
132.0 0.0004019926718066734
133.0 -0.000311885775816007
134.0 1.8144602163991282e-05
135.0 0.0002782207891852195
136.0 -0.000402672394877275
137.0 0.00026603681227560115
138.0 4.605046748034752e-05
139.0 -0.0003348277108265289
140.0 0.00038994587840841805
141.0 -0.000161449654601231
142.0 -0.00021396534496903952
143.0 0.00042766396117622965
144.0 -0.000287867746084624
145.0 -0.00011638761858378151
146.0 0.00042177957646136557
147.0 -0.0003507528679150761
148.0 -5.8651985808596346e-05
149.0 0.00041718161468676126
150.0 -0.0003737817521714092
151.0 -5.270037284242559e-05
152.0 0.0004264815633866554
153.0 -0.0003628787582797074
154.0 -9.278042018343705e-05
155.0 0.00044989541679735657
156.0 -0.0003152266377992918
157.0 -0.00018164367767791142
158.0 0.00046303755879530497
159.0 -0.00020200870382212276
160.0 -0.00030029676399477166
161.0 0.00041802080797111917
162.0 -6.277814619611179e-06
163.0 -0.00041536664575621686
164.0 0.00028174377276989857
165.0 0.0002490804384907247
166.0 -0.00046441384606297424
167.0 4.266432970432985e-05
168.0 0.0004526265859315349
169.0 -0.0003397202718239634
170.0 -0.00023935793416527255
171.0 0.0004501148020531105
172.0 8.028173115078577e-06
173.0 -0.00045402828671023843
174.0 0.0001887293156501265
175.0 0.00040610555351435705
176.0 -0.00040969188604289433
177.0 -0.00020616823929978345
178.0 0.0004687186013088108
179.0 3.2309842507593745e-05
180.0 -0.0004732336631613121
181.0 0.0001097831373440285
182.0 0.0004723994735158963
183.0 -0.000310624600460177
184.0 -0.00033818825658686916
185.0 0.0003544723997040034
186.0 0.0003002717776263476
187.0 -0.00046818948058011025
188.0 -0.00017210878119344438
189.0 0.00047776331656969887
190.0 9.820357407799685e-05
191.0 -0.0004990485137349706
192.0 -3.21576442696749e-05
193.0 0.0005182137088559056
194.0 -5.338235568890919e-05
195.0 -0.00048453409735522247
196.0 5.52997772122415e-05
197.0 0.00052441687140488
198.0 -0.00012979917455455042
199.0 -0.0004739870445650429
200.0 8.301997813418214e-05
201.0 0.0005261100810428927
202.0 -0.00012854626836856665
203.0 -0.00047735161961700884
204.0 5.385550181184885e-05
205.0 0.0005308534688560815
206.0 -6.058636989602588e-05
207.0 -0.0005001249378909405
208.0 -2.7680385873245387e-05
209.0 0.0005226906419301445
210.0 8.516535341983128e-05
211.0 -0.0005133897247671483
212.0 -0.00015893883502710374
213.0 0.00045748546947326765
214.0 0.0002926704897525435
215.0 -0.00046116928454943993
216.0 -0.00031531025426135103
217.0 0.0002978021969631072
218.0 0.00048401252519093943
219.0 -0.00027581847737731476
220.0 -0.0004596093568000378
221.0 5.614794310377187e-05
222.0 0.0005401331939732381
223.0 7.279961296929127e-05
224.0 -0.0005145687654683872
225.0 -0.00021537232092827427
226.0 0.0003785505510620035
227.0 0.00044177452658805845
228.0 -0.00032730548270395364
229.0 -0.0004526534568634803
230.0 4.7528576306478725e-05
231.0 0.0005388805695500568
232.0 0.00015988205090623495
233.0 -0.0005029042899423669
234.0 -0.0003074018043804987
235.0 0.00025733269716143837
236.0 0.0005395158004075224
237.0 -0.00010431052247729892
238.0 -0.0005213643499484539
239.0 -0.00017335413568446195
240.0 0.0003899469337578358
241.0 0.00047106404926521695
242.0 -0.0002681582372172959
243.0 -0.0004917148275065386
244.0 -8.176364097867587e-05
245.0 0.0004543874014643747
246.0 0.0004049783710209498
247.0 -0.0003426975453496169
248.0 -0.0004686934393577174
249.0 -4.5792413762617204e-05
250.0 0.00047329413733612015
251.0 0.0003929377890675193
252.0 -0.00035006036039474353
253.0 -0.0004691850506670242
254.0 -6.1084512156521e-05
255.0 0.000450793004490234
256.0 0.0004300811209201955
257.0 -0.0002960321892202237
258.0 -0.0004889870554082595
259.0 -0.00012770478998660128
260.0 0.0003829405384486545
261.0 0.0005043279732036478
262.0 -0.0001636014052025664
263.0 -0.0005168066037158311
264.0 -0.00022948642648402552
265.0 0.0002585627746904737
266.0 0.000556595841617178
267.0 6.410079208795631e-05
268.0 -0.0005022718579436781
269.0 -0.00035268494972697136
270.0 7.743118745625607e-05
271.0 0.0005139460534585024
272.0 0.000344314304704681
273.0 -0.0003581958054892044
274.0 -0.0004724961191470968
275.0 -0.00013521746808114747
276.0 0.00034038242382184136
277.0 0.0005394874582600938
278.0 -1.6318940048708396e-05
279.0 -0.000509529648954101
280.0 -0.000336907990531683
281.0 6.653967165646116e-05
282.0 0.0004925479081209923
283.0 0.0003973782541620324
284.0 -0.00028175510856955283
285.0 -0.0004915708746065788
286.0 -0.0002188040846262014
287.0 0.00020776405904504727
288.0 0.0005482924318888019
289.0 0.0002376953183121527
290.0 -0.0004149470308133042
291.0 -0.00044678494104242534
292.0 -0.00013434490907102798
293.0 0.0002985909310560756
294.0 0.0005485999004100503
295.0 0.00012210651846250234
296.0 -0.0004605168894745168
297.0 -0.0004106973586424493
298.0 -9.762157869074954e-05
299.0 0.00032834619346349954
