10.0 0.0203592663655
11.0 0.013389548991
12.0 0.00836096157439
13.0 0.00481991255717
14.0 0.00238912516053
15.0 0.000770859028135
16.0 -0.000262559712714
17.0 -0.00088235715398
18.0 -0.00121555489498
19.0 -0.0013546198683
20.0 -0.00136552709047
21.0 -0.0012946885446
22.0 -0.00117451004857
23.0 -0.001027463075
24.0 -0.00086889066421
25.0 -0.000708946338432
26.0 -0.000554040774505
27.0 -0.00040799290471
28.0 -0.000272907075343
29.0 -0.000149764911718
30.0 -3.87947626511e-05
31.0 6.02776657206e-05
32.0 0.000148034805104
33.0 0.000225221447487
34.0 0.000292655161737
35.0 0.00035118264172
36.0 0.000401653686941
37.0 0.000444890589257
38.0 0.000481657021117
39.0 0.000512645707068
40.0 0.00053848920426
41.0 0.000559774503622
42.0 0.000577042304803
43.0 0.000590774732083
44.0 0.000601390450583
45.0 0.000609255933238
46.0 0.000614702054678
47.0 0.00061803134404
48.0 0.000619514904596
49.0 0.000619389627539
50.0 0.000617862810499
51.0 0.000615120367299
52.0 0.000611331073727
53.0 0.0006066453097
54.0 0.000601193131337
55.0 0.00059508589925
56.0 0.000588420645186
57.0 0.00058128365132
58.0 0.000573751608102
59.0 0.00056589181991
60.0 0.000557763523252
61.0 0.000549420440095
62.0 0.000540912838584
63.0 0.000532287541619
64.0 0.000523586074737
65.0 0.000514842671842
66.0 0.000506083873386
67.0 0.000497330138151
68.0 0.000488598456303
69.0 0.000479904498424
70.0 0.000471263508353
71.0 0.000462690179202
72.0 0.000454198244314
73.0 0.000445800227282
74.0 0.000437507238566
75.0 0.000429328532548
76.0 0.000421270879997
77.0 0.000413338220262
78.0 0.000405532042484
79.0 0.000397852483514
80.0 0.000390299648212
81.0 0.00038287456046
82.0 0.000375579447495
83.0 0.000368417429343
84.0 0.000361391855591
85.0 0.00035450550514
86.0 0.000347759816232
87.0 0.000341154342756
88.0 0.000334686660173
89.0 0.000328352841043
90.0 0.0003221483812
91.0 0.000316069229815
92.0 0.000310112524099
93.0 0.000304276788331
94.0 0.000298561615599
95.0 0.000292967051956
96.0 0.000287492959476
97.0 0.000282138564552
98.0 0.000276902276015
99.0 0.000271781751444
100.0 0.000266774128528
101.0 0.000261876320498
102.0 0.000257085288238
103.0 0.000252398232259
104.0 0.00024781268107
105.0 0.000243326478372
106.0 0.000238937688374
107.0 0.000234644452039
108.0 0.000230444840678
109.0 0.000226336760864
110.0 0.000222317954033
111.0 0.000218386099703
112.0 0.000214538984063
113.0 0.000210774659961
114.0 0.000207091522147
115.0 0.000203488256963
116.0 0.000199963681042
117.0 0.000196516530376
118.0 0.000193145277396
119.0 0.000189848035744
120.0 0.000186622574346
121.0 0.000183466424949
122.0 0.00018037704556
123.0 0.000177351998562
124.0 0.000174389109622
125.0 0.000171486582652
126.0 0.000168643052714
127.0 0.000165857564867
128.0 0.000163129476787
129.0 0.00016045829856
130.0 0.000157843500827
131.0 0.000155284335497
132.0 0.000152779714381
133.0 0.00015032817777
134.0 0.000147927960358
135.0 0.000145577134146
136.0 0.000143273786702
137.0 0.000141016185501
138.0 0.000138802887053
139.0 0.000136632769277
140.0 0.000134504989494
141.0 0.000132418890239
142.0 0.000130373885139
143.0 0.000128369356082
144.0 0.000126404583353
145.0 0.000124478717395
146.0 0.00012259078907
147.0 0.000120739747777
148.0 0.000118924514228
149.0 0.00011714403564
150.0 0.000115397333765
151.0 0.000113683538855
152.0 0.000112001904883
153.0 0.000110351803467
154.0 0.000108732696829
155.0 0.000107144093934
156.0 0.00010558549825
157.0 0.000104056358902
158.0 0.000102556037719
159.0 0.000101083801801
160.0 9.96388450053e-05
161.0 9.82203337039e-05
162.0 9.68274648477e-05
163.0 9.54595202489e-05
164.0 9.41159016017e-05
165.0 9.27961360622e-05
166.0 9.14998506277e-05
167.0 9.02267224893e-05
168.0 8.89764192943e-05
169.0 8.7748545894e-05
170.0 8.65426120615e-05
171.0 8.53580296111e-05
172.0 8.41941391989e-05
173.0 8.3050259154e-05
174.0 8.19257431144e-05
175.0 8.08200314185e-05
176.0 7.97326834398e-05
177.0 7.86633835771e-05
178.0 7.7611920742e-05
179.0 7.65781479053e-05
180.0 7.55619327334e-05
181.0 7.45631115046e-05
182.0 7.35814563267e-05
183.0 7.26166611556e-05
184.0 7.16683468216e-05
185.0 7.07360808106e-05
186.0 6.98194050017e-05
187.0 6.89178642252e-05
188.0 6.80310299187e-05
189.0 6.71585154414e-05
190.0 6.62999818971e-05
191.0 6.54551350818e-05
192.0 6.46237152954e-05
193.0 6.38054824495e-05
194.0 6.30001993875e-05
195.0 6.22076166929e-05
196.0 6.14274623138e-05
197.0 6.06594387933e-05
198.0 5.99032295513e-05
199.0 5.91585136029e-05
200.0 5.84249857635e-05
201.0 5.77023774701e-05
202.0 5.69904725504e-05
203.0 5.62891130189e-05
204.0 5.55981922366e-05
205.0 5.49176360029e-05
206.0 5.42473754662e-05
207.0 5.35873181815e-05
208.0 5.29373244735e-05
209.0 5.22971951994e-05
210.0 5.16666742971e-05
211.0 5.10454658808e-05
212.0 5.04332620462e-05
213.0 4.98297749178e-05
214.0 4.92347654606e-05
215.0 4.86480623892e-05
216.0 4.80695668948e-05
217.0 4.74992422236e-05
218.0 4.69370905698e-05
219.0 4.63831224833e-05
220.0 4.58373254627e-05
221.0 4.52996383561e-05
222.0 4.47699367266e-05
223.0 4.42480318577e-05
224.0 4.37336831572e-05
225.0 4.32266209848e-05
226.0 4.27265749338e-05
227.0 4.2233301689e-05
228.0 4.17466069174e-05
229.0 4.12663570897e-05
230.0 4.07924793708e-05
231.0 4.03249502567e-05
232.0 3.98637759486e-05
233.0 3.94089690352e-05
234.0 3.89605265862e-05
235.0 3.85184141333e-05
236.0 3.80825584105e-05
237.0 3.765284954e-05
238.0 3.72291511221e-05
239.0 3.6811314957e-05
240.0 3.63991962976e-05
241.0 3.5992665765e-05
242.0 3.55916152437e-05
243.0 3.51959568496e-05
244.0 3.48056159378e-05
245.0 3.44205206115e-05
246.0 3.40405909256e-05
247.0 3.3665730842e-05
248.0 3.32958250632e-05
249.0 3.29307414685e-05
250.0 3.25703383906e-05
251.0 3.22144747813e-05
252.0 3.1863020707e-05
253.0 3.15158656779e-05
254.0 3.11729229753e-05
255.0 3.08341291982e-05
256.0 3.04994394005e-05
257.0 3.01688191741e-05
258.0 2.98422356362e-05
259.0 2.95196493963e-05
260.0 2.92010092367e-05
261.0 2.88862505415e-05
262.0 2.85752976426e-05
263.0 2.82680694022e-05
264.0 2.79644867035e-05
265.0 2.76644801824e-05
266.0 2.73679965665e-05
267.0 2.70750023362e-05
268.0 2.67854840217e-05
269.0 2.64994451383e-05
270.0 2.6216900407e-05
271.0 2.59378683815e-05
272.0 2.56623638172e-05
273.0 2.53903910564e-05
274.0 2.51219394044e-05
275.0 2.4856981011e-05
276.0 2.45954712695e-05
277.0 2.43373513095e-05
278.0 2.408255186e-05
279.0 2.38309976608e-05
280.0 2.3582611666e-05
281.0 2.33373184956e-05
282.0 2.30950468553e-05
283.0 2.28557309055e-05
284.0 2.26193107505e-05
285.0 2.23857323128e-05
286.0 2.21549468596e-05
287.0 2.19269103836e-05
288.0 2.17015829444e-05
289.0 2.14789279968e-05
290.0 2.12589116838e-05
291.0 2.10415020673e-05
292.0 2.08266682998e-05
293.0 2.06143797856e-05
294.0 2.04046054134e-05
295.0 2.01973129596e-05
296.0 1.99924687422e-05
297.0 1.97900375686e-05
298.0 1.95899829693e-05
299.0 1.93922676594e-05
