10.0 0.0145867470971
11.0 0.00814403278585
12.0 0.00372309741758
13.0 0.000819566448725
14.0 -0.00097977489189
15.0 -0.0019964049058
16.0 -0.0024723257808
17.0 -0.00258618453266
18.0 -0.00246758939285
19.0 -0.00220838444004
20.0 -0.0018719216127
21.0 -0.00150084799824
22.0 -0.00112325043244
23.0 -0.000757119802051
24.0 -0.00041341186738
25.0 -9.81425583923e-05
26.0 0.000186080520164
27.0 0.000438872262554
28.0 0.000661190142824
29.0 0.000854757752086
30.0 0.00102172021285
31.0 0.0011644230189
32.0 0.00128524864165
33.0 0.00138650130449
34.0 0.00147034598581
35.0 0.00153879093786
36.0 0.00159368556455
37.0 0.00163671150749
38.0 0.00166937078565
39.0 0.00169299006345
40.0 0.00170874563994
41.0 0.00171769049391
42.0 0.00172076467322
43.0 0.00171879275706
44.0 0.00171248713398
45.0 0.00170246591902
46.0 0.00168927511785
47.0 0.00167340081
48.0 0.00165527050667
49.0 0.00163525423478
50.0 0.00161367242857
51.0 0.00159080694641
52.0 0.00156690781928
53.0 0.00154219422773
54.0 0.00151685446474
55.0 0.00149104905698
56.0 0.00146491627892
57.0 0.00143857665053
58.0 0.00141213487671
59.0 0.00138568073806
60.0 0.00135929102524
61.0 0.00133303269158
62.0 0.00130696555433
63.0 0.00128114299652
64.0 0.00125561079694
65.0 0.00123040570004
66.0 0.00120555537768
67.0 0.00118108019895
68.0 0.00115699586696
69.0 0.00113331555997
70.0 0.00111005086474
71.0 0.00108721177302
72.0 0.00106480646414
73.0 0.0010428412894
74.0 0.00102132081272
75.0 0.00100024758447
76.0 0.000979621664998
77.0 0.000959440332684
78.0 0.000939698423261
79.0 0.00092038932061
80.0 0.000901506162469
81.0 0.000883042728051
82.0 0.000864993746179
83.0 0.000847354698017
84.0 0.000830121328566
85.0 0.000813289035652
86.0 0.000796852251914
87.0 0.000780803972847
88.0 0.000765135632956
89.0 0.000749837458769
90.0 0.000734899217775
91.0 0.000720311071774
92.0 0.000706064188454
93.0 0.000692150903583
94.0 0.000678564455556
95.0 0.00066529848892
96.0 0.000652346565351
97.0 0.000639701849583
98.0 0.000627357025987
99.0 0.000615304410473
100.0 0.00060353617573
101.0 0.000592044600793
102.0 0.000580822274765
103.0 0.000569862215184
104.0 0.000559157891158
105.0 0.000548703161521
106.0 0.000538492149217
107.0 0.000528519081641
108.0 0.000518778137601
109.0 0.000509263349148
110.0 0.000499968598631
111.0 0.000490887721078
112.0 0.000482014678451
113.0 0.000473343737727
114.0 0.000464869580043
115.0 0.000456587298228
116.0 0.000448492289268
117.0 0.000440580090937
118.0 0.000432846227651
119.0 0.000425286116254
120.0 0.000417895050701
121.0 0.000410668254273
122.0 0.000403600971889
123.0 0.000396688574749
124.0 0.000389926657082
125.0 0.000383311111635
126.0 0.000376838172761
127.0 0.00037050441643
128.0 0.000364306710302
129.0 0.000358242117302
130.0 0.000352307770483
131.0 0.000346500749316
132.0 0.00034081799118
133.0 0.000335256263614
134.0 0.000329812204854
135.0 0.000324482418847
136.0 0.000319263594196
137.0 0.000314152610525
138.0 0.000309146602222
139.0 0.000304242965354
140.0 0.000299439312298
141.0 0.000294733393562
142.0 0.000290123012774
143.0 0.000285605958259
144.0 0.000281179965512
145.0 0.000276842713685
146.0 0.000272591850056
147.0 0.00026842503151
148.0 0.000264339971602
149.0 0.000260334484051
150.0 0.000256406516659
151.0 0.000252554172063
152.0 0.000248775713073
153.0 0.000245069551257
154.0 0.000241434218909
155.0 0.000237868327076
156.0 0.000234370515779
157.0 0.000230939405661
158.0 0.000227573561558
159.0 0.000224271476837
160.0 0.000221031582655
161.0 0.000217852279777
162.0 0.000214731984257
163.0 0.0002116691743
164.0 0.000208662425336
165.0 0.000205710424037
166.0 0.000202811958357
167.0 0.000199965887775
168.0 0.00019717110351
169.0 0.00019442649096
170.0 0.000191730905444
171.0 0.000189083168029
172.0 0.000186482082194
173.0 0.00018392646613
174.0 0.000181415191216
175.0 0.000178947215779
176.0 0.000176521604853
177.0 0.000174137530787
178.0 0.000171794254878
179.0 0.000169491095196
180.0 0.000167227388997
181.0 0.000165002458773
182.0 0.000162815589089
183.0 0.000160666017743
184.0 0.000158552940705
185.0 0.000156475527088
186.0 0.000154432938805
187.0 0.00015242434975
188.0 0.00015044896078
189.0 0.000148506008708
190.0 0.000146594769167
191.0 0.000144714554203
192.0 0.000142864705903
193.0 0.000141044587463
194.0 0.000139253573247
195.0 0.000137491039701
196.0 0.000135756359209
197.0 0.000134048898939
198.0 0.000132368025979
199.0 0.000130713118661
200.0 0.000129083582176
201.0 0.000127478864938
202.0 0.000125898471293
203.0 0.000124341966488
204.0 0.000122808971421
205.0 0.00012129914716
206.0 0.000119812171928
207.0 0.000118347715362
208.0 0.000116905415806
209.0 0.00011548486585
210.0 0.00011408560943
211.0 0.000112707151101
212.0 0.000111348975273
213.0 0.000110010570966
214.0 0.000108691456606
215.0 0.000107391199613
216.0 0.000106109427033
217.0 0.000104845825654
218.0 0.000103600132465
219.0 0.0001023721183
220.0 0.000101161568728
221.0 9.99682664287e-05
222.0 9.87919785854e-05
223.0 9.76324513521e-05
224.0 9.64894117487e-05
225.0 9.53625756308e-05
226.0 9.42516591386e-05
227.0 9.31563904152e-05
228.0 9.20765185218e-05
229.0 9.10118172892e-05
230.0 8.99620831558e-05
231.0 8.89271275426e-05
232.0 8.79067656749e-05
233.0 8.6900804663e-05
234.0 8.5909033866e-05
235.0 8.49312200349e-05
236.0 8.39671085628e-05
237.0 8.30164306489e-05
238.0 8.20789146829e-05
239.0 8.11542990677e-05
240.0 8.02423432922e-05
241.0 7.93428344656e-05
242.0 7.84555876107e-05
243.0 7.75804395124e-05
244.0 7.67172374413e-05
245.0 7.58658252393e-05
246.0 7.5026029792e-05
247.0 7.41976507255e-05
248.0 7.33804553382e-05
249.0 7.25741795651e-05
250.0 7.17785344775e-05
251.0 7.09932167654e-05
252.0 7.02179210369e-05
253.0 6.94523516896e-05
254.0 6.86962325103e-05
255.0 6.79493128823e-05
256.0 6.72113703238e-05
257.0 6.64822098361e-05
258.0 6.5761661065e-05
259.0 6.50495744867e-05
260.0 6.43458177389e-05
261.0 6.36502728847e-05
262.0 6.29628349453e-05
263.0 6.22834115813e-05
264.0 6.16119234445e-05
265.0 6.09483045454e-05
266.0 6.02925019902e-05
267.0 5.96444746347e-05
268.0 5.90041905042e-05
269.0 5.83716231707e-05
270.0 5.77467475666e-05
271.0 5.71295358863e-05
272.0 5.65199542397e-05
273.0 5.59179605787e-05
274.0 5.53235041526e-05
275.0 5.47365264283e-05
276.0 5.41569631112e-05
277.0 5.35847466918e-05
278.0 5.30198088685e-05
279.0 5.2462082263e-05
280.0 5.19115010395e-05
281.0 5.13680002982e-05
282.0 5.08315143831e-05
283.0 5.03019744584e-05
284.0 4.97793058273e-05
285.0 4.92634254775e-05
286.0 4.87542402508e-05
287.0 4.82516458818e-05
288.0 4.77555269848e-05
289.0 4.7265757912e-05
290.0 4.67822043045e-05
291.0 4.63047251098e-05
292.0 4.58331748405e-05
293.0 4.53674058827e-05
294.0 4.4907270715e-05
295.0 4.44526239406e-05
296.0 4.40033240706e-05
297.0 4.35592350177e-05
298.0 4.31202272732e-05
299.0 4.26861787558e-05
