10.0 0.00650698517666
11.0 0.00609087740047
12.0 0.00571141438533
13.0 0.00536507815493
14.0 0.00504839059032
15.0 0.00475823354955
16.0 0.00449186543634
17.0 0.00424681103093
18.0 0.0040208224669
19.0 0.00381191500993
20.0 0.00361837714183
21.0 0.00343872833284
22.0 0.00327166318302
23.0 0.00311601380033
24.0 0.00297073538971
25.0 0.00283490248976
26.0 0.00270770104085
27.0 0.00258841188605
28.0 0.00247639239216
29.0 0.00237106363417
30.0 0.00227190335872
31.0 0.00217844042908
32.0 0.00209024844454
33.0 0.00200693960039
34.0 0.00192816039889
35.0 0.00185358913038
36.0 0.00178293351695
37.0 0.00171592728319
38.0 0.0016523262988
39.0 0.00159190594334
40.0 0.00153446009861
41.0 0.00147980036119
42.0 0.00142775411238
43.0 0.00137816183568
44.0 0.00133087518193
45.0 0.00128575644078
46.0 0.00124267855059
47.0 0.00120152448737
48.0 0.00116218593299
49.0 0.00112456202224
50.0 0.00108855870865
51.0 0.00105408846496
52.0 0.0010210697596
53.0 0.000989426215575
54.0 0.000959085840813
55.0 0.000929980658743
56.0 0.000902046664605
57.0 0.000875223810654
58.0 0.000849455858547
59.0 0.000824690171046
60.0 0.000800877563322
61.0 0.000777972196727
62.0 0.000755931378033
63.0 0.000734715168318
64.0 0.000714285862798
65.0 0.000694607524401
66.0 0.000675645736728
67.0 0.000657367608692
68.0 0.00063974192276
69.0 0.000622739269032
70.0 0.000606332063112
71.0 0.000590494441739
72.0 0.000575202088821
73.0 0.000560432040351
74.0 0.000546162485751
75.0 0.000532372573813
76.0 0.000519042252684
77.0 0.000506152191536
78.0 0.00049368381221
79.0 0.000481619406605
80.0 0.000469942269169
81.0 0.000458636768152
82.0 0.000447688314264
83.0 0.000437083232194
84.0 0.000426808571904
85.0 0.000416851906971
86.0 0.00040720116616
87.0 0.000397844538628
88.0 0.000388770478806
89.0 0.000379967809471
90.0 0.000371425886563
91.0 0.000363134763895
92.0 0.000355085294905
93.0 0.000347269133511
94.0 0.000339678633467
95.0 0.000332306677529
96.0 0.000325146482718
97.0 0.000318191425207
98.0 0.000311434914411
99.0 0.000304870328463
100.0 0.000298491008156
101.0 0.000292290296092
102.0 0.000286261603091
103.0 0.000280398484067
104.0 0.000274694709052
105.0 0.000269144320015
106.0 0.00026374166925
107.0 0.000258481439714
108.0 0.000253358651123
109.0 0.000248368657058
110.0 0.000243507137035
111.0 0.000238770083845
112.0 0.000234153782324
113.0 0.000229654773786
114.0 0.000225269802467
115.0 0.000220995746247
116.0 0.0002168295411
117.0 0.000212768113639
118.0 0.000208808336396
119.0 0.000204947015789
120.0 0.000201180914835
121.0 0.000197506804633
122.0 0.000193921532612
123.0 0.000190422092906
124.0 0.000187005684694
125.0 0.000183669747266
126.0 0.000180411965061
127.0 0.00017723024142
128.0 0.00017412264562
129.0 0.000171087343101
130.0 0.000168122522507
131.0 0.00016522633421
132.0 0.000162396852679
133.0 0.000159632069818
134.0 0.000156929919358
135.0 0.000154288325382
136.0 0.000151705263022
137.0 0.000149178817441
138.0 0.000146707228758
139.0 0.000144288914909
140.0 0.00014192247006
141.0 0.000139606641531
142.0 0.000137340292047
143.0 0.000135122355715
144.0 0.00013295179574
145.0 0.000130827569915
146.0 0.000128748607325
147.0 0.000126713797114
148.0 0.000124721988108
149.0 0.000122771996755
150.0 0.000120862620224
151.0 0.000118992651551
152.0 0.000117160894185
153.0 0.000115366174246
154.0 0.000113607349803
155.0 0.000111883317677
156.0 0.000110193019027
157.0 0.000108535445395
158.0 0.000106909646515
159.0 0.000105314740281
160.0 0.0001037499239
161.0 0.000102214483967
162.0 0.000100707802326
163.0 9.92293546464e-05
164.0 9.77786996082e-05
165.0 9.63554584068e-05
166.0 9.49592864345e-05
167.0 9.35898409416e-05
168.0 9.22467496542e-05
169.0 9.09295854021e-05
170.0 8.96378507408e-05
171.0 8.83709745868e-05
172.0 8.71283205219e-05
173.0 8.59092042154e-05
174.0 8.47129158985e-05
175.0 8.35387432977e-05
176.0 8.23859909732e-05
177.0 8.1253993394e-05
178.0 8.014212091e-05
179.0 7.90497795736e-05
180.0 7.79764070689e-05
181.0 7.69214675672e-05
182.0 7.58844480801e-05
183.0 7.4864858003e-05
184.0 7.38622323279e-05
185.0 7.28761378221e-05
186.0 7.19061805918e-05
187.0 7.09520130485e-05
188.0 7.00133383858e-05
189.0 6.90899111515e-05
190.0 6.81815332202e-05
191.0 6.72880452539e-05
192.0 6.64093144669e-05
193.0 6.55452200699e-05
194.0 6.46956381105e-05
195.0 6.38604274974e-05
196.0 6.30394187937e-05
197.0 6.22324069002e-05
198.0 6.14391480974e-05
199.0 6.06593611908e-05
200.0 5.98927318622e-05
201.0 5.91389189168e-05
202.0 5.83975610448e-05
203.0 5.76682829935e-05
204.0 5.69507006101e-05
205.0 5.62444248869e-05
206.0 5.55490657198e-05
207.0 5.48642364008e-05
208.0 5.41895597726e-05
209.0 5.35246765069e-05
210.0 5.28692552167e-05
211.0 5.22230032997e-05
212.0 5.15856767598e-05
213.0 5.09570869682e-05
214.0 5.03371025271e-05
215.0 4.97256450758e-05
216.0 4.91226789058e-05
217.0 4.85281954229e-05
218.0 4.79421945369e-05
219.0 4.73646657632e-05
220.0 4.67955720022e-05
221.0 4.62348385939e-05
222.0 4.56823493742e-05
223.0 4.51379502615e-05
224.0 4.46014596106e-05
225.0 4.40726834155e-05
226.0 4.35514326508e-05
227.0 4.30375397383e-05
228.0 4.25308713622e-05
229.0 4.20313355631e-05
230.0 4.15388820837e-05
231.0 4.10534961044e-05
232.0 4.05751865886e-05
233.0 4.01039712551e-05
234.0 3.96398605968e-05
235.0 3.91828433115e-05
236.0 3.87328750738e-05
237.0 3.82898718563e-05
238.0 3.78537081886e-05
239.0 3.74242199809e-05
240.0 3.70012109723e-05
241.0 3.65844615728e-05
242.0 3.61737388405e-05
243.0 3.57688065295e-05
244.0 3.53694344438e-05
245.0 3.49754066393e-05
246.0 3.45865282461e-05
247.0 3.42026307881e-05
248.0 3.38235758697e-05
249.0 3.34492570276e-05
250.0 3.30795994786e-05
251.0 3.27145574987e-05
252.0 3.23541092929e-05
253.0 3.19982494573e-05
254.0 3.1646979469e-05
255.0 3.13002969934e-05
256.0 3.09581850971e-05
257.0 3.06206026208e-05
258.0 3.02874769553e-05
259.0 2.9958700247e-05
260.0 2.96341296788e-05
261.0 2.93135919649e-05
262.0 2.89968916583e-05
263.0 2.86838223762e-05
264.0 2.83741796843e-05
265.0 2.80677741887e-05
266.0 2.77644434073e-05
267.0 2.74640611958e-05
268.0 2.71665438666e-05
269.0 2.68718525843e-05
270.0 2.65799920872e-05
271.0 2.62910061965e-05
272.0 2.60049708797e-05
273.0 2.57219858076e-05
274.0 2.54421653709e-05
275.0 2.51656300227e-05
276.0 2.48924986248e-05
277.0 2.46228822344e-05
278.0 2.43568795207e-05
279.0 2.40945737797e-05
280.0 2.38360313485e-05
281.0 2.35813011125e-05
282.0 2.33304147517e-05
283.0 2.30833873785e-05
284.0 2.28402182632e-05
285.0 2.26008914117e-05
286.0 2.23653758435e-05
287.0 2.21336255053e-05
288.0 2.19055788433e-05
289.0 2.16811581325e-05
290.0 2.14602687308e-05
291.0 2.12427984699e-05
292.0 2.1028617421e-05
293.0 2.08175782678e-05
294.0 2.06095174853e-05
295.0 2.04042574619e-05
296.0 2.02016096191e-05
297.0 2.00013784868e-05
298.0 1.98033665923e-05
299.0 1.96073799344e-05
