10.0 0.02632369289086093
11.0 0.024620698395315135
12.0 0.023061700356365646
13.0 0.021631973084871754
14.0 0.020317016278951633
15.0 0.01910386551220952
16.0 0.017981170388912948
17.0 0.016938756494309443
18.0 0.01596747274020071
19.0 0.015059338870650148
20.0 0.014207586005066374
21.0 0.013406482514907761
22.0 0.01265110216870501
23.0 0.011937163941596749
24.0 0.01126096397596578
25.0 0.010619349160023474
26.0 0.010009672685070194
27.0 0.009429714156571196
28.0 0.008877591742493076
29.0 0.008351696886349796
30.0 0.007850652798423391
31.0 0.007373279615285423
32.0 0.00691855713814881
33.0 0.006485589678429914
34.0 0.00607357969521538
35.0 0.005681810004635738
36.0 0.005309628109543223
37.0 0.004956427657994519
38.0 0.004621629617878704
39.0 0.004304669792390743
40.0 0.004004994229180366
41.0 0.0037220567050498675
42.0 0.0034553126340073743
43.0 0.003204210835182041
44.0 0.002968189089351755
45.0 0.002746676002134341
46.0 0.0025390955098960185
47.0 0.002344869191108126
48.0 0.0021634158481791833
49.0 0.0019941514810037863
50.0 0.0018364917348543243
51.0 0.0016898555814824547
52.0 0.00155366789396027
53.0 0.0014273604754406505
54.0 0.001310373071005726
55.0 0.001202155660843797
56.0 0.0011021717110798375
57.0 0.0010099011684608036
58.0 0.0009248425419211519
59.0 0.000846514369344071
60.0 0.0007744565695091538
61.0 0.0007082316275377345
62.0 0.0006474250804570675
63.0 0.0005916449391524539
64.0 0.0005405203212318594
65.0 0.0004937000625737521
66.0 0.00045085200589477356
67.0 0.00041166312397766406
68.0 0.00037584006537890445
69.0 0.0003431095079962549
70.0 0.00031321792970620397
71.0 0.000285930792784152
72.0 0.00026103137437563813
73.0 0.00023831945664675792
74.0 0.00021760996286806695
75.0 0.00019873158577769418
76.0 0.00018152553908565492
77.0 0.00016584463492362028
78.0 0.0001515528100040384
79.0 0.00013852500921248198
80.0 0.00012664714582060691
81.0 0.0001158158333926417
82.0 0.00010593772510852029
83.0 9.692848505828553e-05
84.0 8.871154268577544e-05
85.0 8.121682290373515e-05
86.0 7.437963950493204e-05
87.0 6.813991541227672e-05
88.0 6.244183505261838e-05
89.0 5.723392201776163e-05
90.0 5.246939353241642e-05
91.0 4.810653992303933e-05
92.0 4.41088733342276e-05
93.0 4.044489057772612e-05
94.0 3.708744634843536e-05
95.0 3.401286228698426e-05
96.0 3.119995802596856e-05
97.0 2.862917924539206e-05
98.0 2.6281941183449043e-05
99.0 2.4140235821186613e-05
100.0 2.218648955839369e-05
101.0 2.0403616593785234e-05
102.0 1.8775194174319644e-05
103.0 1.7285686622983576e-05
104.0 1.5920659170769976e-05
105.0 1.4666942803326869e-05
106.0 1.3512732219500231e-05
107.0 1.244761766570633e-05
108.0 1.1462565408094149e-05
109.0 1.0549867465169134e-05
110.0 9.70307606144032e-06
111.0 8.916923508773124e-06
112.0 8.187211494883653e-06
113.0 7.510645935275597e-06
114.0 6.88460223119493e-06
115.0 6.3068297805266516e-06
116.0 5.77513362694568e-06
117.0 5.287091228042775e-06
118.0 4.83986340412666e-06
119.0 4.430139450289998e-06
120.0 4.054224680954091e-06
121.0 3.7082458503072777e-06
122.0 3.3884257496317186e-06
123.0 3.091367453833417e-06
124.0 2.814290723968709e-06
125.0 2.55517486679855e-06
126.0 2.312780623283419e-06
127.0 2.0865458575152722e-06
128.0 1.8763734655157066e-06
129.0 1.6823515677032791e-06
130.0 1.5044611477850356e-06
131.0 1.3423304362754195e-06
132.0 1.1950861422324213e-06
133.0 1.0613303098884565e-06
134.0 9.392430773291701e-07
135.0 8.267833393716615e-07
136.0 7.219387508987032e-07
137.0 6.229687843112944e-07
138.0 5.285908721635256e-07
139.0 4.3807711957496273e-07
140.0 3.5125191030580697e-07
141.0 2.6840245519446395e-07
142.0 1.9012977782616847e-07
143.0 1.1717428842861862e-07
144.0 5.0248299818758035e-08
145.0 -1.0099993821622146e-08
146.0 -6.357716818486198e-08
147.0 -1.1018639541952637e-07
148.0 -1.5022533564627855e-07
149.0 -1.842503865292782e-07
150.0 -2.130200439764733e-07
151.0 -2.37430054393728e-07
152.0 -2.5845095014432107e-07
153.0 -2.7707498723971913e-07
154.0 -2.9427507826141083e-07
155.0 -3.1097387395430507e-07
156.0 -3.280177273751854e-07
157.0 -3.461488878615627e-07
158.0 -3.659705491203466e-07
159.0 -3.879032184698854e-07
160.0 -4.1213630828629003e-07
161.0 -4.385842003031137e-07
162.0 -4.668594047249475e-07
163.0 -4.962753522518626e-07
164.0 -5.2588731247203e-07
165.0 -5.545726452787769e-07
166.0 -5.811428516456607e-07
167.0 -6.04472036994111e-07
168.0 -6.236216244479637e-07
169.0 -6.379408434485429e-07
170.0 -6.471268583466858e-07
171.0 -6.51236347433874e-07
172.0 -6.50649934757334e-07
173.0 -6.459997902446643e-07
174.0 -6.38076875922235e-07
175.0 -6.277364277679341e-07
176.0 -6.158180903876249e-07
177.0 -6.030915051355375e-07
178.0 -5.902307337532442e-07
179.0 -5.778136537527859e-07
180.0 -5.663371569305101e-07
181.0 -5.562367251839374e-07
182.0 -5.478999507386345e-07
183.0 -5.416671432381525e-07
184.0 -5.378170688555979e-07
185.0 -5.365406770897275e-07
186.0 -5.379092176345783e-07
187.0 -5.418447801017267e-07
188.0 -5.481009346363337e-07
189.0 -5.562592063140711e-07
190.0 -5.657442179050017e-07
191.0 -5.758571463871696e-07
192.0 -5.858242070124662e-07
193.0 -5.948545973247159e-07
194.0 -6.022009625395808e-07
195.0 -6.072151431438652e-07
196.0 -6.09392794133814e-07
197.0 -6.084023388336153e-07
198.0 -6.040963618521717e-07
199.0 -5.965064755509469e-07
200.0 -5.858252956253249e-07
201.0 -5.723808233725735e-07
202.0 -5.566088315521616e-07
203.0 -5.390277045805704e-07
204.0 -5.202179138971142e-07
205.0 -5.008055798985469e-07
206.0 -4.814472132468024e-07
207.0 -4.628114961504348e-07
208.0 -4.4555430869350793e-07
209.0 -4.3028512459221586e-07
210.0 -4.175259239441939e-07
211.0 -4.0766707630690834e-07
212.0 -4.009272854688183e-07
213.0 -3.9732583678668027e-07
214.0 -3.9667458326602316e-07
215.0 -3.985943666108531e-07
216.0 -4.025564014193816e-07
217.0 -4.0794442846879267e-07
218.0 -4.141291975779234e-07
219.0 -4.2054401723342824e-07
220.0 -4.267493517905313e-07
221.0 -4.3247596313887167e-07
222.0 -4.3763961394348757e-07
223.0 -4.423252000612699e-07
224.0 -4.4674343171037815e-07
225.0 -4.511678467746086e-07
226.0 -4.5586316093630835e-07
227.0 -4.6101717909927927e-07
228.0 -4.666875430332538e-07
229.0 -4.7277171306354164e-07
230.0 -4.790043682057765e-07
231.0 -4.849816763623121e-07
232.0 -4.902075122746601e-07
233.0 -4.941534534512921e-07
234.0 -4.963227739397603e-07
235.0 -4.963088460085807e-07
236.0 -4.938401522090954e-07
237.0 -4.888070072655478e-07
238.0 -4.812684207804097e-07
239.0 -4.714406135670882e-07
240.0 -4.5967098679465896e-07
241.0 -4.4640253602247333e-07
242.0 -4.321337918173651e-07
243.0 -4.1737859938030895e-07
244.0 -4.0262882428161656e-07
245.0 -3.883218244395816e-07
246.0 -3.748136039023309e-07
247.0 -3.62358131415287e-07
248.0 -3.5109333547830535e-07
249.0 -3.410345801946805e-07
250.0 -3.3207669776508937e-07
251.0 -3.2400562957515303e-07
252.0 -3.165202323832528e-07
253.0 -3.0926381606621995e-07
254.0 -3.0186363312208056e-07
255.0 -2.939751018265381e-07
256.0 -2.8532633686976924e-07
257.0 -2.7575788362028993e-07
258.0 -2.6525261082600447e-07
259.0 -2.539515752672287e-07
260.0 -2.4215323733717393e-07
261.0 -2.3029544777534034e-07
262.0 -2.1892182091491739e-07
263.0 -2.086361086332113e-07
264.0 -2.0004967880158097e-07
265.0 -1.9372796161436365e-07
266.0 -1.9014166365430678e-07
267.0 -1.8962770758573636e-07
268.0 -1.9236340224550627e-07
269.0 -1.9835553737680895e-07
270.0 -2.074442204955287e-07
271.0 -2.1931960684954724e-07
272.0 -2.3354843368812465e-07
273.0 -2.496065832753266e-07
274.0 -2.669137900651946e-07
275.0 -2.848670078966453e-07
276.0 -3.0286972622627556e-07
277.0 -3.203554984244593e-07
278.0 -3.3680494850545876e-07
279.0 -3.517564128473367e-07
280.0 -3.648110555586139e-07
281.0 -3.7563372774105817e-07
282.0 -3.839510260467531e-07
283.0 -3.8954798113184303e-07
284.0 -3.9226462451613035e-07
285.0 -3.9199339724758815e-07
286.0 -3.886780224249501e-07
287.0 -3.8231410226892533e-07
288.0 -3.729513463452906e-07
289.0 -3.606970135207739e-07
290.0 -3.457198783339906e-07
291.0 -3.282538354736533e-07
292.0 -3.086001559495052e-07
293.0 -2.871274220362036e-07
294.0 -2.642683018618762e-07
295.0 -2.405125710472889e-07
296.0 -2.1639612520249697e-07
297.0 -1.92486117163741e-07
298.0 -1.693627518909949e-07
299.0 -1.4759863382389012e-07
