10.0 0.014400009664766398
11.0 0.013464598915203557
12.0 0.012607148421067525
13.0 0.011819514056059657
14.0 0.011093689163312324
15.0 0.01042252447529511
16.0 0.009799773001136337
17.0 0.009219851791605093
18.0 0.00867775929539543
19.0 0.00816915638198624
20.0 0.007690388214494526
21.0 0.0072383880565564844
22.0 0.006810548959034406
23.0 0.006404634213498697
24.0 0.006018737860430388
25.0 0.005651267676104715
26.0 0.005300918082097078
27.0 0.004966623527475938
28.0 0.004647507471335385
29.0 0.004342843754579766
30.0 0.0040520310983220495
31.0 0.0037745714284496083
32.0 0.003510047105569469
33.0 0.0032580995820464093
34.0 0.003018413176730877
35.0 0.0027907038675582933
36.0 0.0025747095806482813
37.0 0.0023701792436796034
38.0 0.002176862010479658
39.0 0.001994500265788755
40.0 0.001822827236748468
41.0 0.001661565998285471
42.0 0.0015104267467577483
43.0 0.0013691030938176407
44.0 0.001237270590155956
45.0 0.0011145888220876216
46.0 0.0010007050413875238
47.0 0.00089525664845144
48.0 0.0007978722061479171
49.0 0.000708172665875361
50.0 0.000625773922177654
51.0 0.0005502899965551648
52.0 0.0004813355534844265
53.0 0.0004185274948672788
54.0 0.00036148646013605675
55.0 0.00030983893593577766
56.0 0.0002632197943883079
57.0 0.00022127459424559512
58.0 0.0001836612861678183
59.0 0.00015005148804332364
60.0 0.00012013160813553021
61.0 9.360379305443295e-05
62.0 7.018641477132693e-05
63.0 4.9613904342493436e-05
64.0 3.1636089696692856e-05
65.0 1.6017464952151127e-05
66.0 2.536780688758581e-06
67.0 -9.012951522197109e-06
68.0 -1.8824259209536557e-05
69.0 -2.7075143784397194e-05
70.0 -3.392935802713162e-05
71.0 -3.9537022696517095e-05
72.0 -4.4035450271833715e-05
73.0 -4.755005456847077e-05
74.0 -5.019529520577488e-05
75.0 -5.207562825552074e-05
76.0 -5.3286388623405345e-05
77.0 -5.3914490792232375e-05
78.0 -5.403887878279577e-05
79.0 -5.373077372171396e-05
80.0 -5.305387148965215e-05
81.0 -5.206465642924062e-05
82.0 -5.081292038020552e-05
83.0 -4.934247319097314e-05
84.0 -4.769196175300589e-05
85.0 -4.589569214617048e-05
86.0 -4.398435230653688e-05
87.0 -4.198554592527084e-05
88.0 -3.992408026725013e-05
89.0 -3.782201203820007e-05
90.0 -3.569853300978919e-05
91.0 -3.356983370423145e-05
92.0 -3.144908562543402e-05
93.0 -2.9346627454476922e-05
94.0 -2.727035779260364e-05
95.0 -2.522626629049182e-05
96.0 -2.3219001791931762e-05
97.0 -2.125238218569322e-05
98.0 -1.9329781607086186e-05
99.0 -1.7454369045561996e-05
100.0 -1.5629205996520117e-05
101.0 -1.3857233540552202e-05
102.0 -1.214118963207905e-05
103.0 -1.0483496944808345e-05
104.0 -8.886153868313911e-06
105.0 -7.3506501762242955e-06
106.0 -5.877917429365429e-06
107.0 -4.468313936339703e-06
108.0 -3.121636409746723e-06
109.0 -1.8371472271826318e-06
110.0 -6.136090116631009e-07
111.0 5.506736970540749e-07
112.0 1.6577967703913053e-06
113.0 2.710169642029425e-06
114.0 3.710390874543727e-06
115.0 4.661090885338264e-06
116.0 5.564762480994214e-06
117.0 6.423610858658396e-06
118.0 7.239455334315033e-06
119.0 8.013704623822812e-06
120.0 8.747410152573749e-06
121.0 9.441383909947611e-06
122.0 1.0096354157031548e-05
123.0 1.0713126374673996e-05
124.0 1.1292717957421302e-05
125.0 1.1836441618587976e-05
126.0 1.2345922475806957e-05
127.0 1.2823045940370846e-05
128.0 1.3269846479917676e-05
129.0 1.3688359173322001e-05
130.0 1.408046424308696e-05
131.0 1.4447757015996344e-05
132.0 1.4791470732044576e-05
133.0 1.5112467950252893e-05
134.0 1.541130070261812e-05
135.0 1.5688324072753394e-05
136.0 1.5943836620392812e-05
137.0 1.6178216846982865e-05
138.0 1.639202835601508e-05
139.0 1.6586075915294853e-05
140.0 1.6761407129566958e-05
141.0 1.6919266323063675e-05
142.0 1.7061015686154878e-05
143.0 1.7188042383696635e-05
144.0 1.730166933930408e-05
145.0 1.740308312267938e-05
146.0 1.7493286558068212e-05
147.0 1.757307795097435e-05
148.0 1.764305426314229e-05
149.0 1.7703632608157932e-05
150.0 1.7755083093402935e-05
151.0 1.7797566073570616e-05
152.0 1.7831168023835353e-05
153.0 1.785593219574076e-05
154.0 1.7871882640888504e-05
155.0 1.787904261688392e-05
156.0 1.787745026105057e-05
157.0 1.7867175175809056e-05
158.0 1.784833887006941e-05
159.0 1.7821139897212742e-05
160.0 1.7785881555540606e-05
161.0 1.7742997088647037e-05
162.0 1.7693065477617616e-05
163.0 1.7636810962630777e-05
164.0 1.75750816451749e-05
165.0 1.7508806510380313e-05
166.0 1.7438934992925143e-05
167.0 1.7366367508432543e-05
168.0 1.7291887986578265e-05
169.0 1.7216109613187836e-05
170.0 1.7139442614057046e-05
171.0 1.7062088564681332e-05
172.0 1.698406046058957e-05
173.0 1.690522290495908e-05
174.0 1.6825343397783925e-05
175.0 1.674414455536339e-05
176.0 1.666134827812535e-05
177.0 1.6576705959061105e-05
178.0 1.649001288547274e-05
179.0 1.6401108952525022e-05
180.0 1.6309870710378305e-05
181.0 1.6216201001785524e-05
182.0 1.612002190312903e-05
183.0 1.60212747244525e-05
184.0 1.5919928140034204e-05
185.0 1.5815992887483833e-05
186.0 1.5709539531459357e-05
187.0 1.560071489511093e-05
188.0 1.5489752955941246e-05
189.0 1.537697706689133e-05
190.0 1.5262791949385597e-05
191.0 1.5147665650307251e-05
192.0 1.5032103259239637e-05
193.0 1.4916615430943961e-05
194.0 1.4801685508518942e-05
195.0 1.4687739207405883e-05
196.0 1.4575120367248034e-05
197.0 1.4464075253626548e-05
198.0 1.4354746446395793e-05
199.0 1.4247175748366633e-05
200.0 1.414131412500422e-05
201.0 1.4037035776815424e-05
202.0 1.3934153282930229e-05
203.0 1.3832431382316476e-05
204.0 1.3731598202017355e-05
205.0 1.3631354236171475e-05
206.0 1.3531380670874163e-05
207.0 1.3431349324606919e-05
208.0 1.3330936285540088e-05
209.0 1.3229840276506106e-05
210.0 1.3127805123616448e-05
211.0 1.3024643894874833e-05
212.0 1.2920260830887398e-05
213.0 1.2814666560126601e-05
214.0 1.270798253108355e-05
215.0 1.2600432092675015e-05
216.0 1.2492317934911701e-05
217.0 1.2383988185765336e-05
218.0 1.227579578315536e-05
219.0 1.2168057285577065e-05
220.0 1.2061017698251171e-05
221.0 1.195482706128573e-05
222.0 1.1849532619100687e-05
223.0 1.174508773511373e-05
224.0 1.164137584075558e-05
225.0 1.1538245155001778e-05
226.0 1.1435548147322774e-05
227.0 1.1333179049294135e-05
228.0 1.1231103239852185e-05
229.0 1.1129373904050247e-05
230.0 1.1028133671516307e-05
231.0 1.0927601531494382e-05
232.0 1.082804771568087e-05
233.0 1.0729761017883027e-05
234.0 1.063301390134903e-05
235.0 1.0538030640941398e-05
236.0 1.0444962766739808e-05
237.0 1.0353874490486493e-05
238.0 1.0264738973268476e-05
239.0 1.0177444606467849e-05
240.0 1.0091809227000117e-05
241.0 1.0007599535326003e-05
242.0 9.924552936014353e-06
243.0 9.842399441994663e-06
244.0 9.760881954587024e-06
245.0 9.679773914163433e-06
246.0 9.598893822588845e-06
247.0 9.518116375571332e-06
248.0 9.437379927538167e-06
249.0 9.356689851693654e-06
250.0 9.276117209460683e-06
251.0 9.195792156751598e-06
252.0 9.115891785826325e-06
253.0 9.036622643502534e-06
254.0 8.958198903430298e-06
255.0 8.880817957432245e-06
256.0 8.804635852155334e-06
257.0 8.729745368165309e-06
258.0 8.656159506430297e-06
259.0 8.583802676995938e-06
260.0 8.512511027610103e-06
261.0 8.442042232518597e-06
262.0 8.372093859807076e-06
263.0 8.302328341182266e-06
264.0 8.232401752233767e-06
265.0 8.16199319485416e-06
266.0 8.090831607580503e-06
267.0 8.018717289708422e-06
268.0 7.945536219591217e-06
269.0 7.871266237686832e-06
270.0 7.795975191315623e-06
271.0 7.719812049449444e-06
272.0 7.642992673660252e-06
273.0 7.565782306575045e-06
274.0 7.488476898268583e-06
275.0 7.4113851713760746e-06
276.0 7.3348129021904885e-06
277.0 7.2590503617103645e-06
278.0 7.18436331140729e-06
279.0 7.1109874613901064e-06
280.0 7.0391259256154855e-06
281.0 6.968948973043665e-06
282.0 6.90059527294236e-06
283.0 6.834173846899271e-06
284.0 6.769766040689664e-06
285.0 6.707426986226475e-06
286.0 6.6471862117634525e-06
287.0 6.5890472574765015e-06
288.0 6.532986348545484e-06
289.0 6.478950356389446e-06
290.0 6.426854428670143e-06
291.0 6.376579777565035e-06
292.0 6.327972171567042e-06
293.0 6.280841669511925e-06
294.0 6.234964062984698e-06
295.0 6.190084358815589e-06
296.0 6.145922449566931e-06
297.0 6.102180906519699e-06
298.0 6.058554611171254e-06
299.0 6.0147417428980855e-06
