10.0 0.011882325512440367
11.0 0.01036302745395614
12.0 0.008941246072266056
13.0 0.00763513460628909
14.0 0.006456693806435608
15.0 0.00541170940974357
16.0 0.004500061921440648
17.0 0.0037164646347532674
18.0 0.0030517229888176235
19.0 0.002494235112983061
20.0 0.002031310078463552
21.0 0.0016501332422583018
22.0 0.0013384260178595597
23.0 0.0010848828093244797
24.0 0.0008794367188475292
25.0 0.0007133778243075153
26.0 0.0005793422130617513
27.0 0.00047120596770320325
28.0 0.00038393323777787203
29.0 0.00031341952880609446
30.0 0.00025634693976512717
31.0 0.0002100515147569237
32.0 0.00017240254595126105
33.0 0.00014169796111920574
34.0 0.00011657916771088755
35.0 9.596388186330688e-05
36.0 7.899158630753891e-05
37.0 6.497695671603332e-05
38.0 5.3370852415045564e-05
39.0 4.3730890775784436e-05
40.0 3.5701100395327206e-05
41.0 2.899636442819883e-05
42.0 2.338768483181066e-05
43.0 1.868837549100895e-05
44.0 1.47439146291798e-05
45.0 1.1426451563934256e-05
46.0 8.631681730552177e-06
47.0 6.275239364746133e-06
48.0 4.288169331783529e-06
49.0 2.613082099167309e-06
50.0 1.202056832277415e-06
51.0 1.5559466177760432e-08
52.0 -9.789430617043518e-07
53.0 -1.8089396474744518e-06
54.0 -2.4985831518822065e-06
55.0 -3.0694492832590976e-06
56.0 -3.54052848700006e-06
57.0 -3.928117857161911e-06
58.0 -4.245975507611385e-06
59.0 -4.505579561021761e-06
60.0 -4.7162278367754735e-06
61.0 -4.885021278139475e-06
62.0 -5.01704235372289e-06
63.0 -5.115949899679984e-06
64.0 -5.184863557389449e-06
65.0 -5.227139919572776e-06
66.0 -5.246677829707115e-06
67.0 -5.247682804414943e-06
68.0 -5.234129203929307e-06
69.0 -5.209267263688457e-06
70.0 -5.175398501311987e-06
71.0 -5.133930895998713e-06
72.0 -5.0855968242026895e-06
73.0 -5.030727307989938e-06
74.0 -4.969545493442013e-06
75.0 -4.9024627647534825e-06
76.0 -4.83031241208262e-06
77.0 -4.754413768387022e-06
78.0 -4.67640117604017e-06
79.0 -4.597867805969289e-06
80.0 -4.519977820987376e-06
81.0 -4.4432144719682575e-06
82.0 -4.3673563579608774e-06
83.0 -4.291672377710881e-06
84.0 -4.215257530587178e-06
85.0 -4.1374087798900006e-06
86.0 -4.0579411450721115e-06
87.0 -3.977354518690184e-06
88.0 -3.8967902699187934e-06
89.0 -3.817775116064364e-06
90.0 -3.7418254829322388e-06
91.0 -3.6700420140590087e-06
92.0 -3.6028277055024227e-06
93.0 -3.539811147119802e-06
94.0 -3.4799773541146857e-06
95.0 -3.4219416921685704e-06
96.0 -3.3642720940078756e-06
97.0 -3.305772321059049e-06
98.0 -3.245669824665269e-06
99.0 -3.183688519275339e-06
100.0 -3.1200175999703137e-06
101.0 -3.055206979402229e-06
102.0 -2.9900270586847337e-06
103.0 -2.9253273873451372e-06
104.0 -2.8619191477268726e-06
105.0 -2.800494457350997e-06
106.0 -2.741584133019978e-06
107.0 -2.6855462679759515e-06
108.0 -2.632571882759639e-06
109.0 -2.5826927079527056e-06
110.0 -2.53578121178464e-06
111.0 -2.491543312458064e-06
112.0 -2.449515443152343e-06
113.0 -2.4090836121558085e-06
114.0 -2.36953846692745e-06
115.0 -2.3301676230950847e-06
116.0 -2.2903701985122387e-06
117.0 -2.2497662645527077e-06
118.0 -2.208271446077687e-06
119.0 -2.166115057766363e-06
120.0 -2.123795191129069e-06
121.0 -2.0819801400480544e-06
122.0 -2.041377454350999e-06
123.0 -2.0025974390044336e-06
124.0 -1.966037388128292e-06
125.0 -1.9318078467853293e-06
126.0 -1.899714251162179e-06
127.0 -1.8692974163336393e-06
128.0 -1.8399254534419003e-06
129.0 -1.810919316353595e-06
130.0 -1.7816865315894887e-06
131.0 -1.7518350861947705e-06
132.0 -1.7212433277440357e-06
133.0 -1.6900716671672218e-06
134.0 -1.6587155080210918e-06
135.0 -1.6277124867750602e-06
136.0 -1.5976270299709552e-06
137.0 -1.5689388223428115e-06
138.0 -1.5419584505869757e-06
139.0 -1.5167847516885805e-06
140.0 -1.4933072025739748e-06
141.0 -1.4712463297447533e-06
142.0 -1.4502181409200345e-06
143.0 -1.4298061239107893e-06
144.0 -1.4096260807162455e-06
145.0 -1.3893735870470116e-06
146.0 -1.3688494443037313e-06
147.0 -1.3479636213570198e-06
148.0 -1.326721949998848e-06
149.0 -1.30520193780466e-06
150.0 -1.2835246213273947e-06
151.0 -1.261828708983404e-06
152.0 -1.2402516720312193e-06
153.0 -1.2189202132799317e-06
154.0 -1.1979499813648926e-06
155.0 -1.1774519140594636e-06
156.0 -1.1575407135591888e-06
157.0 -1.1383402177086215e-06
158.0 -1.1199811893245012e-06
159.0 -1.1025892787440828e-06
160.0 -1.0862641284579975e-06
161.0 -1.0710538959640249e-06
162.0 -1.0569318396992572e-06
163.0 -1.043782203978336e-06
164.0 -1.0314011086094504e-06
165.0 -1.0195147971914692e-06
166.0 -1.0078133019323914e-06
167.0 -9.959935348928446e-07
168.0 -9.83803160452264e-07
169.0 -9.710760950924792e-07
170.0 -9.577522677602556e-07
171.0 -9.438778768686564e-07
172.0 -9.295868437442759e-07
173.0 -9.150683357227269e-07
174.0 -9.005280813801952e-07
175.0 -8.861520747310459e-07
176.0 -8.720800481051257e-07
177.0 -8.583932080711548e-07
178.0 -8.451170014973161e-07
179.0 -8.32236100209414e-07
180.0 -8.197162434282875e-07
181.0 -8.075265969864532e-07
182.0 -7.956569551553743e-07
183.0 -7.841260627083603e-07
184.0 -7.72979919550848e-07
185.0 -7.622814256734972e-07
186.0 -7.520945491885411e-07
187.0 -7.424670483919342e-07
188.0 -7.33415642973467e-07
189.0 -7.249166299790563e-07
190.0 -7.169036042966983e-07
191.0 -7.092724926337749e-07
192.0 -7.018927931214076e-07
193.0 -6.9462289471957e-07
194.0 -6.87326735352151e-07
195.0 -6.798889129430858e-07
196.0 -6.722257230361449e-07
197.0 -6.642904357720961e-07
198.0 -6.560723270534946e-07
199.0 -6.475903210749209e-07
200.0 -6.388832822508003e-07
201.0 -6.299997039169586e-07
202.0 -6.209895556409622e-07
203.0 -6.119003182374965e-07
204.0 -6.027779135412667e-07
205.0 -5.936716666387131e-07
206.0 -5.846410594863697e-07
207.0 -5.757612557921477e-07
208.0 -5.671244558314153e-07
209.0 -5.588351022958235e-07
210.0 -5.509985827730011e-07
211.0 -5.437049479807094e-07
212.0 -5.370107931051635e-07
213.0 -5.309233892011373e-07
214.0 -5.253911277623112e-07
215.0 -5.20303318920552e-07
216.0 -5.155005739707552e-07
217.0 -5.107948094731593e-07
218.0 -5.059958273928813e-07
219.0 -5.009399201824117e-07
220.0 -4.955153537692196e-07
221.0 -4.896800233298718e-07
222.0 -4.834679605875974e-07
223.0 -4.769834069897763e-07
224.0 -4.7038343931379457e-07
225.0 -4.638521931378265e-07
226.0 -4.575711822856086e-07
227.0 -4.5169079775388433e-07
228.0 -4.4630770405090976e-07
229.0 -4.414516373771092e-07
230.0 -4.3708331188737685e-07
231.0 -4.3310312408404836e-07
232.0 -4.293685056147925e-07
233.0 -4.257164535217425e-07
234.0 -4.219871858714085e-07
235.0 -4.180450887058496e-07
236.0 -4.1379402771158973e-07
237.0 -4.091854479371106e-07
238.0 -4.04219155044772e-07
239.0 -3.989379419689547e-07
240.0 -3.9341805174550457e-07
241.0 -3.877577351470943e-07
242.0 -3.8206590049336364e-07
243.0 -3.7645221729509845e-07
244.0 -3.7101925346185704e-07
245.0 -3.658565327793183e-07
246.0 -3.61035974197254e-07
247.0 -3.566080971879242e-07
248.0 -3.525986168995206e-07
249.0 -3.49005485886647e-07
250.0 -3.457968933709718e-07
251.0 -3.429110390831986e-07
252.0 -3.4025853821010726e-07
253.0 -3.3772804896016405e-07
254.0 -3.3519519391357153e-07
255.0 -3.3253419017054525e-07
256.0 -3.2963096803821213e-07
257.0 -3.2639609747101246e-07
258.0 -3.2277567031744603e-07
259.0 -3.1875845513646763e-07
260.0 -3.143781275778041e-07
261.0 -3.0971009544452116e-07
262.0 -3.048632514828348e-07
263.0 -2.999677505541145e-07
264.0 -2.9516048676943586e-07
265.0 -2.9057024482970136e-07
266.0 -2.86304477426951e-07
267.0 -2.8243933559175003e-07
268.0 -2.790140220439338e-07
269.0 -2.7602985553417087e-07
270.0 -2.734537473703705e-07
271.0 -2.712252112251207e-07
272.0 -2.692656367616892e-07
273.0 -2.674883984657103e-07
274.0 -2.658084408190242e-07
275.0 -2.6415023825997655e-07
276.0 -2.6245340558236563e-07
277.0 -2.606756537488689e-07
278.0 -2.587931756973865e-07
279.0 -2.567988531577687e-07
280.0 -2.5469887038324985e-07
281.0 -2.525084008750511e-07
282.0 -2.5024701544549855e-07
283.0 -2.479343725841105e-07
284.0 -2.4558662573687796e-07
285.0 -2.4321384265486217e-07
286.0 -2.408185966528522e-07
287.0 -2.3839576679287314e-07
288.0 -2.3593347568888327e-07
289.0 -2.3341499932223028e-07
290.0 -2.308214034099378e-07
291.0 -2.2813459874983832e-07
292.0 -2.2534046951541898e-07
293.0 -2.2243172041673357e-07
294.0 -2.1941011582329733e-07
295.0 -2.1628784686671297e-07
296.0 -2.1308785611696793e-07
297.0 -2.098430632537078e-07
298.0 -2.0659455520415218e-07
299.0 -2.0338891545447945e-07
