10.0 2.0130227187129908e-09
11.0 1.8563890793254208e-09
12.0 1.7030993884989261e-09
13.0 1.57995435363949e-09
14.0 1.464613277453376e-09
15.0 1.3625525800794531e-09
16.0 1.2752081929273624e-09
17.0 1.1901137774742336e-09
18.0 1.115034812857252e-09
19.0 1.0451364729467655e-09
20.0 9.806410693815593e-10
21.0 9.208787373701887e-10
22.0 8.650510839593199e-10
23.0 8.129117872356949e-10
24.0 7.639618945221173e-10
25.0 7.178889838338049e-10
26.0 6.744260005973004e-10
27.0 6.333468288663511e-10
28.0 5.944440457678506e-10
29.0 5.57676116458044e-10
30.0 5.227941907180096e-10
31.0 4.896368066723539e-10
32.0 4.582644400298431e-10
33.0 4.284599231719296e-10
34.0 4.002096167848059e-10
35.0 3.734146957785495e-10
36.0 3.4808645813999483e-10
37.0 3.240162225171868e-10
38.0 3.0139940781019714e-10
39.0 2.7999972308733217e-10
40.0 2.597648081135148e-10
41.0 2.407402312954852e-10
42.0 2.229131312333538e-10
43.0 2.0614699391238698e-10
44.0 1.904096473340001e-10
45.0 1.7566540640301992e-10
46.0 1.6187751435475723e-10
47.0 1.4901197605279505e-10
48.0 1.3702922027983226e-10
49.0 1.2589246109381144e-10
50.0 1.1555684245042223e-10
51.0 1.0596175247527387e-10
52.0 9.708564042090989e-11
53.0 8.888790164329903e-11
54.0 8.131974648254981e-11
55.0 7.433840722757283e-11
56.0 6.790431854482122e-11
57.0 6.197991706817271e-11
58.0 5.652688973200421e-11
59.0 5.15090712339053e-11
60.0 4.689316253500271e-11
61.0 4.266834379710266e-11
62.0 3.885633504506545e-11
63.0 3.5353256792189436e-11
64.0 3.21330717846896e-11
65.0 2.917210743134418e-11
66.0 2.649033094004707e-11
67.0 2.407628023423171e-11
68.0 2.1852236553952183e-11
69.0 1.980244944814688e-11
70.0 1.7964764197564356e-11
71.0 1.6304975442979142e-11
72.0 1.4769918464587883e-11
73.0 1.3366799627474061e-11
74.0 1.2129785041369742e-11
75.0 1.0980212478427904e-11
76.0 9.923412889032789e-12
77.0 8.99989163586202e-12
78.0 8.136824338665158e-12
79.0 7.351783886871081e-12
80.0 6.656781869836017e-12
81.0 6.003410270219705e-12
82.0 5.427388127193854e-12
83.0 4.901505751342062e-12
84.0 4.4102406335734e-12
85.0 3.9859661627550726e-12
86.0 3.5819785910688134e-12
87.0 3.2286486738107526e-12
88.0 2.901935875750449e-12
89.0 2.6023001524327374e-12
90.0 2.337286327243861e-12
91.0 2.0852073227571077e-12
92.0 1.8698615401745616e-12
93.0 1.6605207103485932e-12
94.0 1.4836777253848901e-12
95.0 1.3127788361220115e-12
96.0 1.1645489706756596e-12
97.0 1.0236637701479757e-12
98.0 9.005173583865917e-13
99.0 7.846515668036307e-13
100.0 6.829696327112921e-13
101.0 5.871484079277482e-13
102.0 5.023994091319111e-13
103.0 4.225644637706116e-13
104.0 3.535269012052975e-13
105.0 2.873682704616968e-13
106.0 2.3040934216993574e-13
107.0 1.747468889296641e-13
108.0 1.2841280617412659e-13
109.0 8.207872341858906e-14
110.0 4.450622295476666e-14
111.0 7.27088409130964e-15
112.0 -2.4650489370394802e-14
113.0 -5.489605921136037e-14
114.0 -8.18251417576361e-14
115.0 -1.0560653702836861e-13
116.0 -1.2828325047921785e-13
117.0 -1.47054018706622e-13
118.0 -1.6582478693402618e-13
119.0 -1.8079556792771872e-13
120.0 -1.9525583763638778e-13
121.0 -2.081306866817312e-13
122.0 -2.1939076587346046e-13
123.0 -2.304608995034934e-13
124.0 -2.3861016964077994e-13
125.0 -2.467594397780665e-13
126.0 -2.537192841405393e-13
127.0 -2.5980904247485003e-13
128.0 -2.658027435156034e-13
129.0 -2.6970068905453924e-13
130.0 -2.735986345934752e-13
131.0 -2.7684689535382657e-13
132.0 -2.793292168480934e-13
133.0 -2.818115383423603e-13
134.0 -2.832339859825758e-13
135.0 -2.8442666260230425e-13
136.0 -2.8551349176405916e-13
137.0 -2.8590097481817585e-13
138.0 -2.8628845787229253e-13
139.0 -2.8632255647896636e-13
140.0 -2.8579626083439426e-13
141.0 -2.8526996518982215e-13
142.0 -2.8439250695575576e-13
143.0 -2.832675240493666e-13
144.0 -2.821425411429775e-13
145.0 -2.806616931751058e-13
146.0 -2.7904909872056853e-13
147.0 -2.774365042660313e-13
148.0 -2.755560983338254e-13
149.0 -2.7361504629360635e-13
150.0 -2.7167399425338724e-13
151.0 -2.6953348966231566e-13
152.0 -2.6735556749521407e-13
153.0 -2.651776453281124e-13
154.0 -2.6288254847229934e-13
155.0 -2.6055972301018644e-13
156.0 -2.582368975480736e-13
157.0 -2.558279195328597e-13
158.0 -2.533844270328809e-13
159.0 -2.509409345329021e-13
160.0 -2.4847873516691936e-13
161.0 -2.460016444400346e-13
162.0 -2.4352455371314976e-13
163.0 -2.4104963281977136e-13
164.0 -2.38579003507271e-13
165.0 -2.3610837419477063e-13
166.0 -2.3363349959017627e-13
167.0 -2.3107758716748054e-13
168.0 -2.285216747447848e-13
169.0 -2.259657623220891e-13
170.0 -2.234545472551602e-13
171.0 -2.2096272980977105e-13
172.0 -2.1847091236438193e-13
173.0 -2.160044179072784e-13
174.0 -2.1360394650558595e-13
175.0 -2.1120347510389355e-13
176.0 -2.0880300370220111e-13
177.0 -2.0647148771468303e-13
178.0 -2.0415852450472646e-13
179.0 -2.0184556129476988e-13
180.0 -1.995348362337688e-13
181.0 -1.9723167791529211e-13
182.0 -1.9492851959681549e-13
183.0 -1.9262536127833883e-13
184.0 -1.9041870492986475e-13
185.0 -1.8827728952814423e-13
186.0 -1.861358741264237e-13
187.0 -1.8399445872470321e-13
188.0 -1.8188296168174694e-13
189.0 -1.7977510044890852e-13
190.0 -1.7766723921607008e-13
191.0 -1.755703574744575e-13
192.0 -1.735606999143673e-13
193.0 -1.7155104235427704e-13
194.0 -1.695413847941868e-13
195.0 -1.6754154386193047e-13
196.0 -1.6557029174624671e-13
197.0 -1.6359903963056293e-13
198.0 -1.6162778751487918e-13
199.0 -1.596944287719314e-13
200.0 -1.5784103854901855e-13
201.0 -1.5598764832610568e-13
202.0 -1.5413425810319282e-13
203.0 -1.5231040476434423e-13
204.0 -1.505529340856502e-13
205.0 -1.4879546340695612e-13
206.0 -1.4703799272826208e-13
207.0 -1.452913288064434e-13
208.0 -1.435845270479053e-13
209.0 -1.4187772528936718e-13
210.0 -1.4017092353082906e-13
211.0 -1.3846984960350566e-13
212.0 -1.3692254366361619e-13
213.0 -1.3537523772372666e-13
214.0 -1.3382793178383716e-13
215.0 -1.3228062584394766e-13
216.0 -1.3076268115452253e-13
217.0 -1.2925330210216135e-13
218.0 -1.2774392304980015e-13
219.0 -1.2623454399743896e-13
220.0 -1.2475493531606026e-13
221.0 -1.2331539016131338e-13
222.0 -1.2187584500656652e-13
223.0 -1.2043629985181963e-13
224.0 -1.1899675469707278e-13
225.0 -1.1772130695846666e-13
226.0 -1.1644741323610968e-13
227.0 -1.151735195137527e-13
228.0 -1.1389962579139572e-13
229.0 -1.1266685640910504e-13
230.0 -1.1148133975901902e-13
231.0 -1.1029582310893299e-13
232.0 -1.0911030645884698e-13
233.0 -1.0792478980876095e-13
234.0 -1.0674840984969318e-13
235.0 -1.0557365972000734e-13
236.0 -1.0439890959032149e-13
237.0 -1.0322415946063564e-13
238.0 -1.0206690359728035e-13
239.0 -1.0101832979988245e-13
240.0 -9.996975600248455e-14
241.0 -9.892118220508667e-14
242.0 -9.787260840768876e-14
243.0 -9.683040061034733e-14
244.0 -9.580091353212526e-14
245.0 -9.477142645390317e-14
246.0 -9.374193937568111e-14
247.0 -9.271245229745903e-14
248.0 -9.170700027997814e-14
249.0 -9.073323485571387e-14
250.0 -8.97594694314496e-14
251.0 -8.878570400718533e-14
252.0 -8.781193858292107e-14
253.0 -8.684339997704481e-14
254.0 -8.588178650194952e-14
255.0 -8.492017302685422e-14
256.0 -8.395855955175892e-14
257.0 -8.299694607666362e-14
258.0 -8.204089542073549e-14
259.0 -8.109624844424845e-14
260.0 -8.015160146776142e-14
261.0 -7.92069544912744e-14
262.0 -7.826230751478737e-14
263.0 -7.733338428023333e-14
264.0 -7.651704470872978e-14
265.0 -7.570070513722622e-14
266.0 -7.488436556572268e-14
267.0 -7.406802599421913e-14
268.0 -7.325168642271559e-14
269.0 -7.247708096479034e-14
270.0 -7.171213368382002e-14
271.0 -7.09471864028497e-14
272.0 -7.018223912187937e-14
273.0 -6.941729184090904e-14
274.0 -6.868189433762144e-14
275.0 -6.799188698574418e-14
276.0 -6.73018796338669e-14
277.0 -6.661187228198965e-14
278.0 -6.592186493011237e-14
279.0 -6.523185757823511e-14
280.0 -6.460422915812994e-14
281.0 -6.398616067953049e-14
282.0 -6.336809220093103e-14
283.0 -6.275002372233157e-14
284.0 -6.213195524373211e-14
285.0 -6.152292999091616e-14
286.0 -6.094448122845457e-14
287.0 -6.036603246599299e-14
288.0 -5.978758370353139e-14
289.0 -5.920913494106981e-14
290.0 -5.863068617860822e-14
291.0 -5.805463248038609e-14
292.0 -5.748122088377832e-14
293.0 -5.690780928717055e-14
294.0 -5.6334397690562786e-14
295.0 -5.576098609395501e-14
296.0 -5.5187574497347245e-14
297.0 -5.462159248116716e-14
298.0 -5.406043095861865e-14
299.0 -5.349926943607014e-14
