10.0 0.0049587493197512855
11.0 0.0046416479131720515
12.0 0.004352472217041949
13.0 0.0040885413027556
14.0 0.0038472046156501094
15.0 0.0036260859271192913
16.0 0.003423095961060353
17.0 0.0032363484377207694
18.0 0.0030641303355214643
19.0 0.002904929156788796
20.0 0.0027574406124406693
21.0 0.0026205364417356968
22.0 0.0024932218443414907
23.0 0.002374606809950978
24.0 0.0022638951362232156
25.0 0.002160381560894981
26.0 0.0020634457171586776
27.0 0.0019725395602888207
28.0 0.0018871733616522349
29.0 0.0018069059424317025
30.0 0.001731339311330618
31.0 0.0016601144312656526
32.0 0.001592906356951693
33.0 0.0015294195557579147
34.0 0.0014693846392472352
35.0 0.0014125564435519984
36.0 0.0013587122337469734
37.0 0.0013076490905136362
38.0 0.0012591809705667296
39.0 0.0012131366983838903
40.0 0.0011693591983976829
41.0 0.0011277048948447027
42.0 0.0010880422409635007
43.0 0.0010502496747203335
44.0 0.00101421414432331
45.0 0.0009798307054647627
46.0 0.0009470025288400773
47.0 0.0009156404344948034
48.0 0.0008856618769149232
49.0 0.0008569899902027228
50.0 0.0008295531047733261
51.0 0.0008032845191216913
52.0 0.0007781221008450441
53.0 0.0007540076456648014
54.0 0.0007308862909014727
55.0 0.0007087062339514025
56.0 0.0006874186989918139
57.0 0.0006669779257038854
58.0 0.0006473410567835643
59.0 0.0006284679792036551
60.0 0.0006103212109001263
61.0 0.0005928658198185685
62.0 0.0005760692709191909
63.0 0.000559901128125577
64.0 0.0005443326579201887
65.0 0.0005293364738982404
66.0 0.0005148863485060837
67.0 0.0005009572165809018
68.0 0.0004875252883136441
69.0 0.00047456815143414406
70.0 0.00046206478482305137
71.0 0.00044999547898088356
72.0 0.0004383417034506041
73.0 0.00042708595815236296
74.0 0.0004162116219974473
75.0 0.0004057028049981111
76.0 0.00039554422632634943
77.0 0.00038572115462551156
78.0 0.0003762194321192697
79.0 0.0003670255640738695
80.0 0.0003581268197634236
81.0 0.0003495112867700598
82.0 0.00034116784709766726
83.0 0.00033308607926295516
84.0 0.0003252561144887313
85.0 0.00031766848302405436
86.0 0.00031031398579841165
87.0 0.0003031836221737166
88.0 0.0002962685936702543
89.0 0.00028956038251008585
90.0 0.0002830508772234654
91.0 0.0002767324981624544
92.0 0.0002705982750474108
93.0 0.0002646418476171847
94.0 0.00025885738893068473
95.0 0.00025323947518116193
96.0 0.0002477829372932291
97.0 0.00024248272747852715
98.0 0.00023733382327705715
99.0 0.0002323311783929793
100.0 0.0002274697180740223
101.0 0.0002227443689465138
102.0 0.00021815010962271815
103.0 0.0002136820285243311
104.0 0.00020933537800816362
105.0 0.00020510561766378762
106.0 0.00020098844356899743
107.0 0.00019697980378790644
108.0 0.00019307590301793543
109.0 0.00018927320038336878
110.0 0.00018556840339205863
111.0 0.0001819584582872284
112.0 0.0001784405338712924
113.0 0.00017501199439893912
114.0 0.0001716703587630264
115.0 0.00016841324770486784
116.0 0.0001652383262359901
117.0 0.00016214325223236914
118.0 0.00015912564236018642
119.0 0.00015618306289868724
120.0 0.0001533130470563541
121.0 0.0001505131341983672
122.0 0.00014778092185866652
123.0 0.00014511411936985578
124.0 0.0001425105923237393
125.0 0.00013996838929090366
126.0 0.00013748574566178144
127.0 0.00013506106364481892
128.0 0.0001326928719032424
129.0 0.00013037977238107405
130.0 0.0001281203847072875
131.0 0.00012591329934326736
132.0 0.0001237570489078822
133.0 0.00012165010310182699
134.0 0.00011959088729123282
135.0 0.00011757781949122284
136.0 0.00011560935662089301
137.0 0.00011368403944773337
138.0 0.00011180052682695002
139.0 0.00010995761312320721
140.0 0.00010815422699745207
141.0 0.00010638941382708909
142.0 0.00010466230693243415
143.0 0.0001029720940338217
144.0 0.00010131798502524361
145.0 9.969918567667504e-05
146.0 9.811487988060021e-05
147.0 9.656422109198075e-05
148.0 9.504633204124327e-05
149.0 9.356031078340749e-05
150.0 9.21052406837559e-05
151.0 9.068020195413718e-05
152.0 8.928428274700385e-05
153.0 8.791658848643901e-05
154.0 8.657624894814989e-05
155.0 8.526242343573018e-05
156.0 8.397430504400432e-05
157.0 8.271112526138365e-05
158.0 8.147215992331685e-05
159.0 8.025673680643765e-05
160.0 7.906424413119765e-05
161.0 7.789413823479253e-05
162.0 7.67459480422275e-05
163.0 7.561927397921587e-05
164.0 7.451377973134809e-05
165.0 7.342917662444716e-05
166.0 7.236520204479608e-05
167.0 7.132159479473686e-05
168.0 7.029807117711928e-05
169.0 6.929430566029741e-05
170.0 6.830991915879336e-05
171.0 6.734447646973152e-05
172.0 6.639749260054454e-05
173.0 6.546844604651258e-05
174.0 6.455679591722816e-05
175.0 6.366199941353508e-05
176.0 6.278352656480855e-05
177.0 6.19208701926771e-05
178.0 6.107355046258581e-05
179.0 6.02411147474773e-05
180.0 5.942313452579935e-05
181.0 5.8619201460838865e-05
182.0 5.7828924621952756e-05
183.0 5.705193013616941e-05
184.0 5.628786363695209e-05
185.0 5.553639497259478e-05
186.0 5.4797223970123654e-05
187.0 5.40700857444171e-05
188.0 5.335475410941574e-05
189.0 5.2651042014589915e-05
190.0 5.195879847526833e-05
191.0 5.1277902065528134e-05
192.0 5.0608251593876606e-05
193.0 4.9949755011070854e-05
194.0 4.9302317857190536e-05
195.0 4.8665832611400414e-05
196.0 4.804017015168051e-05
197.0 4.742517417900467e-05
198.0 4.6820658963111056e-05
199.0 4.622641021540654e-05
200.0 4.564218840471228e-05
201.0 4.506773351839697e-05
202.0 4.450277021456351e-05
203.0 4.394701252603222e-05
204.0 4.340016770333056e-05
205.0 4.2861939296897446e-05
206.0 4.233203002203562e-05
207.0 4.181014518171418e-05
208.0 4.129599735744759e-05
209.0 4.078931271750224e-05
210.0 4.028983872318935e-05
211.0 3.979735239246862e-05
212.0 3.93116677842498e-05
213.0 3.883264115099676e-05
214.0 3.83601723591008e-05
215.0 3.7894201692408184e-05
216.0 3.7434701938849596e-05
217.0 3.6981666548945044e-05
218.0 3.65350954540924e-05
219.0 3.609498066419322e-05
220.0 3.566129390697531e-05
221.0 3.523397828675186e-05
222.0 3.481294527866766e-05
223.0 3.4398077462530624e-05
224.0 3.39892364127887e-05
225.0 3.358627428418953e-05
226.0 3.318904702689553e-05
227.0 3.279742693542089e-05
228.0 3.24113124143139e-05
229.0 3.20306333845114e-05
230.0 3.16553515466135e-05
231.0 3.128545560722996e-05
232.0 3.092095239692277e-05
233.0 3.0561855418733766e-05
234.0 3.0208172668767518e-05
235.0 2.985989553412242e-05
236.0 2.951699023589523e-05
237.0 2.9179392739670646e-05
238.0 2.8847007428856125e-05
239.0 2.8519709256157402e-05
240.0 2.8197348658060893e-05
241.0 2.7879758292457002e-05
242.0 2.7566760642346838e-05
243.0 2.7258175672950313e-05
244.0 2.6953827959738944e-05
245.0 2.6653552939184383e-05
246.0 2.6357202107700654e-05
247.0 2.6064647075402063e-05
248.0 2.5775782375716855e-05
249.0 2.549052687669184e-05
250.0 2.5208823588598924e-05
251.0 2.4930637666823323e-05
252.0 2.4655952502095928e-05
253.0 2.438476397626734e-05
254.0 2.4117073214989155e-05
255.0 2.3852878439177096e-05
256.0 2.3592166744375486e-05
257.0 2.333490676467908e-05
258.0 2.3081043166949942e-05
259.0 2.283049375973547e-05
260.0 2.258314970708343e-05
261.0 2.233887895382808e-05
262.0 2.2097532556419555e-05
263.0 2.1858953237853137e-05
264.0 2.1622985205608512e-05
265.0 2.1389484129209826e-05
266.0 2.1158326186607408e-05
267.0 2.092941524762975e-05
268.0 2.0702687536776643e-05
269.0 2.047811345889469e-05
270.0 2.0255696624990693e-05
271.0 2.003547042959426e-05
272.0 1.9817492764905533e-05
273.0 1.9601839586734765e-05
274.0 1.9388598068237158e-05
275.0 1.9177860002523367e-05
276.0 1.8969715970076775e-05
277.0 1.87642506038464e-05
278.0 1.856153909616258e-05
279.0 1.836164492402726e-05
280.0 1.8164618640732664e-05
281.0 1.7970497500124375e-05
282.0 1.777930564439676e-05
283.0 1.759105459024655e-05
284.0 1.740574378161132e-05
285.0 1.722336102990588e-05
286.0 1.7043882725863287e-05
287.0 1.6867273773994306e-05
288.0 1.669348726620671e-05
289.0 1.6522463971005654e-05
290.0 1.635413176481195e-05
291.0 1.6188405168032346e-05
292.0 1.6025185166483336e-05
293.0 1.586435949549114e-05
294.0 1.570580353822e-05
295.0 1.554938194297509e-05
296.0 1.539495100066775e-05
297.0 1.5242361750175046e-05
298.0 1.5091463704348136e-05
299.0 1.4942109021625639e-05
