10.0 0.05200458357361997
11.0 0.03889798939727416
12.0 0.028497834143513062
13.0 0.020587590943020262
14.0 0.014500232468556848
15.0 0.009916251179091519
16.0 0.006546930393089808
17.0 0.004020928264555234
18.0 0.0022120619091582456
19.0 0.0009213887576219092
20.0 2.024189151301316e-05
21.0 -0.0005822226284781901
22.0 -0.0009715911133318016
23.0 -0.001196332073137032
24.0 -0.0013072331214377775
25.0 -0.0013367489287062094
26.0 -0.001309713769264771
27.0 -0.001244371650709401
28.0 -0.0011545764866896081
29.0 -0.0010496799205640902
30.0 -0.00093803932783044
31.0 -0.0008242209372048036
32.0 -0.0007117605321069364
33.0 -0.0006033462562929781
34.0 -0.0005003125859916988
35.0 -0.00040358662150949756
36.0 -0.00031404906350488755
37.0 -0.00023109790034677894
38.0 -0.0001556040098830757
39.0 -8.681526789209748e-05
40.0 -2.4284928413854818e-05
41.0 3.197477270483445e-05
42.0 8.216403204551049e-05
43.0 0.00012724449453445147
44.0 0.00016754289362500257
45.0 0.00020329384959479218
46.0 0.00023481206084214584
47.0 0.00026262377930237103
48.0 0.00028708488796662515
49.0 0.0003083361680321818
50.0 0.0003266847824141612
51.0 0.0003423533572288048
52.0 0.00035582588117815604
53.0 0.0003672470975362801
54.0 0.00037679438690947094
55.0 0.00038455571116569867
56.0 0.000390806330737669
57.0 0.00039579200508018693
58.0 0.0003996063431794363
59.0 0.0004023419292919062
60.0 0.0004041238347237533
61.0 0.00040496599766346635
62.0 0.0004049701354411098
63.0 0.00040432969910351806
64.0 0.0004031134433060359
65.0 0.00040138797933774297
66.0 0.00039914619632388
67.0 0.0003964419357353958
68.0 0.00039340329278207144
69.0 0.00039006779933241993
70.0 0.0003864140731665721
71.0 0.0003825190048415619
72.0 0.0003784566947805627
73.0 0.0003742189400087685
74.0 0.0003697379109402543
75.0 0.00036518215395054825
76.0 0.00036056014906686053
77.0 0.0003557876673479364
78.0 0.0003510007505321177
79.0 0.00034620968319564404
80.0 0.00034125748005203206
81.0 0.0003362943091164264
82.0 0.00033141361934205157
83.0 0.00032652498581230176
84.0 0.0003216308677929849
85.0 0.00031666567979932376
86.0 0.0003117364549645287
87.0 0.0003069476697593045
88.0 0.00030214868765446947
89.0 0.00029733933244310644
90.0 0.00029262916373161136
91.0 0.0002879560513243976
92.0 0.00028332329524010443
93.0 0.000278707865452727
94.0 0.0002742440017425876
95.0 0.0002697918911286707
96.0 0.00026538460334931064
97.0 0.000261016132618308
98.0 0.0002567414125796741
99.0 0.00025251919687693136
100.0 0.00024839926834199435
101.0 0.000244308813895974
102.0 0.00024027404277360468
103.0 0.0002362975482867472
104.0 0.0002324491018868846
105.0 0.0002286265522041889
106.0 0.00022488675616317996
107.0 0.0002211643376885692
108.0 0.00021756695392041028
109.0 0.0002139695701522514
110.0 0.00021051904207531296
111.0 0.00020707416527210865
112.0 0.0002037158002765139
113.0 0.00020038471750605014
114.0 0.00019713168861128363
115.0 0.00019395274086609143
116.0 0.0001907999595799105
117.0 0.0001877396979258536
118.0 0.00018467943627179672
119.0 0.00018174789500323557
120.0 0.00017883364674261537
121.0 0.0001759785427724998
122.0 0.0001731836779676289
123.0 0.00017039774249706972
124.0 0.00016774911671868113
125.0 0.00016510049094029254
126.0 0.00016251275796360474
127.0 0.00015996956915024127
128.0 0.00015743208171738798
129.0 0.00015501898566731932
130.0 0.00015260588961725063
131.0 0.00015024072459036717
132.0 0.00014793206735607998
133.0 0.00014562341012179273
134.0 0.000143417405803999
135.0 0.00014123365570569422
136.0 0.00013906384416169918
137.0 0.0001369861262200375
138.0 0.00013490840827837583
139.0 0.00013287290981220983
140.0 0.00013090436265510567
141.0 0.00012893581549800154
142.0 0.0001270227275510029
143.0 0.00012514873124764553
144.0 0.00012327473494428814
145.0 0.00012147257663201992
146.0 0.00011969701380202718
147.0 0.00011792145097203443
148.0 0.00011622178088210974
149.0 0.00011453929675953662
150.0 0.0001128568126369635
151.0 0.00011125121440133095
152.0 0.00010966004006505661
153.0 0.00010806886572878228
154.0 0.00010654649694457999
155.0 0.00010504041053403383
156.0 0.0001035343241234877
157.0 0.0001020868245516964
158.0 0.0001006627960725291
159.0 9.923876759336178e-05
160.0 9.785911170187239e-05
161.0 9.651477804004617e-05
162.0 9.517044437821996e-05
163.0 9.385075637473736e-05
164.0 9.257981351034518e-05
165.0 9.130887064595301e-05
166.0 9.004131654268273e-05
167.0 8.883845005131415e-05
168.0 8.763558355994556e-05
169.0 8.643271706857696e-05
170.0 8.527631311425241e-05
171.0 8.41400728294313e-05
172.0 8.300383254461019e-05
173.0 8.188649143404657e-05
174.0 8.081842496734232e-05
175.0 7.975035850063806e-05
176.0 7.86822920339338e-05
177.0 7.766103843391661e-05
178.0 7.665238005521833e-05
179.0 7.564372167652002e-05
180.0 7.464802545707552e-05
181.0 7.369615175507032e-05
182.0 7.274427805306514e-05
183.0 7.179240435105997e-05
184.0 7.087368779520695e-05
185.0 6.997738739942356e-05
186.0 6.908108700364018e-05
187.0 6.818478660785681e-05
188.0 6.733550279089384e-05
189.0 6.64919326347078e-05
190.0 6.564836247852176e-05
191.0 6.48100825152293e-05
192.0 6.40138293394941e-05
193.0 6.321757616375892e-05
194.0 6.242132298802374e-05
195.0 6.163672608073474e-05
196.0 6.0886075547512886e-05
197.0 6.0135425014291033e-05
198.0 5.9384774481069174e-05
199.0 5.864871017151167e-05
200.0 5.79434279917863e-05
201.0 5.7238145812060935e-05
202.0 5.6532863632335575e-05
203.0 5.584035286390098e-05
204.0 5.5176545199475764e-05
205.0 5.451273753505056e-05
206.0 5.384892987062534e-05
207.0 5.319328548290163e-05
208.0 5.2567752429459925e-05
209.0 5.194221937601822e-05
210.0 5.1316686322576504e-05
211.0 5.06925954716303e-05
212.0 5.0107221644089604e-05
213.0 4.952184781654892e-05
214.0 4.893647398900823e-05
215.0 4.8351100161467545e-05
216.0 4.779089491488466e-05
217.0 4.7238032166543095e-05
218.0 4.668516941820154e-05
219.0 4.613230666985997e-05
220.0 4.5592598595314646e-05
221.0 4.5070593445072096e-05
222.0 4.4548588294829546e-05
223.0 4.4026583144586996e-05
224.0 4.3504577994344446e-05
225.0 4.301832828558414e-05
226.0 4.2532417183843784e-05
227.0 4.204650608210342e-05
228.0 4.1560594980363055e-05
229.0 4.108813089389267e-05
230.0 4.063111771096217e-05
231.0 4.0174104528031655e-05
232.0 3.971709134510114e-05
233.0 3.926007816217063e-05
234.0 3.882370003284009e-05
235.0 3.839100284408064e-05
236.0 3.795830565532118e-05
237.0 3.7525608466561726e-05
238.0 3.7096994080243474e-05
239.0 3.6693743855863843e-05
240.0 3.629049363148421e-05
241.0 3.588724340710459e-05
242.0 3.5483993182724965e-05
243.0 3.5088727963688414e-05
244.0 3.470941860535476e-05
245.0 3.4330109247021116e-05
246.0 3.3950799888687464e-05
247.0 3.357149053035382e-05
248.0 3.32026939024381e-05
249.0 3.28477567199357e-05
250.0 3.249281953743332e-05
251.0 3.2137882354930935e-05
252.0 3.178294517242854e-05
253.0 3.143701436279359e-05
254.0 3.110301630179056e-05
255.0 3.0769018240787546e-05
256.0 3.0435020179784516e-05
257.0 3.0101022118781496e-05
258.0 2.977330412778705e-05
259.0 2.9458460167584073e-05
260.0 2.9143616207381096e-05
261.0 2.882877224717812e-05
262.0 2.851392828697514e-05
263.0 2.8201957285190218e-05
264.0 2.7910556970960152e-05
265.0 2.761915665673009e-05
266.0 2.7327756342500024e-05
267.0 2.703635602826996e-05
268.0 2.6744955714039897e-05
269.0 2.6467441045001392e-05
270.0 2.6193139814727837e-05
271.0 2.5918838584454286e-05
272.0 2.5644537354180734e-05
273.0 2.537023612390718e-05
274.0 2.5102702230742124e-05
275.0 2.484556335507254e-05
276.0 2.4588424479402958e-05
277.0 2.4331285603733373e-05
278.0 2.407414672806379e-05
279.0 2.381700785239421e-05
280.0 2.3575078000829923e-05
281.0 2.3335479022473546e-05
282.0 2.3095880044117168e-05
283.0 2.285628106576079e-05
284.0 2.2616682087404412e-05
285.0 2.238065915741089e-05
286.0 2.2156727378395043e-05
287.0 2.1932795599379196e-05
288.0 2.1708863820363346e-05
289.0 2.14849320413475e-05
290.0 2.1261000262331655e-05
291.0 2.104380936603375e-05
292.0 2.083405463650663e-05
293.0 2.062429990697951e-05
294.0 2.0414545177452395e-05
295.0 2.0204790447925276e-05
296.0 1.9995035718398156e-05
297.0 1.979384708138935e-05
298.0 1.959821633487435e-05
299.0 1.9402585588359346e-05
