10.0 0.00035419091135946884
11.0 -0.0014731865597719719
12.0 -0.002433078360258285
13.0 -0.0024672477695353743
14.0 -0.0022901795356505485
15.0 -0.001929206036426999
16.0 -0.001422048909963546
17.0 -0.0010444221592042086
18.0 -0.0006416559494053866
19.0 -0.00030388251559270606
20.0 -8.197399937906092e-06
21.0 0.00024271685433846415
22.0 0.0004526734193707992
23.0 0.0006246418954045364
24.0 0.0007650380569818037
25.0 0.0008786812978509764
26.0 0.0009690922940211466
27.0 0.0010401262717998456
28.0 0.001094744559280132
29.0 0.0011350048976613198
30.0 0.001163800443858088
31.0 0.0011833914173759222
32.0 0.0011946853282512318
33.0 0.0011993889262248913
34.0 0.0011986182095180054
35.0 0.0011933641822581206
36.0 0.0011843067259130313
37.0 0.0011723228054853737
38.0 0.0011578166088903063
39.0 0.0011413029501318496
40.0 0.0011233356850995648
41.0 0.00110416943982557
42.0 0.0010839668213348278
43.0 0.0010630969079311913
44.0 0.0010417884305934015
45.0 0.0010202005236684734
46.0 0.0009984145232483257
47.0 0.0009765943456478676
48.0 0.0009548108265357525
49.0 0.0009331190291317408
50.0 0.000911724076600304
51.0 0.0008905080172161953
52.0 0.000869658555226946
53.0 0.0008490909684693723
54.0 0.0008289196086119977
55.0 0.0008091371193518394
56.0 0.0007897680618537076
57.0 0.0007708290623084417
58.0 0.0007522839540486654
59.0 0.0007341448525242173
60.0 0.0007164525566904416
61.0 0.0006991759655368752
62.0 0.0006824301251630875
63.0 0.0006660710113718733
64.0 0.000650099535265888
65.0 0.0006345115076725705
66.0 0.0006193628489250902
67.0 0.0006046936306957167
68.0 0.0005903777404132209
69.0 0.00057639742274368
70.0 0.0005628564969052099
71.0 0.0005497017763105022
72.0 0.0005368485514999378
73.0 0.0005243369349785407
74.0 0.0005122714248904191
75.0 0.0005004729942231552
76.0 0.0004889658040957271
77.0 0.0004778517744626164
78.0 0.00046697711369499855
79.0 0.0004564278237848667
80.0 0.0004462348841343466
81.0 0.00043621770966565505
82.0 0.0004265449191269045
83.0 0.00041712674064204057
84.0 0.0004078843501928464
85.0 0.00039903618683326275
86.0 0.00039031316761104894
87.0 0.0003819077146255383
88.0 0.0003736824453892728
89.0 0.00036564047355681207
90.0 0.0003579088772408581
91.0 0.00035029323793111465
92.0 0.00034299608072256593
93.0 0.00033575457675140543
94.0 0.00032883359617379165
95.0 0.0003219845229394468
96.0 0.00031540968305516733
97.0 0.0003089309291092449
98.0 0.0003026842413205674
99.0 0.00029654191620201036
100.0 0.00029060290690052
101.0 0.00028477308674140566
102.0 0.0002791495499510938
103.0 0.00027361270525193336
104.0 0.0002682663443775858
105.0 0.00026298752645341754
106.0 0.00025792454380526447
107.0 0.0002528941304032849
108.0 0.00024809805856797565
109.0 0.0002433019867326664
110.0 0.0002387416056189581
111.0 0.00023419029431230525
112.0 0.00022983249021095987
113.0 0.00022553571023204973
114.0 0.00022135538358773995
115.0 0.00021728558312578678
116.0 0.0002132637668468932
117.0 0.00020941161353089897
118.0 0.00020555946021490477
119.0 0.00020189532945127228
120.0 0.00019825645867640185
121.0 0.0001947190060945365
122.0 0.00019128484915177874
123.0 0.00018786194139090321
124.0 0.00018461201648042769
125.0 0.00018136209156995216
126.0 0.0001782216735212485
127.0 0.00017516136168214047
128.0 0.0001721083175482482
129.0 0.0001692138385022064
130.0 0.0001663193594561646
131.0 0.0001635011523266335
132.0 0.00016077286519781769
133.0 0.00015804457806900193
134.0 0.00015544325619650827
135.0 0.0001528694592378523
136.0 0.00015031568796021198
137.0 0.00014789422861843896
138.0 0.00014547276927666595
139.0 0.0001431036645434762
140.0 0.00014081758333293613
141.0 0.00013853150212239608
142.0 0.00013632389176471352
143.0 0.00013417159331302996
144.0 0.00013201929486134637
145.0 0.00012995892931244455
146.0 0.00012793259867806901
147.0 0.0001259062680436935
148.0 0.0001239768538674587
149.0 0.00012206938649514665
150.0 0.0001201619191228346
151.0 0.00011834877069336674
152.0 0.00011655331662879848
153.0 0.00011475786256423022
154.0 0.00011304866152512043
155.0 0.00011135987168753719
156.0 0.00010967108184995395
157.0 0.00010805283692115425
158.0 0.0001064628537337866
159.0 0.00010487287054641896
160.0 0.00010333600606525544
161.0 0.00010184142604930212
162.0 0.00010034684603334882
163.0 9.888290472117347e-05
164.0 9.747956182582209e-05
165.0 9.607621893047071e-05
166.0 9.467695020373331e-05
167.0 9.335545274166888e-05
168.0 9.203395527960445e-05
169.0 9.071245781753999e-05
170.0 8.944725808233446e-05
171.0 8.820649026218129e-05
172.0 8.696572244202812e-05
173.0 8.574578221202611e-05
174.0 8.458014446493494e-05
175.0 8.341450671784375e-05
176.0 8.224886897075259e-05
177.0 8.113916378819115e-05
178.0 8.00445075244215e-05
179.0 7.894985126065186e-05
180.0 7.786975244291747e-05
181.0 7.683886949425731e-05
182.0 7.580798654559714e-05
183.0 7.477710359693697e-05
184.0 7.378541446575784e-05
185.0 7.282022263571444e-05
186.0 7.185503080567104e-05
187.0 7.088983897562764e-05
188.0 6.997523168763892e-05
189.0 6.906677165496115e-05
190.0 6.815831162228338e-05
191.0 6.725625660573809e-05
192.0 6.640508484765155e-05
193.0 6.555391308956505e-05
194.0 6.470274133147852e-05
195.0 6.38645997765126e-05
196.0 6.306440588475856e-05
197.0 6.22642119930045e-05
198.0 6.146401810125046e-05
199.0 6.0679855576952675e-05
200.0 5.992952495087483e-05
201.0 5.917919432479699e-05
202.0 5.842886369871914e-05
203.0 5.769284395770229e-05
204.0 5.6988987210501854e-05
205.0 5.628513046330141e-05
206.0 5.558127371610097e-05
207.0 5.488624540074319e-05
208.0 5.4223781933071046e-05
209.0 5.35613184653989e-05
210.0 5.2898854997726746e-05
211.0 5.223793859165505e-05
212.0 5.1618554231451483e-05
213.0 5.0999169871247925e-05
214.0 5.0379785511044366e-05
215.0 4.976040115084081e-05
216.0 4.916992670285051e-05
217.0 4.858788622179457e-05
218.0 4.800584574073863e-05
219.0 4.7423805259682695e-05
220.0 4.685713422011554e-05
221.0 4.6311146632184365e-05
222.0 4.57651590442532e-05
223.0 4.521917145632203e-05
224.0 4.467318386839086e-05
225.0 4.4161505478027036e-05
226.0 4.3650151998632373e-05
227.0 4.313879851923771e-05
228.0 4.262744503984305e-05
229.0 4.2131113154448e-05
230.0 4.165204139669042e-05
231.0 4.117296963893283e-05
232.0 4.069389788117526e-05
233.0 4.021482612341767e-05
234.0 3.976023984319988e-05
235.0 3.9310021353317194e-05
236.0 3.8859802863434516e-05
237.0 3.8409584373551825e-05
238.0 3.796352994190663e-05
239.0 3.7543344468894316e-05
240.0 3.7123158995882e-05
241.0 3.670297352286968e-05
242.0 3.628278804985737e-05
243.0 3.587094295875009e-05
244.0 3.5475763851717746e-05
245.0 3.5080584744685394e-05
246.0 3.468540563765305e-05
247.0 3.4290226530620703e-05
248.0 3.390618602519678e-05
249.0 3.353683008171214e-05
250.0 3.3167474138227496e-05
251.0 3.2798118194742845e-05
252.0 3.2428762251258195e-05
253.0 3.206959993198821e-05
254.0 3.172394337771287e-05
255.0 3.137828682343753e-05
256.0 3.1032630269162195e-05
257.0 3.0686973714886855e-05
258.0 3.0348406197360214e-05
259.0 3.002437107792147e-05
260.0 2.970033595848272e-05
261.0 2.937630083904397e-05
262.0 2.9052265719605223e-05
263.0 2.8730868341171836e-05
264.0 2.8428357468624088e-05
265.0 2.8125846596076343e-05
266.0 2.7823335723528595e-05
267.0 2.752082485098085e-05
268.0 2.7218313978433103e-05
269.0 2.693129751482692e-05
270.0 2.664786679272903e-05
271.0 2.6364436070631143e-05
272.0 2.6081005348533255e-05
273.0 2.5797574626435367e-05
274.0 2.5521697259863425e-05
275.0 2.5257422280106704e-05
276.0 2.4993147300349984e-05
277.0 2.472887232059326e-05
278.0 2.446459734083654e-05
279.0 2.4200322361079818e-05
280.0 2.39512583848619e-05
281.0 2.3704525585211822e-05
282.0 2.3457792785561743e-05
283.0 2.321105998591166e-05
284.0 2.296432718626158e-05
285.0 2.2721363353682745e-05
286.0 2.249114295890572e-05
287.0 2.2260922564128692e-05
288.0 2.2030702169351666e-05
289.0 2.180048177457464e-05
290.0 2.1570261379797616e-05
291.0 2.1347341643456158e-05
292.0 2.113247558731284e-05
293.0 2.0917609531169525e-05
294.0 2.070274347502621e-05
295.0 2.048787741888289e-05
296.0 2.0273011362739573e-05
297.0 2.006685881015134e-05
298.0 1.986635979194567e-05
299.0 1.966586077374e-05
