10.0 0.01440773493950975
11.0 0.013475604184465077
12.0 0.01262228014492761
13.0 0.011839702234222505
14.0 0.011119933332426541
15.0 0.010455877080173696
16.0 0.009841320673118902
17.0 0.00927069511652574
18.0 0.00873899168112899
19.0 0.008241842641491191
20.0 0.007775543465631539
21.0 0.0073369575064487665
22.0 0.006923389090676633
23.0 0.006532495828514569
24.0 0.0061622513574474715
25.0 0.005810930862451793
26.0 0.005477086730748777
27.0 0.005159504804572658
28.0 0.004857156275161492
29.0 0.0045691619272263
30.0 0.004294769398623028
31.0 0.004033334090939281
32.0 0.0037842987564573327
33.0 0.0035471742403602458
34.0 0.003321525037184668
35.0 0.0031069595412821717
36.0 0.002903121460214411
37.0 0.0027096796590945302
38.0 0.002526317851961151
39.0 0.002352727765989646
40.0 0.0021886066282995253
41.0 0.0020336557907182718
42.0 0.0018875773986538832
43.0 0.0017500698900821446
44.0 0.0016208255693939528
45.0 0.0014995316340618379
46.0 0.001385872648485878
47.0 0.0012795318171941875
48.0 0.0011801907643739307
49.0 0.001087529527892445
50.0 0.0010012279075233138
51.0 0.000920967487916739
52.0 0.0008464330557234709
53.0 0.0007773131700446893
54.0 0.0007133007230947325
55.0 0.000654094201590717
56.0 0.0005993994716770763
57.0 0.0005489314230174893
58.0 0.0005024151124699396
59.0 0.0004595865706345
60.0 0.00042019354495756466
61.0 0.00038399615113292643
62.0 0.00035076714090217836
63.0 0.00032029158721517915
64.0 0.00029236613705179636
65.0 0.000266798252176901
66.0 0.0002434058200972317
67.0 0.0002220172215474965
68.0 0.00020247162895009474
69.0 0.00018461919948904102
70.0 0.00016832094894502378
71.0 0.0001534483045281289
72.0 0.0001398824638684965
73.0 0.0001275136771194511
74.0 0.0001162404994085232
75.0 0.00010596903902530285
76.0 9.661227299039586e-05
77.0 8.808954102317662e-05
78.0 8.032628511466692e-05
79.0 7.32539847584662e-05
80.0 6.681013415105053e-05
81.0 6.0938094472160636e-05
82.0 5.5586731336589425e-05
83.0 5.070985086070023e-05
84.0 4.626551709070153e-05
85.0 4.221535616756685e-05
86.0 3.852394992194695e-05
87.0 3.515840841102969e-05
88.0 3.2088179022024616e-05
89.0 2.9285088398970427e-05
90.0 2.6723535922971757e-05
91.0 2.438070092219557e-05
92.0 2.2236623627267623e-05
93.0 2.0274074970194287e-05
94.0 1.8478213163192452e-05
95.0 1.6836095733803808e-05
96.0 1.533614889250472e-05
97.0 1.3967690027361867e-05
98.0 1.2720568152639532e-05
99.0 1.1584948700565261e-05
100.0 1.0551235438721805e-05
101.0 9.610099524316224e-06
102.0 8.75257528098893e-06
103.0 7.970182691452866e-06
104.0 7.255044325726956e-06
105.0 6.59997547262615e-06
106.0 5.998537674273119e-06
107.0 5.445056080410485e-06
108.0 4.934608700970352e-06
109.0 4.462998843223523e-06
110.0 4.026719194542403e-06
111.0 3.622907936638079e-06
112.0 3.249288121859047e-06
113.0 2.90407726037202e-06
114.0 2.585858821392446e-06
115.0 2.2934204900483274e-06
116.0 2.025579915163317e-06
117.0 1.78102968215989e-06
118.0 1.558233836992241e-06
119.0 1.355397844452275e-06
120.0 1.170516506497349e-06
121.0 1.0014863996700778e-06
122.0 8.462561768030043e-07
123.0 7.029821513439186e-07
124.0 5.701576962076006e-07
125.0 4.466914444432073e-07
126.0 3.3191927927431173e-07
127.0 2.2554725162639803e-07
128.0 1.2753550655064857e-07
129.0 3.794514662392699e-08
130.0 -4.322177543605594e-08
131.0 -1.1615667922790983e-07
132.0 -1.8132587097438226e-07
133.0 -2.3948319935079884e-07
134.0 -2.9161380119465704e-07
135.0 -3.388242612599142e-07
136.0 -3.8220576654473126e-07
137.0 -4.2270106253601445e-07
138.0 -4.6100256099053106e-07
139.0 -4.974993959914417e-07
140.0 -5.322787243394754e-07
141.0 -5.651746756447582e-07
142.0 -5.958499033019373e-07
143.0 -6.238910444119036e-07
144.0 -6.489003803625377e-07
145.0 -6.705702770527218e-07
146.0 -6.887327929163951e-07
147.0 -7.033825638809962e-07
148.0 -7.14675641475844e-07
149.0 -7.229099178283379e-07
150.0 -7.284941176991178e-07
151.0 -7.319122979436313e-07
152.0 -7.336896515360915e-07
153.0 -7.343634578832378e-07
154.0 -7.344605986495252e-07
155.0 -7.344806284083494e-07
156.0 -7.348815178007872e-07
157.0 -7.360644279489782e-07
158.0 -7.383545738339601e-07
159.0 -7.419773376035369e-07
160.0 -7.470317669883317e-07
161.0 -7.534665220141107e-07
162.0 -7.610651784257212e-07
163.0 -7.694477503375813e-07
164.0 -7.780930808656917e-07
165.0 -7.8638276119551e-07
166.0 -7.936624546812673e-07
167.0 -7.993122043159767e-07
168.0 -8.028146878866488e-07
169.0 -8.03810214452922e-07
170.0 -8.021296307384455e-07
171.0 -7.978006550332721e-07
172.0 -7.910284061476864e-07
173.0 -7.821557734216112e-07
174.0 -7.716126465926134e-07
175.0 -7.59864180153761e-07
176.0 -7.473670778326524e-07
177.0 -7.345398086950451e-07
178.0 -7.2174860596651e-07
179.0 -7.093071337830862e-07
180.0 -6.974848035731069e-07
181.0 -6.865174863307655e-07
182.0 -6.766149105080726e-07
183.0 -6.679609921586468e-07
184.0 -6.607060273765369e-07
185.0 -6.549523100216913e-07
186.0 -6.507366789647779e-07
187.0 -6.480143914525505e-07
188.0 -6.466485250401203e-07
189.0 -6.464080458945544e-07
190.0 -6.469760949447772e-07
191.0 -6.479682978016354e-07
192.0 -6.489592998248664e-07
193.0 -6.495144790305079e-07
194.0 -6.492230391435916e-07
195.0 -6.47728520597682e-07
196.0 -6.447532207787461e-07
197.0 -6.401140402455378e-07
198.0 -6.337287174960131e-07
199.0 -6.256130184258354e-07
200.0 -6.158708703563278e-07
201.0 -6.046803401545308e-07
202.0 -5.9227851979588e-07
203.0 -5.789477553855384e-07
204.0 -5.65004413256775e-07
205.0 -5.50789882852932e-07
206.0 -5.366622251630278e-07
207.0 -5.229862010549148e-07
208.0 -5.101196023903388e-07
209.0 -4.983948593041029e-07
210.0 -4.880965517164438e-07
211.0 -4.794372625046508e-07
212.0 -4.7253565363938407e-07
213.0 -4.674012757577445e-07
214.0 -4.639301812150275e-07
215.0 -4.6191391099719223e-07
216.0 -4.610621445764031e-07
217.0 -4.6103671716575244e-07
218.0 -4.6149238516425293e-07
219.0 -4.621181753015615e-07
220.0 -4.626727390107959e-07
221.0 -4.630079633598125e-07
222.0 -4.630770166048821e-07
223.0 -4.629256612614562e-07
224.0 -4.6266854216553883e-07
225.0 -4.624547096490162e-07
226.0 -4.6242840108169687e-07
227.0 -4.626917716498594e-07
228.0 -4.632757455331745e-07
229.0 -4.6412358390773046e-07
230.0 -4.6508946005876285e-07
231.0 -4.6595174148176214e-07
232.0 -4.6643828485925294e-07
233.0 -4.6625927235181434e-07
234.0 -4.651422362403304e-07
235.0 -4.628640230559766e-07
236.0 -4.592754293689177e-07
237.0 -4.5431582701334983e-07
238.0 -4.480169189802935e-07
239.0 -4.4049645398681615e-07
240.0 -4.319439791334543e-07
241.0 -4.226013629652397e-07
242.0 -4.1274087029949847e-07
243.0 -4.0264314913649936e-07
244.0 -3.9257681930531645e-07
245.0 -3.8278066999235144e-07
246.0 -3.7344896724779283e-07
247.0 -3.6472013580049295e-07
248.0 -3.5666909523043884e-07
249.0 -3.493036906943102e-07
250.0 -3.4256580702756247e-07
251.0 -3.3633774196120665e-07
252.0 -3.304541430192031e-07
253.0 -3.247192707767907e-07
254.0 -3.189286143079192e-07
255.0 -3.128930974226195e-07
256.0 -3.064634530779186e-07
257.0 -2.995519724319591e-07
258.0 -2.921488671197376e-07
259.0 -2.843309533267296e-07
260.0 -2.762612230657877e-07
261.0 -2.6817898530633966e-07
262.0 -2.603814610764536e-07
263.0 -2.5319881068436386e-07
264.0 -2.469653865202074e-07
265.0 -2.4199042064853533e-07
266.0 -2.385313216387502e-07
267.0 -2.3677229425283473e-07
268.0 -2.3681020027488233e-07
269.0 -2.3864858781595435e-07
270.0 -2.4219978922515784e-07
271.0 -2.472940755993381e-07
272.0 -2.536941773382177e-07
273.0 -2.6111310429857977e-07
274.0 -2.6923313943708455e-07
275.0 -2.777240990091529e-07
276.0 -2.862593755682684e-07
277.0 -2.9452881311736903e-07
278.0 -3.022480129265573e-07
279.0 -3.0916415575693933e-07
280.0 -3.1505879956365373e-07
281.0 -3.1974834797160484e-07
282.0 -3.230829861499302e-07
283.0 -3.249448671335814e-07
284.0 -3.2524623196783924e-07
285.0 -3.239279909929883e-07
286.0 -3.209591067490073e-07
287.0 -3.163369211848027e-07
288.0 -3.1008837604448514e-07
289.0 -3.022718979458899e-07
290.0 -2.929795708390952e-07
291.0 -2.8233911070518227e-07
292.0 -2.705151025565193e-07
293.0 -2.5770896717978084e-07
294.0 -2.4415719828546083e-07
295.0 -2.301275456606696e-07
296.0 -2.1591300404181148e-07
297.0 -2.0182368092455208e-07
298.0 -1.8817683493476715e-07
299.0 -1.75285574454023e-07
