10.0 0.021933743047885836
11.0 0.014841695885403487
12.0 0.009668312017504262
13.0 0.005972953857020211
14.0 0.0033876022935273777
15.0 0.0016207180270828457
16.0 0.00044845704081479857
17.0 -0.0002983286224488993
18.0 -0.0007458179869521037
19.0 -0.0009864644398338651
20.0 -0.0010867544877730259
21.0 -0.0010939197237342477
22.0 -0.0010413442109338266
23.0 -0.0009525355980144413
24.0 -0.0008438648150405265
25.0 -0.0007264635960512566
26.0 -0.0006076479068554268
27.0 -0.0004920586066302786
28.0 -0.0003825364187491486
29.0 -0.0002807163748221749
30.0 -0.0001874023964779322
31.0 -0.00010282438886068044
32.0 -2.6839760609676708e-05
33.0 4.091379892337292e-05
34.0 0.00010092212277993271
35.0 0.0001537448143753703
36.0 0.00019998361750760366
37.0 0.0002402466751426765
38.0 0.00027511284764049777
39.0 0.00030511543496309317
40.0 0.00033074956865003177
41.0 0.00035248383370192884
42.0 0.0003707568692888118
43.0 0.0003859627315747308
44.0 0.00039844403829493045
45.0 0.00040850163067644355
46.0 0.00041640982153894247
47.0 0.00042242245162490657
48.0 0.0004267687265094935
49.0 0.0004296494826935855
50.0 0.0004312410026638659
51.0 0.00043170253363719266
52.0 0.0004311799150244936
53.0 0.0004298037670389072
54.0 0.00042768709452954825
55.0 0.00042492654677600273
56.0 0.0004216065023571793
57.0 0.0004178024236764318
58.0 0.0004135818232605564
59.0 0.00040900430052722927
60.0 0.00040412270648857747
61.0 0.0003989855456792803
62.0 0.0003936388729469861
63.0 0.00038812612329535643
64.0 0.0003824860832387143
65.0 0.0003767507503409957
66.0 0.0003709448370732091
67.0 0.00036508734155519157
68.0 0.00035919415432522574
69.0 0.00035328020918502036
70.0 0.0003473603650337971
71.0 0.00034144924970960067
72.0 0.0003355607999064082
73.0 0.00032970794869029206
74.0 0.0003239023570557861
75.0 0.0003181539131341809
76.0 0.0003124700642134637
77.0 0.0003068554535200098
78.0 0.00030131231159161485
79.0 0.00029584158130633995
80.0 0.0002904442670609609
81.0 0.0002851224010890035
82.0 0.0002798793201383387
83.0 0.0002747193237680939
84.0 0.0002696469639684534
85.0 0.00026466619415303663
86.0 0.000259779558493759
87.0 0.00025498762884913035
88.0 0.00025028891812360496
89.0 0.0002456803875843577
90.0 0.0002411584190273152
91.0 0.00023671989041654189
92.0 0.00023236294173073358
93.0 0.00022808718208612252
94.0 0.0002238933556627877
95.0 0.00021978269228230092
96.0 0.0002157562292253577
97.0 0.00021181432104267807
98.0 0.00020795642972326665
99.0 0.00020418117738811172
100.0 0.000200486578187691
101.0 0.00019687034534041943
102.0 0.00019333018134750824
103.0 0.00018986398991250323
104.0 0.00018646998238037557
105.0 0.00018314667886310874
106.0 0.00017989282269096406
107.0 0.0001767072416371377
108.0 0.00017358870371155985
109.0 0.00017053582293020416
110.0 0.0001675470591703583
111.0 0.00016462082076082327
112.0 0.00016175563036820948
113.0 0.00015895027879591486
114.0 0.00015620388978108298
115.0 0.0001535158556587102
116.0 0.00015088566067530078
117.0 0.0001483126566072052
118.0 0.00014579587167914618
119.0 0.00014333391483919788
120.0 0.0001409249976220855
121.0 0.00013856705654348702
122.0 0.00013625793564370163
123.0 0.00013399558432024216
124.0 0.0001317782328421617
125.0 0.00012960451772736485
126.0 0.00012747353702048994
127.0 0.00012538482311539673
128.0 0.0001233382322727505
129.0 0.00012133376692923893
130.0 0.00011937136563825445
131.0 0.00011745070862738662
132.0 0.00011557108746440175
133.0 0.00011373137257721566
134.0 0.00011193008597641031
135.0 0.00011016555705410904
136.0 0.00010843611682884889
137.0 0.00010674027792962831
138.0 0.00010507685596461284
139.0 0.00010344500873804212
140.0 0.00010184419507203086
141.0 0.00010027407613505159
142.0 9.873439320408097e-05
143.0 9.722485516591806e-05
144.0 9.574505946788549e-05
145.0 9.429445668977389e-05
146.0 9.287235644613188e-05
147.0 9.147796413807312e-05
148.0 9.011043489765344e-05
149.0 8.87689317073844e-05
150.0 8.74526771623999e-05
151.0 8.61609910864649e-05
152.0 8.489330864240802e-05
153.0 8.364917605525148e-05
154.0 8.242822427371759e-05
155.0 8.123012507888989e-05
156.0 8.005453865696368e-05
157.0 7.89010650299339e-05
158.0 7.776921233620994e-05
159.0 7.665839177444716e-05
160.0 7.556794236789337e-05
161.0 7.449718028661699e-05
162.0 7.344545989727498e-05
163.0 7.241222957118626e-05
164.0 7.139706612708361e-05
165.0 7.039967753965875e-05
166.0 6.941987250523639e-05
167.0 6.845750488555293e-05
168.0 6.751240811476945e-05
169.0 6.658433732997683e-05
170.0 6.567293463616312e-05
171.0 6.477772638911869e-05
172.0 6.389815264881281e-05
173.0 6.303362049151406e-05
174.0 6.218356693506474e-05
175.0 6.134751529950373e-05
176.0 6.052511122785189e-05
177.0 5.97161304821133e-05
178.0 5.8920458245262426e-05
179.0 5.813804683747008e-05
180.0 5.73688635611637e-05
181.0 5.661284168795661e-05
182.0 5.5869845361842224e-05
183.0 5.5139654436623764e-05
184.0 5.442196964798755e-05
185.0 5.371643373128723e-05
186.0 5.302266129747951e-05
187.0 5.234026980527531e-05
188.0 5.166890537023618e-05
189.0 5.1008259536875576e-05
190.0 5.035807560358689e-05
191.0 4.9718145055457196e-05
192.0 4.9088295982993914e-05
193.0 4.846837620778302e-05
194.0 4.78582344168937e-05
195.0 4.725770298240929e-05
196.0 4.666658613952e-05
197.0 4.6084656530261343e-05
198.0 4.551166160785053e-05
199.0 4.494733915741521e-05
200.0 4.439143870593344e-05
201.0 4.384374359840423e-05
202.0 4.3304087732392624e-05
203.0 4.2772361798492685e-05
204.0 4.224850630644338e-05
205.0 4.173249210329773e-05
206.0 4.1224292569928655e-05
207.0 4.072385420405946e-05
208.0 4.023107309708947e-05
209.0 3.974578360735811e-05
210.0 3.9267762611923645e-05
211.0 3.879674885060668e-05
212.0 3.833247308221345e-05
213.0 3.787469203976916e-05
214.0 3.7423218183197065e-05
215.0 3.69779382169249e-05
216.0 3.6538815976437556e-05
217.0 3.610587890255183e-05
218.0 3.567919102526642e-05
219.0 3.5258818312107705e-05
220.0 3.4844793774063915e-05
221.0 3.4437089598656974e-05
222.0 3.4035601912102865e-05
223.0 3.3640151000453965e-05
224.0 3.32504965804751e-05
225.0 3.286636469177643e-05
226.0 3.248748058021523e-05
227.0 3.2113600960909504e-05
228.0 3.174453943216092e-05
229.0 3.1380180432309774e-05
230.0 3.1020479623558694e-05
231.0 3.066545141640495e-05
232.0 3.0315146919410066e-05
233.0 2.9969627374165348e-05
234.0 2.962893875170889e-05
235.0 2.929309254086747e-05
236.0 2.8962056036080264e-05
237.0 2.863575306674417e-05
238.0 2.8314073682505335e-05
239.0 2.7996889401355513e-05
240.0 2.7684069675699466e-05
241.0 2.7375495415105408e-05
242.0 2.7071066605470616e-05
243.0 2.677070290887861e-05
244.0 2.647433809650012e-05
245.0 2.6181910738659498e-05
246.0 2.589335437148811e-05
247.0 2.5608590230659083e-05
248.0 2.532752469707245e-05
249.0 2.5050052150845104e-05
250.0 2.4776062397708848e-05
251.0 2.450545062046589e-05
252.0 2.4238127203340008e-05
253.0 2.397402488468794e-05
254.0 2.3713101431589658e-05
255.0 2.3455337169524276e-05
256.0 2.3200727938335937e-05
257.0 2.294927508490979e-05
258.0 2.2700974720712966e-05
259.0 2.2455808561999762e-05
260.0 2.221373825135466e-05
261.0 2.197470425811984e-05
262.0 2.173862946773463e-05
263.0 2.1505426613226213e-05
264.0 2.1275007968803838e-05
265.0 2.1047295348126923e-05
266.0 2.082222847974521e-05
267.0 2.0599770236224546e-05
268.0 2.0379907866670587e-05
269.0 2.016265017394567e-05
270.0 1.994802132418834e-05
271.0 1.973605253468361e-05
272.0 1.9526773162703388e-05
273.0 1.9320202683468517e-05
274.0 1.9116344736827024e-05
275.0 1.8915183929771974e-05
276.0 1.8716685524886614e-05
277.0 1.8520797642864596e-05
278.0 1.832745525365699e-05
279.0 1.8136585074091098e-05
280.0 1.7948110528079244e-05
281.0 1.7761956113431715e-05
282.0 1.7578050785218255e-05
283.0 1.73963302333863e-05
284.0 1.7216738141121474e-05
285.0 1.703922662782263e-05
286.0 1.6863756105839422e-05
287.0 1.669029473815353e-05
288.0 1.651881761301145e-05
289.0 1.634930568814141e-05
290.0 1.6181744526214633e-05
291.0 1.6016122851331305e-05
292.0 1.5852430993418753e-05
293.0 1.569065933309753e-05
294.0 1.5530796891793786e-05
295.0 1.5372830215061965e-05
296.0 1.5216742666550387e-05
297.0 1.5062514192470772e-05
298.0 1.4910121546217347e-05
299.0 1.4759538896787546e-05
