10.0 0.014487984836498175
11.0 0.008049882713220533
12.0 0.0036335332093940824
13.0 0.0007335806214342612
14.0 -0.0010639172680978217
15.0 -0.0020809531020428897
16.0 -0.0025598731432623432
17.0 -0.0026795363991412367
18.0 -0.0025696623943504884
19.0 -0.002322130207346104
20.0 -0.0020002685433244257
21.0 -0.0016466558673386821
22.0 -0.0012892739832907217
23.0 -0.0009459787014630486
24.0 -0.0006275653510549586
25.0 -0.00033986770930826565
26.0 -8.529248826070701e-05
27.0 0.00013599220804266467
28.0 0.0003251744487412364
29.0 0.00048421945771625865
30.0 0.0006155223653722719
31.0 0.0007216842786423217
32.0 0.0008053460408477217
33.0 0.0008690701249695896
34.0 0.0009152767723066068
35.0 0.0009462237251135331
36.0 0.0009640014606618738
37.0 0.000970521830600519
38.0 0.0009675039920455399
39.0 0.0009564767362603356
40.0 0.0009388018374502945
41.0 0.0009156997814139097
42.0 0.0008882591754779121
43.0 0.0008574335648151284
44.0 0.0008240443835539254
45.0 0.0007887988474652484
46.0 0.0007523123793379366
47.0 0.0007151213179670042
48.0 0.0006776850368060928
49.0 0.0006403879886420699
50.0 0.0006035487219008622
51.0 0.0005674321528283805
52.0 0.0005322576679773717
53.0 0.0004982015212222223
54.0 0.00046539825032107567
55.0 0.0004339452562847885
56.0 0.00040390975552679216
57.0 0.00037533467502996986
58.0 0.00034824193156726175
59.0 0.0003226345896403402
60.0 0.0002984999788094316
61.0 0.00027581393688812857
62.0 0.00025454450437024993
63.0 0.00023465351866055635
64.0 0.00021609623392077954
65.0 0.00019882057726813745
66.0 0.00018276769505900842
67.0 0.00016787420919540542
68.0 0.00015407524908631873
69.0 0.00014130690417612265
70.0 0.00012950739290712709
71.0 0.00011861722674987598
72.0 0.00010857909906025153
73.0 9.933792145860629e-05
74.0 9.084086847209901e-05
75.0 8.303711377593604e-05
76.0 7.587728010311928e-05
77.0 6.931304334547912e-05
78.0 6.329734290475965e-05
79.0 5.778522410877025e-05
80.0 5.2734881493059095e-05
81.0 4.8108374894451075e-05
82.0 4.387176102859317e-05
83.0 3.9994717727187846e-05
84.0 3.644987713994037e-05
85.0 3.321203809881011e-05
86.0 3.025737411817861e-05
87.0 2.756279088769711e-05
88.0 2.5105636133552634e-05
89.0 2.2863891604422218e-05
90.0 2.081676749411009e-05
91.0 1.894540910958146e-05
92.0 1.7233370690726005e-05
93.0 1.566664941034992e-05
94.0 1.4233301347147721e-05
95.0 1.2922835571829232e-05
96.0 1.1725624061437403e-05
97.0 1.0632494065513293e-05
98.0 9.634557876102215e-06
99.0 8.723244146813805e-06
100.0 7.89044842411071e-06
101.0 7.128713697341e-06
102.0 6.431370695211801e-06
103.0 5.79259829810225e-06
104.0 5.2073940087158925e-06
105.0 4.671464507258239e-06
106.0 4.181057127351527e-06
107.0 3.732761622888703e-06
108.0 3.323322432369065e-06
109.0 2.949509311093778e-06
110.0 2.608086336735071e-06
111.0 2.2958891369503056e-06
112.0 2.0099767225209497e-06
113.0 1.7477897265449541e-06
114.0 1.5072421534164872e-06
115.0 1.2867037085261872e-06
116.0 1.0848789745714772e-06
117.0 9.006322935034973e-07
118.0 7.3282306393477e-07
119.0 5.802018790164254e-07
120.0 4.413862955559319e-07
121.0 3.149048012382882e-07
122.0 1.9928162370736953e-07
123.0 9.313467941229014e-08
124.0 -4.7334051257230326e-09
125.0 -9.526449940835895e-08
126.0 -1.791054866813271e-07
127.0 -2.5661084153014575e-07
128.0 -3.278942295769514e-07
129.0 -3.92925928743431e-07
130.0 -4.516585193623179e-07
131.0 -5.041509743897296e-07
132.0 -5.506575965612081e-07
133.0 -5.916563836037825e-07
134.0 -6.278093136962947e-07
135.0 -6.598683015548243e-07
136.0 -6.885572170581908e-07
137.0 -7.144663089943808e-07
138.0 -7.379889136352639e-07
139.0 -7.593145678414133e-07
140.0 -7.784739562920139e-07
141.0 -7.954162904072505e-07
142.0 -8.100932300656853e-07
143.0 -8.225260777246439e-07
144.0 -8.328420535840005e-07
145.0 -8.412766127193052e-07
146.0 -8.481479091988903e-07
147.0 -8.538143602733899e-07
148.0 -8.586267410570731e-07
149.0 -8.628838951556607e-07
150.0 -8.667980256863115e-07
151.0 -8.704731154777166e-07
152.0 -8.738986843350952e-07
153.0 -8.769602026917356e-07
154.0 -8.79466054752973e-07
155.0 -8.811883813893268e-07
156.0 -8.81911720644614e-07
157.0 -8.814802599250428e-07
158.0 -8.798332324266293e-07
159.0 -8.77019639777145e-07
160.0 -8.73188134097837e-07
161.0 -8.685543889876877e-07
162.0 -8.633546045475616e-07
163.0 -8.577977898649894e-07
164.0 -8.520297286933143e-07
165.0 -8.461179066805985e-07
166.0 -8.400603221728338e-07
167.0 -8.338140502359096e-07
168.0 -8.27333858051604e-07
169.0 -8.206086813449651e-07
170.0 -8.13684935484057e-07
171.0 -8.066699083035782e-07
172.0 -7.997144709758672e-07
173.0 -7.929802735156171e-07
174.0 -7.866008198663668e-07
175.0 -7.806472591319298e-07
176.0 -7.751081124252255e-07
177.0 -7.698880618272292e-07
178.0 -7.648256175349424e-07
179.0 -7.597245175902776e-07
180.0 -7.543905061883771e-07
181.0 -7.486644920280929e-07
182.0 -7.424449801182697e-07
183.0 -7.356962791277702e-07
184.0 -7.284430272182045e-07
185.0 -7.207547868202159e-07
186.0 -7.127260287686544e-07
187.0 -7.044566393313623e-07
188.0 -6.960366341022947e-07
189.0 -6.875368517273702e-07
190.0 -6.790057549127789e-07
191.0 -6.704714609524176e-07
192.0 -6.619477186311835e-07
193.0 -6.534424349398117e-07
194.0 -6.449672132513337e-07
195.0 -6.36546078978595e-07
196.0 -6.282212984071499e-07
197.0 -6.200542719770365e-07
198.0 -6.121201955898459e-07
199.0 -6.044965793427147e-07
200.0 -5.972475048491182e-07
201.0 -5.904071387469684e-07
202.0 -5.839668889064138e-07
203.0 -5.778702637731013e-07
204.0 -5.720179167060537e-07
205.0 -5.662828874495157e-07
206.0 -5.605333681993751e-07
207.0 -5.546581974100529e-07
208.0 -5.485893478147954e-07
209.0 -5.423162114512323e-07
210.0 -5.358883570846537e-07
211.0 -5.294061373160808e-07
212.0 -5.230013354316612e-07
213.0 -5.168122462832308e-07
214.0 -5.109586572171724e-07
215.0 -5.05521932782505e-07
216.0 -5.005339597892019e-07
217.0 -4.959765081398517e-07
218.0 -4.917901841125049e-07
219.0 -4.878901597697024e-07
220.0 -4.841846700171546e-07
221.0 -4.805920645692713e-07
222.0 -4.770529318421885e-07
223.0 -4.735352256831921e-07
224.0 -4.70032058157765e-07
225.0 -4.6655348063524186e-07
226.0 -4.6311482189975534e-07
227.0 -4.5972475550946896e-07
228.0 -4.5637613848986386e-07
229.0 -4.530418566572332e-07
230.0 -4.4967661937863824e-07
231.0 -4.4622415916720434e-07
232.0 -4.4262794604088316e-07
233.0 -4.3884263746412695e-07
234.0 -4.3484327187709584e-07
235.0 -4.306297438251218e-07
236.0 -4.2622525766490495e-07
237.0 -4.2166896786087426e-07
238.0 -4.170045005269495e-07
239.0 -4.122671325492446e-07
240.0 -4.0747279905773e-07
241.0 -4.0261170205241086e-07
242.0 -3.976482053628322e-07
243.0 -3.925272065088914e-07
244.0 -3.8718565808739235e-07
245.0 -3.8156674848334406e-07
246.0 -3.756337157104386e-07
247.0 -3.69380456805685e-07
248.0 -3.6283691724061006e-07
249.0 -3.560684579799262e-07
250.0 -3.491696846160811e-07
251.0 -3.422542793821179e-07
252.0 -3.354429875723341e-07
253.0 -3.288519914476263e-07
254.0 -3.2258350842426333e-07
255.0 -3.167197309377541e-07
256.0 -3.113203886007273e-07
257.0 -3.0642345979208297e-07
258.0 -3.020480399813249e-07
259.0 -2.981981624890068e-07
260.0 -2.9486645910328943e-07
261.0 -2.920368729612874e-07
262.0 -2.8968608467100386e-07
263.0 -2.87783764605134e-07
264.0 -2.8629211533593067e-07
265.0 -2.8516534916364594e-07
266.0 -2.8434973265413534e-07
267.0 -2.837846445039473e-07
268.0 -2.8340479334598335e-07
269.0 -2.8314340861168204e-07
270.0 -2.8293593380965485e-07
271.0 -2.8272358567685044e-07
272.0 -2.82456132501575e-07
273.0 -2.8209339038744793e-07
274.0 -2.8160520024497913e-07
275.0 -2.8096996644031884e-07
276.0 -2.801721346925376e-07
277.0 -2.7919919371375485e-07
278.0 -2.7803885769361935e-07
279.0 -2.7667701423239406e-07
280.0 -2.750968288263316e-07
281.0 -2.732791336957979e-07
282.0 -2.7120395956951664e-07
283.0 -2.6885285391987826e-07
284.0 -2.662115094716319e-07
285.0 -2.632722170211607e-07
286.0 -2.60035743645611e-07
287.0 -2.56512387539199e-07
288.0 -2.527221310538505e-07
289.0 -2.4869396427244414e-07
290.0 -2.4446455557660784e-07
291.0 -2.4007649338469415e-07
292.0 -2.3557632080686057e-07
293.0 -2.3101254919597813e-07
294.0 -2.264337873863756e-07
295.0 -2.2188707712877156e-07
296.0 -2.1741649061635318e-07
297.0 -2.1306202373769667e-07
298.0 -2.088588038280575e-07
299.0 -2.0483661651982024e-07
