10.0 0.00155918177293
11.0 0.00145947543542
12.0 0.00136854979157
13.0 0.0012855618758
14.0 0.00120967827302
15.0 0.0011401518246
16.0 0.00107632559852
17.0 0.00101760649099
18.0 0.00096345587586
19.0 0.000913398177819
20.0 0.000867023288661
21.0 0.000823976448856
22.0 0.000783944862888
23.0 0.000746648684418
24.0 0.000711837563187
25.0 0.000679289743264
26.0 0.000648810162436
27.0 0.000620226498754
28.0 0.000593384766624
29.0 0.000568146245994
30.0 0.00054438579628
31.0 0.000521990525292
32.0 0.000500858260338
33.0 0.000480896076961
34.0 0.000462019271233
35.0 0.000444150756169
36.0 0.000427220497128
37.0 0.000411164690096
38.0 0.0003959248374
39.0 0.000381447116244
40.0 0.000367682137286
41.0 0.000354584755935
42.0 0.000342113609884
43.0 0.000330230476328
44.0 0.000318899808341
45.0 0.000308088608237
46.0 0.000297766429935
47.0 0.000287905232542
48.0 0.000278479061235
49.0 0.000269463747035
50.0 0.000260836754842
51.0 0.000252577111673
52.0 0.000244665281207
53.0 0.000237082962248
54.0 0.000229812904298
55.0 0.000222838819042
56.0 0.000216145369876
57.0 0.000209718168362
58.0 0.000203543738859
59.0 0.00019760946861
60.0 0.000191903572112
61.0 0.000186415065664
62.0 0.00018113371926
63.0 0.000176049962869
64.0 0.000171154761798
65.0 0.00016643950493
66.0 0.000161895945521
67.0 0.000157516202321
68.0 0.000153292795091
69.0 0.00014921867673
70.0 0.000145287237558
71.0 0.000141492280308
72.0 0.000137827978441
73.0 0.000134288829398
74.0 0.000130869607003
75.0 0.00012756531496
76.0 0.000124371148511
77.0 0.00012128247567
78.0 0.0001182948448
79.0 0.000115404012747
80.0 0.000112605976581
81.0 0.000109896990678
82.0 0.000107273559199
83.0 0.000104732405313
84.0 0.000102270425977
85.0 9.98846436122e-05
86.0 9.75721657506e-05
87.0 9.53301623176e-05
88.0 9.31558668035e-05
89.0 9.10466009593e-05
90.0 8.89998142921e-05
91.0 8.70131235297e-05
92.0 8.50843370041e-05
93.0 8.32114548553e-05
94.0 8.13926449158e-05
95.0 7.96262017756e-05
96.0 7.79105001199e-05
97.0 7.62439527703e-05
98.0 7.46249805127e-05
99.0 7.30519966377e-05
100.0 7.1523405489e-05
101.0 7.00376118432e-05
102.0 6.85930368232e-05
103.0 6.71881360792e-05
104.0 6.58214168076e-05
105.0 6.44914513652e-05
106.0 6.31968864678e-05
107.0 6.19364480633e-05
108.0 6.0708942793e-05
109.0 5.95132572979e-05
110.0 5.83483563181e-05
111.0 5.72132796595e-05
112.0 5.61071371073e-05
113.0 5.50290999031e-05
114.0 5.39783879112e-05
115.0 5.29542530201e-05
116.0 5.19559610385e-05
117.0 5.09827755312e-05
118.0 5.00339471055e-05
119.0 4.91087105255e-05
120.0 4.82062901568e-05
121.0 4.73259123009e-05
122.0 4.64668215494e-05
123.0 4.56282976466e-05
124.0 4.48096694696e-05
125.0 4.40103234297e-05
126.0 4.32297046797e-05
127.0 4.24673108255e-05
128.0 4.17226792339e-05
129.0 4.09953703136e-05
130.0 4.02849500338e-05
131.0 3.95909751928e-05
132.0 3.89129844012e-05
133.0 3.82504964863e-05
134.0 3.76030163353e-05
135.0 3.69700465239e-05
136.0 3.63511018606e-05
137.0 3.57457235182e-05
138.0 3.51534898e-05
139.0 3.45740216175e-05
140.0 3.4006982109e-05
141.0 3.34520711122e-05
142.0 3.29090161166e-05
143.0 3.23775617167e-05
144.0 3.18574594792e-05
145.0 3.13484596739e-05
146.0 3.08503056918e-05
147.0 3.03627313533e-05
148.0 2.98854608182e-05
149.0 2.94182104875e-05
150.0 2.89606921434e-05
151.0 2.85126165764e-05
152.0 2.80736970739e-05
153.0 2.76436523541e-05
154.0 2.72222087918e-05
155.0 2.68091020466e-05
156.0 2.64040784029e-05
157.0 2.60068962173e-05
158.0 2.56173277902e-05
159.0 2.52351617544e-05
160.0 2.48602057476e-05
161.0 2.44922888258e-05
162.0 2.41312628685e-05
163.0 2.37770022374e-05
164.0 2.34294011852e-05
165.0 2.30883689438e-05
166.0 2.27538229394e-05
167.0 2.24256810437e-05
168.0 2.21038540535e-05
169.0 2.17882396118e-05
170.0 2.14787185225e-05
171.0 2.11751539448e-05
172.0 2.0877393382e-05
173.0 2.05852728573e-05
174.0 2.02986222982e-05
175.0 2.00172710321e-05
176.0 1.97410524203e-05
177.0 1.94698069902e-05
178.0 1.92033838674e-05
179.0 1.89416407321e-05
180.0 1.86844428441e-05
181.0 1.84316618099e-05
182.0 1.81831747089e-05
183.0 1.79388639842e-05
184.0 1.76986182121e-05
185.0 1.74623335829e-05
186.0 1.7229915713e-05
187.0 1.70012813146e-05
188.0 1.67763592677e-05
189.0 1.65550907581e-05
190.0 1.63374283115e-05
191.0 1.61233337479e-05
192.0 1.59127752498e-05
193.0 1.57057238738e-05
194.0 1.55021499191e-05
195.0 1.53020195778e-05
196.0 1.51052922499e-05
197.0 1.49119187904e-05
198.0 1.47218407999e-05
199.0 1.45349908996e-05
200.0 1.43512937736e-05
201.0 1.4170667666e-05
202.0 1.39930260009e-05
203.0 1.38182788617e-05
204.0 1.36463341988e-05
205.0 1.34770987995e-05
206.0 1.33104791885e-05
207.0 1.31463827041e-05
208.0 1.2984718973e-05
209.0 1.28254018944e-05
210.0 1.26683520623e-05
211.0 1.25134993645e-05
212.0 1.23607853352e-05
213.0 1.22101647761e-05
214.0 1.20616062019e-05
215.0 1.19150908362e-05
216.0 1.17706101225e-05
217.0 1.16281620017e-05
218.0 1.1487746452e-05
219.0 1.13493609612e-05
220.0 1.12129966396e-05
221.0 1.10786355974e-05
222.0 1.09462499998e-05
223.0 1.08158029263e-05
224.0 1.06872508517e-05
225.0 1.05605472888e-05
226.0 1.04356469441e-05
227.0 1.03125096631e-05
228.0 1.0191103501e-05
229.0 1.00714064229e-05
230.0 9.95340638629e-06
231.0 9.83709984014e-06
232.0 9.72248893222e-06
233.0 9.60957790829e-06
234.0 9.49836928257e-06
235.0 9.3888603469e-06
236.0 9.28104048016e-06
237.0 9.17488954799e-06
238.0 9.07037748561e-06
239.0 8.96746497436e-06
240.0 8.8661049869e-06
241.0 8.76624490578e-06
242.0 8.66782891426e-06
243.0 8.57080040391e-06
244.0 8.47510421593e-06
245.0 8.38068860652e-06
246.0 8.28750688164e-06
247.0 8.19551867161e-06
248.0 8.10469081451e-06
249.0 8.0149978e-06
250.0 7.92642170876e-06
251.0 7.83895158459e-06
252.0 7.75258220503e-06
253.0 7.66731227521e-06
254.0 7.58314214906e-06
255.0 7.5000712672e-06
256.0 7.41809557205e-06
257.0 7.33720520124e-06
258.0 7.25738275633e-06
259.0 7.17860239383e-06
260.0 7.10082989241e-06
261.0 7.02402372989e-06
262.0 6.94813707389e-06
263.0 6.87312047174e-06
264.0 6.79892493751e-06
265.0 6.72550508932e-06
266.0 6.65282199374e-06
267.0 6.58084542452e-06
268.0 6.50955532869e-06
269.0 6.43894240064e-06
270.0 6.36900777579e-06
271.0 6.29976195439e-06
272.0 6.2312231395e-06
273.0 6.16341521396e-06
274.0 6.09636558764e-06
275.0 6.03010312311e-06
276.0 5.96465630162e-06
277.0 5.90005173435e-06
278.0 5.83631306406e-06
279.0 5.77346024985e-06
280.0 5.71150918722e-06
281.0 5.6504715899e-06
282.0 5.59035504894e-06
283.0 5.53116318554e-06
284.0 5.47289582486e-06
285.0 5.41554913443e-06
286.0 5.35911569078e-06
287.0 5.30358445883e-06
288.0 5.24894068923e-06
289.0 5.1951657578e-06
290.0 5.1422369867e-06
291.0 5.09012749854e-06
292.0 5.03880616023e-06
293.0 4.98823767236e-06
294.0 4.9383828516e-06
295.0 4.88919913924e-06
296.0 4.84064134878e-06
297.0 4.7926626423e-06
298.0 4.74521570206e-06
299.0 4.69825404218e-06
