10.0 0.00650748163427
11.0 0.0060913631616
12.0 0.00571179271451
13.0 0.00536534814045
14.0 0.00504864596695
15.0 0.0047585446439
16.0 0.00449221339913
17.0 0.00424713956711
18.0 0.00402110914455
19.0 0.0038121772498
20.0 0.00361863639068
21.0 0.0034389861317
22.0 0.00327190562166
23.0 0.0031162294053
24.0 0.00297092645404
25.0 0.00283508214071
26.0 0.00270788281113
27.0 0.00258860260072
28.0 0.00247659216999
29.0 0.00237126906925
30.0 0.00227210948278
31.0 0.00217864113892
32.0 0.00209043720653
33.0 0.00200711102611
34.0 0.001928311549
35.0 0.00185371937833
36.0 0.00178304332239
37.0 0.00171601738601
38.0 0.0016523981367
39.0 0.00159196239291
40.0 0.00153450518956
41.0 0.00147983798289
42.0 0.00142778706283
43.0 0.00137819214521
44.0 0.00133090512075
45.0 0.00128578894074
46.0 0.00124271662242
47.0 0.00120157035924
48.0 0.0011622407234
49.0 0.00112462594969
50.0 0.00108863129104
51.0 0.00105416843773
52.0 0.00102115499281
53.0 0.000989513997714
54.0 0.000959173502375
55.0 0.000930066175192
56.0 0.00090212894851
57.0 0.000875302695954
58.0 0.000849531938318
59.0 0.000824764575119
60.0 0.000800951639231
61.0 0.00077804707234
62.0 0.000756007519185
63.0 0.000734792138787
64.0 0.000714362431052
65.0 0.000694682077324
66.0 0.000675716793593
67.0 0.000657434195211
68.0 0.000639803672084
69.0 0.000622796273408
70.0 0.000606384601118
71.0 0.000590542711295
72.0 0.000575246022845
73.0 0.00056047123285
74.0 0.000546196238019
75.0 0.00053240006175
76.0 0.000519062786331
77.0 0.00050616548988
78.0 0.000493690187637
79.0 0.000481619777269
80.0 0.000469937987875
81.0 0.000458629332398
82.0 0.000447679063202
83.0 0.000437073130552
84.0 0.000426798143794
85.0 0.000416841335039
86.0 0.000407190525151
87.0 0.000397834091889
88.0 0.000388760940035
89.0 0.000379960473377
90.0 0.000371422568408
91.0 0.000363137549628
92.0 0.000355096166333
93.0 0.000347289570791
94.0 0.000339709297711
95.0 0.000332347244918
96.0 0.000325195655151
97.0 0.000318247098918
98.0 0.000311494458322
99.0 0.000304930911817
100.0 0.000298549919817
101.0 0.000292345211103
102.0 0.000286310769999
103.0 0.000280440824235
104.0 0.000274729833485
105.0 0.000269172478523
106.0 0.000263763650952
107.0 0.000258498443499
108.0 0.000253372140802
109.0 0.000248380210698
110.0 0.000243518295958
111.0 0.000238782206447
112.0 0.000234167911692
113.0 0.000229671533827
114.0 0.000225289340898
115.0 0.000221017740495
116.0 0.000216853273717
117.0 0.00021279260942
118.0 0.000208832538765
119.0 0.000204969970019
120.0 0.000201201923612
121.0 0.000197525527441
122.0 0.000193938012386
123.0 0.000190436708048
124.0 0.00018701903869
125.0 0.000183682519359
126.0 0.000180424752202
127.0 0.000177243422941
128.0 0.000174136297521
129.0 0.000171101218902
130.0 0.000168136104007
131.0 0.000165238940798
132.0 0.000162407785493
133.0 0.000159640759897
134.0 0.000156936048866
135.0 0.000154291897866
136.0 0.000151706610654
137.0 0.000149178547051
138.0 0.000146706120815
139.0 0.000144287797609
140.0 0.000141922093045
141.0 0.000139607570828
142.0 0.000137342840964
143.0 0.000135126558051
144.0 0.000132957419642
145.0 0.000130834164672
146.0 0.000128755571953
147.0 0.000126720458732
148.0 0.000124727679305
149.0 0.000122776123693
150.0 0.000120864716363
151.0 0.000118992415011
152.0 0.000117158209385
153.0 0.000115361120163
154.0 0.000113600197865
155.0 0.00011187452182
156.0 0.000110183199166
157.0 0.000108525363891
158.0 0.000106900175912
159.0 0.000105306820188
160.0 0.000103744505871
161.0 0.000102212465482
162.0 0.00010070995413
163.0 9.92362487486e-05
164.0 9.77906473693e-05
165.0 9.63724684196e-05
166.0 9.4981050047e-05
167.0 9.36157494693e-05
168.0 9.22759423477e-05
169.0 9.09610221844e-05
170.0 8.96703997415e-05
171.0 8.84035024809e-05
172.0 8.71597740258e-05
173.0 8.59386736402e-05
174.0 8.47396757284e-05
175.0 8.35622693516e-05
176.0 8.24059577628e-05
177.0 8.12702579568e-05
178.0 8.01547002377e-05
179.0 7.90588278005e-05
180.0 7.79821963281e-05
181.0 7.6924373602e-05
182.0 7.58849391268e-05
183.0 7.48634837676e-05
184.0 7.38596093998e-05
185.0 7.28729285714e-05
186.0 7.19030641765e-05
187.0 7.09496491398e-05
188.0 7.00123261123e-05
189.0 6.9090747177e-05
190.0 6.81845735643e-05
191.0 6.72934753778e-05
192.0 6.6417131328e-05
193.0 6.5555228476e-05
194.0 6.47074619852e-05
195.0 6.38735348811e-05
196.0 6.30531578196e-05
197.0 6.2246048862e-05
198.0 6.14519332583e-05
199.0 6.06705432366e-05
200.0 5.99016178003e-05
201.0 5.91449025313e-05
202.0 5.84001493996e-05
203.0 5.76671165788e-05
204.0 5.69455682681e-05
205.0 5.62352745196e-05
206.0 5.5536011071e-05
207.0 5.48475591835e-05
208.0 5.41697054856e-05
209.0 5.35022418207e-05
210.0 5.28449651002e-05
211.0 5.21976771609e-05
212.0 5.15601846273e-05
213.0 5.09322987772e-05
214.0 5.03138354126e-05
215.0 4.97046147339e-05
216.0 4.91044612179e-05
217.0 4.85132034998e-05
218.0 4.79306742591e-05
219.0 4.73567101082e-05
220.0 4.67911514849e-05
221.0 4.62338425483e-05
222.0 4.56846310773e-05
223.0 4.51433683725e-05
224.0 4.46099091612e-05
225.0 4.40841115047e-05
226.0 4.3565836709e-05
227.0 4.30549492377e-05
228.0 4.25513166275e-05
229.0 4.20548094066e-05
230.0 4.15653010152e-05
231.0 4.10826677279e-05
232.0 4.06067885796e-05
233.0 4.01375452923e-05
234.0 3.96748222046e-05
235.0 3.92185062032e-05
236.0 3.87684866567e-05
237.0 3.83246553505e-05
238.0 3.78869064243e-05
239.0 3.74551363115e-05
240.0 3.70292436792e-05
241.0 3.66091293717e-05
242.0 3.61946963539e-05
243.0 3.57858496574e-05
244.0 3.53824963278e-05
245.0 3.49845453732e-05
246.0 3.45919077149e-05
247.0 3.42044961385e-05
248.0 3.38222252475e-05
249.0 3.34450114171e-05
250.0 3.307277275e-05
251.0 3.27054290334e-05
252.0 3.23429016966e-05
253.0 3.19851137708e-05
254.0 3.1631989849e-05
255.0 3.12834560477e-05
256.0 3.09394399692e-05
257.0 3.05998706652e-05
258.0 3.02646786017e-05
259.0 2.99337956238e-05
260.0 2.96071549229e-05
261.0 2.92846910037e-05
262.0 2.89663396524e-05
263.0 2.86520379063e-05
264.0 2.83417240231e-05
265.0 2.80353374524e-05
266.0 2.77328188066e-05
267.0 2.74341098337e-05
268.0 2.71391533905e-05
269.0 2.6847893416e-05
270.0 2.65602749059e-05
271.0 2.62762438885e-05
272.0 2.59957473997e-05
273.0 2.57187334601e-05
274.0 2.54451510517e-05
275.0 2.51749500962e-05
276.0 2.49080814328e-05
277.0 2.46444967972e-05
278.0 2.43841488015e-05
279.0 2.41269909135e-05
280.0 2.38729774379e-05
281.0 2.36220634969e-05
282.0 2.33742050121e-05
283.0 2.31293586859e-05
284.0 2.28874819848e-05
285.0 2.26485331218e-05
286.0 2.24124710398e-05
287.0 2.21792553958e-05
288.0 2.19488465448e-05
289.0 2.17212055244e-05
290.0 2.14962940402e-05
291.0 2.12740744509e-05
292.0 2.10545097543e-05
293.0 2.08375635733e-05
294.0 2.06232001424e-05
295.0 2.04113842948e-05
296.0 2.02020814495e-05
297.0 1.99952575987e-05
298.0 1.97908792957e-05
299.0 1.95889136432e-05
