10.0 0.00582768727189
11.0 0.00549168764098
12.0 0.00518267736137
13.0 0.00489851288371
14.0 0.00463688513799
15.0 0.00439564451356
16.0 0.00417285303401
17.0 0.0039667185792
18.0 0.0037755812828
19.0 0.00359795760719
20.0 0.0034325592274
21.0 0.00327826512128
22.0 0.00313408006685
23.0 0.00299910714678
24.0 0.00287253897217
25.0 0.00275365722903
26.0 0.0026418281234
27.0 0.00253649010519
28.0 0.00243713962944
29.0 0.00234332134264
30.0 0.00225462296153
31.0 0.00217067127456
32.0 0.00209112734682
33.0 0.00201568184394
34.0 0.00194405184666
35.0 0.00187597909245
36.0 0.00181122829009
37.0 0.00174958447676
38.0 0.00169084997975
39.0 0.00163484238453
40.0 0.00158139384867
41.0 0.00153035057041
42.0 0.00148157126736
43.0 0.00143492500579
44.0 0.00139028965483
45.0 0.00134755152177
46.0 0.00130660543191
47.0 0.0012673542724
48.0 0.00122970791679
49.0 0.00119358220793
50.0 0.00115889845632
51.0 0.00112558321523
52.0 0.00109356786224
53.0 0.00106278791075
54.0 0.0010331823824
55.0 0.00100469351943
56.0 0.000977266774057
57.0 0.000950850822469
58.0 0.000925397465134
59.0 0.00090086147263
60.0 0.000877200477136
61.0 0.000854374893887
62.0 0.000832347756383
63.0 0.000811084385633
64.0 0.000790551948235
65.0 0.000770719061571
66.0 0.000751555588755
67.0 0.000733032651003
68.0 0.000715122764108
69.0 0.000697799962809
70.0 0.000681039824299
71.0 0.00066481938465
72.0 0.000649116992741
73.0 0.000633912143708
74.0 0.000619185308238
75.0 0.000604917766327
76.0 0.000591091471931
77.0 0.000577688989649
78.0 0.000564693527132
79.0 0.000552089041469
80.0 0.000539860357838
81.0 0.000527993234055
82.0 0.000516474334938
83.0 0.000505291121161
84.0 0.0004944316849
85.0 0.000483884574081
86.0 0.000473638646256
87.0 0.000463682987745
88.0 0.000454006920658
89.0 0.000444600095897
90.0 0.000435452639707
91.0 0.00042655529933
92.0 0.000417899532662
93.0 0.000409477508686
94.0 0.000401282018119
95.0 0.000393306321726
96.0 0.000385543977063
97.0 0.000377988682224
98.0 0.000370634163009
99.0 0.000363474114728
100.0 0.000356502196343
101.0 0.000349712065428
102.0 0.000343097438096
103.0 0.000336652158004
104.0 0.000330370261548
105.0 0.000324246030678
106.0 0.000318274029345
107.0 0.000312449123668
108.0 0.000306766489012
109.0 0.000301221608417
110.0 0.000295810265779
111.0 0.000290528534041
112.0 0.00028537275512
113.0 0.000280339506755
114.0 0.000275425553346
115.0 0.000270627783118
116.0 0.00026594314012
117.0 0.000261368563847
118.0 0.000256900949442
119.0 0.000252537137175
120.0 0.000248273932997
121.0 0.000244108154759
122.0 0.000240036693387
123.0 0.000236056575911
124.0 0.000232165017654
125.0 0.000228359453522
126.0 0.000224637542353
127.0 0.000220997143259
128.0 0.000217436268101
129.0 0.000213953019025
130.0 0.000210545523266
131.0 0.000207211878302
132.0 0.000203950118364
133.0 0.000200758208613
134.0 0.000197634067002
135.0 0.000194575607684
136.0 0.000191580795262
137.0 0.000188647697524
138.0 0.000185774525678
139.0 0.000182959654874
140.0 0.000180201622866
141.0 0.000177499109384
142.0 0.000174850902233
143.0 0.000172255857618
144.0 0.000169712861857
145.0 0.000167220799939
146.0 0.000164778534085
147.0 0.00016238489315
148.0 0.000160038671871
149.0 0.000157738637722
150.0 0.000155483542592
151.0 0.000153272136479
152.0 0.000151103180841
153.0 0.000148975460027
154.0 0.000146887790178
155.0 0.000144839025954
156.0 0.000142828066179
157.0 0.000140853859823
158.0 0.000138915413405
159.0 0.000137011800129
160.0 0.000135142169833
161.0 0.000133305757712
162.0 0.000131501889067
163.0 0.000129729977365
164.0 0.000127989513807
165.0 0.000126280048227
166.0 0.000124601163028
167.0 0.000122952443617
168.0 0.000121333449791
169.0 0.000119743692619
170.0 0.000118182620365
171.0 0.000116649615264
172.0 0.000115144000843
173.0 0.000113665057503
174.0 0.000112212042737
175.0 0.000110784211885
176.0 0.000109380835789
177.0 0.000108001212943
178.0 0.000106644675369
179.0 0.000105310589011
180.0 0.000103998350637
181.0 0.000102707383713
182.0 0.000101437135526
183.0 0.000100187077038
184.0 9.89567059081e-05
185.0 9.77455520432e-05
186.0 9.65531842838e-05
187.0 9.5379216463e-05
188.0 9.4223311155e-05
189.0 9.30851798592e-05
190.0 9.19645790063e-05
191.0 9.08613018807e-05
192.0 8.97751672033e-05
193.0 8.87060056285e-05
194.0 8.76536457136e-05
195.0 8.66179009804e-05
196.0 8.55985595078e-05
197.0 8.45953770706e-05
198.0 8.36080742555e-05
199.0 8.26363373364e-05
200.0 8.16798221127e-05
201.0 8.07381595496e-05
202.0 7.98109619897e-05
203.0 7.8897828949e-05
204.0 7.79983520077e-05
205.0 7.71121188923e-05
206.0 7.62387173565e-05
207.0 7.53777397302e-05
208.0 7.45287889269e-05
209.0 7.36914862749e-05
210.0 7.2865480881e-05
211.0 7.20504595167e-05
212.0 7.124615545e-05
213.0 7.045235441e-05
214.0 6.96688960585e-05
215.0 6.88956699625e-05
216.0 6.81326059817e-05
217.0 6.7379660033e-05
218.0 6.66367971225e-05
219.0 6.59039741594e-05
220.0 6.51811252199e-05
221.0 6.44681515904e-05
222.0 6.3764918134e-05
223.0 6.30712564456e-05
224.0 6.23869740983e-05
225.0 6.17118682503e-05
226.0 6.10457411687e-05
227.0 6.03884149585e-05
228.0 5.97397429975e-05
229.0 5.90996162156e-05
230.0 5.84679632929e-05
231.0 5.78447449025e-05
232.0 5.72299430902e-05
233.0 5.66235476121e-05
234.0 5.60255414038e-05
235.0 5.54358873218e-05
236.0 5.48545179011e-05
237.0 5.42813292333e-05
238.0 5.37161793321e-05
239.0 5.31588906673e-05
240.0 5.26092560357e-05
241.0 5.20670466631e-05
242.0 5.15320214028e-05
243.0 5.1003936053e-05
244.0 5.04825520813e-05
245.0 4.99676443129e-05
246.0 4.94590073433e-05
247.0 4.89564605373e-05
248.0 4.84598514765e-05
249.0 4.79690576633e-05
250.0 4.74839862424e-05
251.0 4.70045715142e-05
252.0 4.65307701353e-05
253.0 4.60625541244e-05
254.0 4.55999020929e-05
255.0 4.51427894366e-05
256.0 4.46911784873e-05
257.0 4.42450097717e-05
258.0 4.38041954997e-05
259.0 4.3368616212e-05
260.0 4.29381211615e-05
261.0 4.25125325438e-05
262.0 4.20916532054e-05
263.0 4.1675277006e-05
264.0 4.12632006851e-05
265.0 4.08552359091e-05
266.0 4.04512201952e-05
267.0 4.00510255919e-05
268.0 3.96545643271e-05
269.0 3.9261791036e-05
270.0 3.88727016069e-05
271.0 3.84873290554e-05
272.0 3.81057371208e-05
273.0 3.77280124358e-05
274.0 3.73542561498e-05
275.0 3.69845758024e-05
276.0 3.66190780717e-05
277.0 3.62578628096e-05
278.0 3.59010185512e-05
279.0 3.55486194827e-05
280.0 3.52007237025e-05
281.0 3.48573725046e-05
282.0 3.45185903718e-05
283.0 3.41843853662e-05
284.0 3.3854749643e-05
285.0 3.35296598733e-05
286.0 3.32090774391e-05
287.0 3.28929483383e-05
288.0 3.25812028223e-05
289.0 3.22737548536e-05
290.0 3.19705015355e-05
291.0 3.16713227053e-05
292.0 3.13760809064e-05
293.0 3.10846219447e-05
294.0 3.07967762089e-05
295.0 3.05123608719e-05
296.0 3.02311830174e-05
297.0 2.99530436438e-05
298.0 2.9677742412e-05
299.0 2.94050829173e-05
