10.0 0.0188497842246
11.0 0.0194358453647
12.0 0.019909035315
13.0 0.0202865660098
14.0 0.0205823207439
15.0 0.0208077546027
16.0 0.0209724143347
17.0 0.0210842513404
18.0 0.0211499181514
19.0 0.0211750673799
20.0 0.021164578032
21.0 0.0211226895743
22.0 0.0210530851968
23.0 0.0209589659998
24.0 0.0208431299178
25.0 0.0207080464531
26.0 0.0205559137329
27.0 0.0203886950654
28.0 0.0202081437027
29.0 0.02001582539
30.0 0.0198131410821
31.0 0.0196013472442
32.0 0.0193815723091
33.0 0.0191548307093
34.0 0.0189220363024
35.0 0.0186840152153
36.0 0.0184415166713
37.0 0.0181952209861
38.0 0.0179457458255
39.0 0.0176936525443
40.0 0.0174394529581
41.0 0.0171836151733
42.0 0.0169265673696
43.0 0.0166687002399
44.0 0.0164103697524
45.0 0.0161519008921
46.0 0.015893591471
47.0 0.0156357148553
48.0 0.0153785215548
49.0 0.0151222405111
50.0 0.0148670806629
51.0 0.0146132325662
52.0 0.0143608696014
53.0 0.0141101487659
54.0 0.0138612115088
55.0 0.0136141849725
56.0 0.0133691835626
57.0 0.0131263105139
58.0 0.0128856592307
59.0 0.0126473144142
60.0 0.0124113530387
61.0 0.0121778451249
62.0 0.0119468541738
63.0 0.0117184372175
64.0 0.0114926446542
65.0 0.0112695201677
66.0 0.0110491009792
67.0 0.0108314184744
68.0 0.0106164990419
69.0 0.0104043648763
70.0 0.0101950345672
71.0 0.00998852342837
72.0 0.00978484362217
73.0 0.00958400416066
74.0 0.00938601085428
75.0 0.00919086627587
76.0 0.00899856982041
77.0 0.00880911793443
78.0 0.00862250453375
79.0 0.00843872154093
80.0 0.00825775940805
81.0 0.00807960748902
82.0 0.0079042541862
83.0 0.00773168688025
84.0 0.00756189171947
85.0 0.00739485337808
86.0 0.00723055489595
87.0 0.00706897768917
88.0 0.00691010177356
89.0 0.00675390617615
90.0 0.00660036944117
91.0 0.00644947009619
92.0 0.00630118695017
93.0 0.00615549914757
94.0 0.00601238597736
95.0 0.00587182650288
96.0 0.00573379911604
97.0 0.005598281122
98.0 0.0054652484371
99.0 0.00533467544523
100.0 0.00520653502042
101.0 0.00508079869288
102.0 0.00495743691715
103.0 0.00483641939452
104.0 0.00471771540504
105.0 0.00460129411414
106.0 0.00448712483076
107.0 0.00437517720653
108.0 0.00426542137467
109.0 0.00415782803278
110.0 0.00405236847379
111.0 0.00394901456591
112.0 0.00384773867923
113.0 0.00374851355784
114.0 0.00365131214352
115.0 0.00355610736995
116.0 0.00346287195845
117.0 0.00337157825307
118.0 0.00328219812925
119.0 0.00319470299725
120.0 0.0031090639017
121.0 0.00302525169907
122.0 0.00294323727903
123.0 0.00286299178856
124.0 0.00278448681836
125.0 0.00270769451938
126.0 0.00263258763149
127.0 0.00255913942274
128.0 0.00248732355495
129.0 0.00241711390591
130.0 0.00234848438695
131.0 0.00228140879571
132.0 0.00221586073614
133.0 0.00215181362284
134.0 0.00208924076868
135.0 0.0020281155363
136.0 0.00196841152196
137.0 0.00191010273457
138.0 0.0018531637367
139.0 0.00179756972473
140.0 0.00174329653912
141.0 0.00169032061027
142.0 0.00163861885599
143.0 0.00158816855304
144.0 0.00153894720551
145.0 0.00149093242974
146.0 0.0014441018691
147.0 0.00139843314512
148.0 0.00135390384533
149.0 0.00131049154285
150.0 0.0012681738402
151.0 0.00122692842862
152.0 0.00118673315443
153.0 0.00114756608637
154.0 0.0011094055797
155.0 0.00107223033564
156.0 0.00103601945669
157.0 0.00100075249838
158.0 0.000966409518009
159.0 0.0009329711181
160.0 0.000900418480353
161.0 0.00086873338345
162.0 0.000837898197517
163.0 0.000807895849417
164.0 0.000778709756598
165.0 0.000750323732331
166.0 0.00072272187067
167.0 0.000695888424031
168.0 0.000669807688623
169.0 0.00064446391243
170.0 0.000619841237022
171.0 0.000595923678843
172.0 0.000572695149109
173.0 0.000550139505422
174.0 0.000528240623974
175.0 0.000506982479552
176.0 0.000486349221609
177.0 0.000466325237916
178.0 0.000446895201787
179.0 0.000428044103369
180.0 0.00040975726892
181.0 0.000392020373717
182.0 0.000374819454004
183.0 0.000358140921589
184.0 0.000341971582018
185.0 0.000326298654466
186.0 0.000311109789403
187.0 0.000296393079092
188.0 0.000282137056215
189.0 0.000268330677284
190.0 0.000254963289538
191.0 0.000242024582389
192.0 0.000229504526721
193.0 0.000217393307078
194.0 0.000205681252815
195.0 0.000194358774442
196.0 0.000183416310624
197.0 0.000172844289866
198.0 0.000162633108828
199.0 0.000152773127147
200.0 0.000143254676704
201.0 0.00013406808207
202.0 0.000125203688489
203.0 0.000116651894181
204.0 0.00010840318492
205.0 0.0001004481701
206.0 9.27776206262e-05
207.0 8.53825093762e-05
208.0 7.82540545379e-05
209.0 7.13837649337e-05
210.0 6.47634847307e-05
211.0 5.83854332906e-05
212.0 5.2242234848e-05
213.0 4.63269326697e-05
214.0 4.06329835582e-05
215.0 3.5154230919e-05
216.0 2.98848577299e-05
217.0 2.48193240251e-05
218.0 1.99522962626e-05
219.0 1.52785775826e-05
220.0 1.07930480908e-05
221.0 6.49062283228e-06
222.0 2.36623228895e-06
223.0 -1.58517347161e-06
224.0 -5.36859976796e-06
225.0 -8.98896756951e-06
226.0 -1.24510675256e-05
227.0 -1.57595170418e-05
228.0 -1.89187289055e-05
229.0 -2.19328977718e-05
230.0 -2.48060076539e-05
231.0 -2.75418600074e-05
232.0 -3.01441186853e-05
233.0 -3.26163655204e-05
234.0 -3.49621589402e-05
235.0 -3.71850879699e-05
236.0 -3.92888151137e-05
237.0 -4.12771036143e-05
238.0 -4.31538270207e-05
239.0 -4.49229613953e-05
240.0 -4.65885624619e-05
241.0 -4.81547313117e-05
242.0 -4.96255728637e-05
243.0 -5.10051512349e-05
244.0 -5.22974456965e-05
245.0 -5.35063102304e-05
246.0 -5.46354390456e-05
247.0 -5.56883398824e-05
248.0 -5.66683165417e-05
249.0 -5.75784617423e-05
250.0 -5.84216610134e-05
251.0 -5.92006077604e-05
252.0 -5.99178288384e-05
253.0 -6.05757189654e-05
254.0 -6.11765812143e-05
255.0 -6.1722669833e-05
256.0 -6.22162309523e-05
257.0 -6.26595365405e-05
258.0 -6.30549073527e-05
259.0 -6.34047216191e-05
260.0 -6.37114077159e-05
261.0 -6.39774208767e-05
262.0 -6.42052058758e-05
263.0 -6.43971492855e-05
264.0 -6.45555261353e-05
265.0 -6.46824464209e-05
266.0 -6.47798068487e-05
267.0 -6.48492524972e-05
268.0 -6.48921518535e-05
269.0 -6.49095871327e-05
270.0 -6.4902360147e-05
271.0 -6.48710124694e-05
272.0 -6.48158574213e-05
273.0 -6.47370206255e-05
274.0 -6.46344855365e-05
275.0 -6.4508140477e-05
276.0 -6.43578241738e-05
277.0 -6.41833674855e-05
278.0 -6.39846298181e-05
279.0 -6.37615295119e-05
280.0 -6.35140681581e-05
281.0 -6.32423493199e-05
282.0 -6.2946592453e-05
283.0 -6.26271429554e-05
284.0 -6.22844792577e-05
285.0 -6.19192177104e-05
286.0 -6.15321157975e-05
287.0 -6.11240739212e-05
288.0 -6.06961357157e-05
289.0 -6.02494865838e-05
290.0 -5.97854499355e-05
291.0 -5.93054804792e-05
292.0 -5.88111538827e-05
293.0 -5.83041521987e-05
294.0 -5.77862446399e-05
295.0 -5.72592635697e-05
296.0 -5.67250759347e-05
297.0 -5.61855507503e-05
298.0 -5.56425236419e-05
299.0 -5.50977597722e-05
