10.0 0.014401884093653245
11.0 0.0134672680110514
12.0 0.01261081652386746
13.0 0.011824405311252801
14.0 0.011100044022694065
15.0 0.010430595559406466
16.0 0.009809820456012584
17.0 0.009232138284782584
18.0 0.008692544802699221
19.0 0.008186692917875497
20.0 0.007710914654877472
21.0 0.007262125194433039
22.0 0.006837694920666213
23.0 0.006435360346744846
24.0 0.00605318518820355
25.0 0.005689543987420436
26.0 0.005343095711736525
27.0 0.005012737853658209
28.0 0.004697556139740277
29.0 0.004396786617231724
30.0 0.004109790837796629
31.0 0.0038360348220353477
32.0 0.0035750668707317385
33.0 0.0033264967339944836
34.0 0.0030899798211694355
35.0 0.0028652063467856366
36.0 0.002651891888928176
37.0 0.0024497666280639202
38.0 0.0022585646757344565
39.0 0.002078017106470496
40.0 0.0019078495254539758
41.0 0.00174778096631022
42.0 0.0015975210014942233
43.0 0.0014567658258746643
44.0 0.0013251965320706077
45.0 0.001202480929354624
46.0 0.0010882768751052734
47.0 0.0009822344469777272
48.0 0.0008839966406125302
49.0 0.0007932002810926722
50.0 0.0007094782703612681
51.0 0.0006324624762155795
52.0 0.0005617859699789385
53.0 0.0004970843622857493
54.0 0.0004379970665863614
55.0 0.0003841691958963209
56.0 0.00033525391269267934
57.0 0.00029091456653590415
58.0 0.0002508262603830875
59.0 0.00021467701078347525
60.0 0.00018216877864473495
61.0 0.00015301834618068204
62.0 0.00012695775265754637
63.0 0.00010373409485683415
64.0 8.31088477768969e-05
65.0 6.485713117398828e-05
66.0 4.876730951634247e-05
67.0 3.4641016851072494e-05
68.0 2.229338598164621e-05
69.0 1.1553150264587717e-05
70.0 2.2624085072795405e-06
71.0 -5.7239448264371615e-06
72.0 -1.2538993354817415e-05
73.0 -1.8304656306816432e-05
74.0 -2.3132579790068957e-05
75.0 -2.71250339667498e-05
76.0 -3.037574240557533e-05
77.0 -3.297053083792741e-05
78.0 -3.4987726665624025e-05
79.0 -3.649835800268948e-05
80.0 -3.756630502892214e-05
81.0 -3.824856985986614e-05
82.0 -3.859575435642565e-05
83.0 -3.865273211861155e-05
84.0 -3.8459431753051916e-05
85.0 -3.8051626002049506e-05
86.0 -3.746162410860403e-05
87.0 -3.6718778059275926e-05
88.0 -3.5849745302997475e-05
89.0 -3.487851196569854e-05
90.0 -3.382625814759594e-05
91.0 -3.271120347253771e-05
92.0 -3.154857323825418e-05
93.0 -3.0350770444103283e-05
94.0 -2.912775613778167e-05
95.0 -2.788756977964722e-05
96.0 -2.6636888115915096e-05
97.0 -2.538152712224322e-05
98.0 -2.4126822532563364e-05
99.0 -2.287786288922367e-05
100.0 -2.1639582639222588e-05
101.0 -2.04167455535823e-05
102.0 -1.9213859153001276e-05
103.0 -1.8035060395763432e-05
104.0 -1.6884005138027817e-05
105.0 -1.5763782809880843e-05
106.0 -1.4676866300205756e-05
107.0 -1.3625096809048881e-05
108.0 -1.2609695748027124e-05
109.0 -1.1631292546008527e-05
110.0 -1.0689960028172382e-05
111.0 -9.785257098359146e-06
112.0 -8.91628759757374e-06
113.0 -8.081788481941857e-06
114.0 -7.280255698755346e-06
115.0 -6.510102991386603e-06
116.0 -5.769832961630729e-06
117.0 -5.0581887113708305e-06
118.0 -4.374253786805064e-06
119.0 -3.71747858473869e-06
120.0 -3.087628732526162e-06
121.0 -2.484668914768827e-06
122.0 -1.908608829221954e-06
123.0 -1.359343877213634e-06
124.0 -8.365220766947249e-07
125.0 -3.394622274750062e-07
126.0 1.328616448916703e-07
127.0 5.817666931872326e-07
128.0 1.0087485726639353e-06
129.0 1.4153316059529326e-06
130.0 1.8029119753166032e-06
131.0 2.1726263937702317e-06
132.0 2.5252736754209077e-06
133.0 2.8613049535853426e-06
134.0 3.18088269756296e-06
135.0 3.4839932039785073e-06
136.0 3.770585982985794e-06
137.0 4.040709233469328e-06
138.0 4.294614059647561e-06
139.0 4.532809634869566e-06
140.0 4.756064019501071e-06
141.0 4.965357230841363e-06
142.0 5.16180161753482e-06
143.0 5.346548234297876e-06
144.0 5.520696929356725e-06
145.0 5.685223569868052e-06
146.0 5.8409320215223375e-06
147.0 5.988432777592325e-06
148.0 6.128145565593859e-06
149.0 6.260320302112412e-06
150.0 6.385069419800579e-06
151.0 6.502404630107908e-06
152.0 6.612272328292873e-06
153.0 6.714583802361648e-06
154.0 6.80923882972802e-06
155.0 6.896143674906714e-06
156.0 6.975226372764483e-06
157.0 7.046452940382607e-06
158.0 7.1098474611954e-06
159.0 7.165516881432634e-06
160.0 7.213678384328664e-06
161.0 7.254684279246464e-06
162.0 7.289037497405807e-06
163.0 7.3173908316385145e-06
164.0 7.340525271271188e-06
165.0 7.359306771531501e-06
166.0 7.374625580814578e-06
167.0 7.387326547562831e-06
168.0 7.398141442747691e-06
169.0 7.407634504914252e-06
170.0 7.416170040107719e-06
171.0 7.423906560341627e-06
172.0 7.4308166946713395e-06
173.0 7.436727228809473e-06
174.0 7.441370256722811e-06
175.0 7.444435272067074e-06
176.0 7.445613216507207e-06
177.0 7.444626576202676e-06
178.0 7.441243678161227e-06
179.0 7.435279303983424e-06
180.0 7.426586641862177e-06
181.0 7.415046832898006e-06
182.0 7.400561823993152e-06
183.0 7.3830542823020355e-06
184.0 7.362475642356699e-06
185.0 7.3388207235806596e-06
186.0 7.312145414179706e-06
187.0 7.28258302457003e-06
188.0 7.250355107228808e-06
189.0 7.215773604106983e-06
190.0 7.179232768770783e-06
191.0 7.141191055757394e-06
192.0 7.102144774041585e-06
193.0 7.062596550159375e-06
194.0 7.023022396989456e-06
195.0 6.983841348859986e-06
196.0 6.945391170408588e-06
197.0 6.907912621527344e-06
198.0 6.871543315290433e-06
199.0 6.836320602639549e-06
200.0 6.8021914943576035e-06
201.0 6.769026721706923e-06
202.0 6.7366358737742855e-06
203.0 6.704781177349054e-06
204.0 6.673188727972846e-06
205.0 6.641557475055088e-06
206.0 6.6095675551556935e-06
207.0 6.57689024214337e-06
208.0 6.543201594485952e-06
209.0 6.508200829421999e-06
210.0 6.471632798972269e-06
211.0 6.433312133193267e-06
212.0 6.393145171914894e-06
213.0 6.351145176677628e-06
214.0 6.307436754599417e-06
215.0 6.262246925089208e-06
216.0 6.215882541126872e-06
217.0 6.1686963609337355e-06
218.0 6.121046389008907e-06
219.0 6.073254650276748e-06
220.0 6.025571974604007e-06
221.0 5.978154538700811e-06
222.0 5.931055985306401e-06
223.0 5.884236284411763e-06
224.0 5.837585626430959e-06
225.0 5.7909590844070564e-06
226.0 5.744216019094888e-06
227.0 5.69725753311333e-06
228.0 5.650055800095037e-06
229.0 5.602670669600677e-06
230.0 5.55525125485912e-06
231.0 5.50802280101172e-06
232.0 5.46126152578417e-06
233.0 5.415261902236835e-06
234.0 5.370301734963801e-06
235.0 5.326610277330875e-06
236.0 5.284343656648001e-06
237.0 5.243570288892867e-06
238.0 5.2042671414787155e-06
239.0 5.166326016094991e-06
240.0 5.129567772544215e-06
241.0 5.093761761874062e-06
242.0 5.058647688313165e-06
243.0 5.023957540805793e-06
244.0 4.989435905818269e-06
245.0 4.954857655795248e-06
246.0 4.920042513877565e-06
247.0 4.884866232422863e-06
248.0 4.849268107306216e-06
249.0 4.813254389971198e-06
250.0 4.7768970107047025e-06
251.0 4.740327039812075e-06
252.0 4.703722584645706e-06
253.0 4.667291362415278e-06
254.0 4.631248925629691e-06
255.0 4.595794304292411e-06
256.0 4.561085490206407e-06
257.0 4.5272175596355046e-06
258.0 4.49420619839876e-06
259.0 4.461978923364691e-06
260.0 4.430375437317111e-06
261.0 4.399157436698014e-06
262.0 4.368026989975675e-06
263.0 4.33665151001531e-06
264.0 4.304692528107347e-06
265.0 4.271835061095763e-06
266.0 4.237814397299562e-06
267.0 4.202437587190653e-06
268.0 4.165597719543725e-06
269.0 4.127280054120693e-06
270.0 4.087560108552454e-06
271.0 4.046594708630519e-06
272.0 4.004607689213371e-06
273.0 3.961872308338596e-06
274.0 3.918692496361191e-06
275.0 3.875384842407975e-06
276.0 3.832262797006633e-06
277.0 3.7896240364983523e-06
278.0 3.747741385657133e-06
279.0 3.706857207816179e-06
280.0 3.6671807987001276e-06
281.0 3.6288880842977267e-06
282.0 3.592122822257599e-06
283.0 3.5569985204565005e-06
284.0 3.523600386750613e-06
285.0 3.491986780750492e-06
286.0 3.462189826130377e-06
287.0 3.4342150406518825e-06
288.0 3.4080400357865657e-06
289.0 3.3836125160627454e-06
290.0 3.3608479579440088e-06
291.0 3.3396274566710316e-06
292.0 3.319796285018007e-06
293.0 3.301163701155007e-06
294.0 3.2835044700910682e-06
295.0 3.266562428610802e-06
296.0 3.250056239730436e-06
297.0 3.233687269280241e-06
298.0 3.2171492987450396e-06
299.0 3.200139590208005e-06
