10.0 0.014429197601240935
11.0 0.013506219584429463
12.0 0.012664435308679771
13.0 0.011896031907647053
14.0 0.011193284411831102
15.0 0.010549265747009559
16.0 0.00995788359008712
17.0 0.009413636176673467
18.0 0.008911525881211906
19.0 0.008447138675557651
20.0 0.008016666606759003
21.0 0.007616814267987536
22.0 0.007244675038950089
23.0 0.006897647763626273
24.0 0.006573404895431584
25.0 0.006269884248710537
26.0 0.00598527149987096
27.0 0.00571796368328813
28.0 0.0054665285108673285
29.0 0.005229676020927942
30.0 0.005006243033978558
31.0 0.004795180884967299
32.0 0.004595541315768167
33.0 0.004406462891698152
34.0 0.0042271615136701916
35.0 0.0040569248459934384
36.0 0.0038951070956682516
37.0 0.003741121403004547
38.0 0.003594431273937941
39.0 0.0034545447137128457
40.0 0.0033210119619268437
41.0 0.00319342370754661
42.0 0.003071406762944859
43.0 0.0029546180622559543
44.0 0.0028427403114434234
45.0 0.0027354807512983983
46.0 0.0026325711092083847
47.0 0.002533766169559829
48.0 0.0024388407420383442
49.0 0.002347586801657981
50.0 0.0022598119984534714
51.0 0.0021753389076518705
52.0 0.0020940037818903265
53.0 0.0020156545987792627
54.0 0.001940149267105984
55.0 0.0018673547213682036
56.0 0.0017971467400054607
57.0 0.001729409829611157
58.0 0.0016640368170377777
59.0 0.0016009283098033296
60.0 0.0015399922919879278
61.0 0.001481143817986811
62.0 0.001424304500653803
63.0 0.0013694015816580031
64.0 0.0013163667202030448
65.0 0.0012651349056990986
66.0 0.001215643861854564
67.0 0.0011678340139324329
68.0 0.0011216487795240372
69.0 0.0010770348330888019
70.0 0.001033942117867764
71.0 0.0009923235918246405
72.0 0.0009521348242095274
73.0 0.0009133335501776894
74.0 0.0008758792222163509
75.0 0.0008397325762986047
76.0 0.0008048552779073518
77.0 0.0007712097533565361
78.0 0.0007387592688705996
79.0 0.000707468203503333
80.0 0.0006773023589356893
81.0 0.0006482291366178293
82.0 0.00062021749025566
83.0 0.0005932376654796648
84.0 0.0005672608082583959
85.0 0.0005422585466076282
86.0 0.0005182026477705543
87.0 0.0004950648401191819
88.0 0.0004728168573515433
89.0 0.00045143070136366594
90.0 0.0004308790427863989
91.0 0.0004111356217310955
92.0 0.0003921755092093606
93.0 0.000373975144834256
94.0 0.00035651214928996084
95.0 0.0003397649808225117
96.0 0.00032371253821715024
97.0 0.00030833380664875153
98.0 0.00029360761181864423
99.0 0.00027951250934141826
100.0 0.0002660268027217401
101.0 0.0002531286604696531
102.0 0.00024079629245436584
103.0 0.00022900814597992688
104.0 0.000217743089767491
105.0 0.0002069805650515893
106.0 0.00019670069440490132
107.0 0.0001868843490987583
108.0 0.00017751318344486565
109.0 0.00016856964774926948
110.0 0.00016003698866317193
111.0 0.00015189923762008904
112.0 0.00014414117887497126
113.0 0.0001367482843615802
114.0 0.00012970660732258837
115.0 0.00012300263978996925
116.0 0.0001166231548728118
117.0 0.00011055506579527875
118.0 0.00010478533420673425
119.0 9.930094983174918e-05
120.0 9.408898615902198e-05
121.0 8.913671889128074e-05
122.0 8.44317806544274e-05
123.0 7.996231952809486e-05
124.0 7.571713006436925e-05
125.0 7.168573190841012e-05
126.0 6.785838112692247e-05
127.0 6.422601149324076e-05
128.0 6.0780115913856046e-05
129.0 5.751259002081792e-05
130.0 5.4415568211975545e-05
131.0 5.148128467815947e-05
132.0 4.870198691778006e-05
133.0 4.60699175607347e-05
134.0 4.357736471920299e-05
135.0 4.1216765601871017e-05
136.0 3.898083686671364e-05
137.0 3.686270095575339e-05
138.0 3.4855981108406036e-05
139.0 3.295484729841356e-05
140.0 3.115400783584104e-05
141.0 2.9448653262370383e-05
142.0 2.7834367618414515e-05
143.0 2.6307025800218482e-05
144.0 2.486269473809364e-05
145.0 2.349755183659875e-05
146.0 2.220782830551862e-05
147.0 2.0989779286999736e-05
148.0 1.983967811489411e-05
149.0 1.8753829082961306e-05
150.0 1.7728591750569878e-05
151.0 1.6760409853006184e-05
152.0 1.58458390257869e-05
153.0 1.498156950708356e-05
154.0 1.4164442404395865e-05
155.0 1.339146054129211e-05
156.0 1.2659796771624078e-05
157.0 1.1966803407557282e-05
158.0 1.1310025708976587e-05
159.0 1.0687220278671537e-05
160.0 1.0096376233593941e-05
161.0 9.535734094496158e-06
162.0 9.00379549088238e-06
163.0 8.499316823824257e-06
164.0 8.021282242449312e-06
165.0 7.5688552775292905e-06
166.0 7.141313258531166e-06
167.0 6.737972937625566e-06
168.0 6.358118356953733e-06
169.0 6.0009421646454515e-06
170.0 5.665509208678559e-06
171.0 5.3507468870989536e-06
172.0 5.055461481683977e-06
173.0 4.778374822232177e-06
174.0 4.518172254587304e-06
175.0 4.2735517286150055e-06
176.0 4.0432650105074615e-06
177.0 3.826145097375795e-06
178.0 3.621117972313035e-06
179.0 3.4272008040527015e-06
180.0 3.2434915993026157e-06
181.0 3.069156551995816e-06
182.0 2.9034207912533685e-06
183.0 2.745566274147911e-06
184.0 2.594937887382589e-06
185.0 2.4509561905371527e-06
186.0 2.3131332938667416e-06
187.0 2.18108747278329e-06
188.0 2.0545523167089628e-06
189.0 1.9333772759302677e-06
190.0 1.8175180574030055e-06
191.0 1.7070170667872735e-06
192.0 1.6019756990007828e-06
193.0 1.5025215283868975e-06
194.0 1.4087741997726817e-06
195.0 1.3208139856804156e-06
196.0 1.2386565206267397e-06
197.0 1.1622361969149928e-06
198.0 1.09139925918214e-06
199.0 1.025906029916244e-06
200.0 9.654402728541043e-07
201.0 9.096227899528077e-07
202.0 8.580261822028667e-07
203.0 8.101883304757354e-07
204.0 7.656233936800049e-07
205.0 7.238306143570349e-07
206.0 6.843025119742805e-07
207.0 6.465347180949448e-07
208.0 6.100395188758235e-07
209.0 5.743641199887074e-07
210.0 5.391129948362763e-07
211.0 5.039718683625867e-07
212.0 4.687294459383482e-07
213.0 4.332923689575486e-07
214.0 3.976893207245849e-07
215.0 3.620617075709748e-07
216.0 3.2664062321576703e-07
217.0 2.9171239087016684e-07
218.0 2.5757730307309335e-07
219.0 2.2450772633829723e-07
220.0 1.927121533200394e-07
221.0 1.6231095697398805e-07
222.0 1.3332767578795065e-07
223.0 1.0569700543945778e-07
224.0 7.928779859177571e-08
225.0 5.393682249278895e-08
226.0 2.948726132235009e-08
227.0 5.825282713647564e-09
228.0 -1.7091492509452405e-08
229.0 -3.921820399784842e-08
230.0 -6.042192994986086e-08
231.0 -8.049552096241727e-08
232.0 -9.918338796404291e-08
233.0 -1.1621476607864764e-07
234.0 -1.313390960404824e-07
235.0 -1.443582700303559e-07
236.0 -1.5515147109035414e-07
237.0 -1.6368992208028214e-07
238.0 -1.7004068481485244e-07
239.0 -1.7436033795597717e-07
240.0 -1.7688061474493041e-07
241.0 -1.778887356101398e-07
242.0 -1.7770522069250403e-07
243.0 -1.7666154718723954e-07
244.0 -1.7507934653075864e-07
245.0 -1.732521547075913e-07
246.0 -1.7143022356438934e-07
247.0 -1.6980866485177912e-07
248.0 -1.6851921497934035e-07
249.0 -1.6762606909594732e-07
250.0 -1.671263821673822e-07
251.0 -1.6695602201058794e-07
252.0 -1.670008883765124e-07
253.0 -1.6711357052876042e-07
254.0 -1.6713437907065487e-07
255.0 -1.6691500059408232e-07
256.0 -1.663423624663309e-07
257.0 -1.6535992394507837e-07
258.0 -1.6398364158837957e-07
259.0 -1.6231032640239808e-07
260.0 -1.6051696629552894e-07
261.0 -1.5885070374886303e-07
262.0 -1.576103589701652e-07
263.0 -1.5712148151933837e-07
264.0 -1.5770772718232192e-07
265.0 -1.5966177092920303e-07
266.0 -1.6321893017600396e-07
267.0 -1.6853620974635057e-07
268.0 -1.7567868253695923e-07
269.0 -1.8461412681962957e-07
270.0 -1.9521581181657925e-07
271.0 -2.0727240901657162e-07
272.0 -2.2050332626840742e-07
273.0 -2.3457738407257425e-07
274.0 -2.491326923854748e-07
275.0 -2.6379580426779634e-07
276.0 -2.7819864508334126e-07
277.0 -2.9199224865318163e-07
278.0 -3.048568809364901e-07
279.0 -3.165086194882352e-07
280.0 -3.267028311671687e-07
281.0 -3.352352281112841e-07
282.0 -3.4194128508782165e-07
283.0 -3.4669478986297125e-07
284.0 -3.494062010303831e-07
285.0 -3.5002133441732485e-07
286.0 -3.4852071529601795e-07
287.0 -3.449197389144903e-07
288.0 -3.3926959118369264e-07
289.0 -3.316587070987363e-07
290.0 -3.2221439863406863e-07
291.0 -3.1110417880720026e-07
292.0 -2.9853625631775985e-07
293.0 -2.8475868470558803e-07
294.0 -2.700567249562358e-07
295.0 -2.547481166926148e-07
296.0 -2.391761380265577e-07
297.0 -2.2370054791258639e-07
298.0 -2.0868672301293178e-07
299.0 -1.9449349838633887e-07
