10.0 0.0154760404421
11.0 0.00894357302941
12.0 0.00442064780792
13.0 0.00141107258891
14.0 -0.000492613099713
15.0 -0.00160812115435
16.0 -0.00217521509587
17.0 -0.00237142031931
18.0 -0.00232600139346
19.0 -0.00213097172413
20.0 -0.0018501689374
21.0 -0.00152690303878
22.0 -0.00119000614016
23.0 -0.000858233759409
24.0 -0.000543285048319
25.0 -0.000251873492197
26.0 1.27546113492e-05
27.0 0.000249639288779
28.0 0.000459226822774
29.0 0.000642790267906
30.0 0.000802080378092
31.0 0.00093909927411
32.0 0.00105593166885
33.0 0.00115462440154
34.0 0.00123712056348
35.0 0.00130523756981
36.0 0.00136066099296
37.0 0.00140493198939
38.0 0.00143943220122
39.0 0.0014653852364
40.0 0.00148387927427
41.0 0.00149589202759
42.0 0.00150229927679
43.0 0.00150387070858
44.0 0.00150127183484
45.0 0.00149508080168
46.0 0.00148580962606
47.0 0.00147391556014
48.0 0.0014598017142
49.0 0.00144381750134
50.0 0.00142626598905
51.0 0.00140741445379
52.0 0.00138750071814
53.0 0.0013667337611
54.0 0.00134529337068
55.0 0.00132333301962
56.0 0.00130098519033
57.0 0.00127836572074
58.0 0.00125557561469
59.0 0.00123270181998
60.0 0.00120981906195
61.0 0.00118699289895
62.0 0.00116428232065
63.0 0.00114174033887
64.0 0.00111941270875
65.0 0.00109733640859
66.0 0.00107553954371
67.0 0.00105404309107
68.0 0.00103286353231
69.0 0.00101201499631
70.0 0.000991510186175
71.0 0.000971360356969
72.0 0.000951575068262
73.0 0.000932162131861
74.0 0.000913127614232
75.0 0.000894475576469
76.0 0.000876207574205
77.0 0.000858322357164
78.0 0.000840816215414
79.0 0.000823683987521
80.0 0.000806920284862
81.0 0.000790520389801
82.0 0.000774480560626
83.0 0.000758797816912
84.0 0.000743469423906
85.0 0.000728492252017
86.0 0.000713862135093
87.0 0.000699573387334
88.0 0.000685618684306
89.0 0.000671989435488
90.0 0.00065867656144
91.0 0.000645671375439
92.0 0.000632966214992
93.0 0.000620554610488
94.0 0.000608431012174
95.0 0.000596590275694
96.0 0.000585027150642
97.0 0.000573735945663
98.0 0.000562710430301
99.0 0.000551943940351
100.0 0.000541429604497
101.0 0.000531160601305
102.0 0.000521130373698
103.0 0.000511332758721
104.0 0.00050176202061
105.0 0.000492412796286
106.0 0.000483279974215
107.0 0.000474358536959
108.0 0.000465643408987
109.0 0.000457129358984
110.0 0.000448810997471
111.0 0.000440682879661
112.0 0.0004327396793
113.0 0.000424976364465
114.0 0.000417388301964
115.0 0.00040997124789
116.0 0.000402721232092
117.0 0.000395634387666
118.0 0.000388706792502
119.0 0.000381934375008
120.0 0.000375312903403
121.0 0.00036883804655
122.0 0.000362505477348
123.0 0.000356310988817
124.0 0.000350250600568
125.0 0.000344320640504
126.0 0.000338517789553
127.0 0.000332839078508
128.0 0.000327281830867
129.0 0.000321843556601
130.0 0.000316521816754
131.0 0.000311314091164
132.0 0.000306217684895
133.0 0.000301229699943
134.0 0.000296347079739
135.0 0.000291566711605
136.0 0.00028688555491
137.0 0.000282300756442
138.0 0.000277809721192
139.0 0.000273410123233
140.0 0.000269099860908
141.0 0.000264876976224
142.0 0.000260739565433
143.0 0.000256685705422
144.0 0.00025271341134
145.0 0.00024882062947
146.0 0.000245005259688
147.0 0.000241265196614
148.0 0.00023759837771
149.0 0.000234002828674
150.0 0.000230476699591
151.0 0.000227018287695
152.0 0.00022362604415
153.0 0.000220298563329
154.0 0.000217034554753
155.0 0.000213832800634
156.0 0.00021069210553
157.0 0.000207611247747
158.0 0.000204588943332
159.0 0.000201623831628
160.0 0.000198714486434
161.0 0.000195859450072
162.0 0.00019305728113
163.0 0.000190306602663
164.0 0.00018760613749
165.0 0.000184954721137
166.0 0.000182351289677
167.0 0.00017979484711
168.0 0.000177284422662
169.0 0.000174819030947
170.0 0.000172397646577
171.0 0.00017001920026
172.0 0.000167682597078
173.0 0.000165386751338
174.0 0.000163130627977
175.0 0.000160913278974
176.0 0.000158733864945
177.0 0.000156591656443
178.0 0.000154486015104
179.0 0.00015241636002
180.0 0.000150382128176
181.0 0.000148382738471
182.0 0.000146417566959
183.0 0.000144485937118
184.0 0.000142587124763
185.0 0.000140720373741
186.0 0.000138884916865
187.0 0.000137079996591
188.0 0.000135304881425
189.0 0.000133558876
190.0 0.000131841324508
191.0 0.00013015160834
192.0 0.000128489139258
193.0 0.000126853349693
194.0 0.000125243681904
195.0 0.000123659578078
196.0 0.000122100473654
197.0 0.000120565796016
198.0 0.000119054969886
199.0 0.000117567429214
200.0 0.000116102633522
201.0 0.000114660084942
202.0 0.00011323934134
203.0 0.000111840021326
204.0 0.000110461798639
205.0 0.000109104385994
206.0 0.000107767511281
207.0 0.000106450891168
208.0 0.000105154208111
209.0 0.000103877096105
210.0 0.000102619138543
211.0 0.000101379878645
212.0 0.000100158840009
213.0 9.89555525258e-05
214.0 9.77695778473e-05
215.0 9.66005289601e-05
216.0 9.54480799954e-05
217.0 9.43119648164e-05
218.0 9.31919654683e-05
219.0 9.20878937012e-05
220.0 9.09995700176e-05
221.0 8.99268048599e-05
222.0 8.88693857062e-05
223.0 8.78270722491e-05
224.0 8.67995999079e-05
225.0 8.57866900833e-05
226.0 8.47880641946e-05
227.0 8.38034578838e-05
228.0 8.28326319358e-05
229.0 8.18753773733e-05
230.0 8.09315136376e-05
231.0 8.00008804245e-05
232.0 7.90833252533e-05
233.0 7.81786898464e-05
234.0 7.7286798663e-05
235.0 7.6407452382e-05
236.0 7.55404278936e-05
237.0 7.46854847358e-05
238.0 7.38423763006e-05
239.0 7.30108629451e-05
240.0 7.21907236792e-05
241.0 7.13817634738e-05
242.0 7.05838143378e-05
243.0 6.97967298616e-05
244.0 6.9020374498e-05
245.0 6.82546100758e-05
246.0 6.74992826067e-05
247.0 6.67542122639e-05
248.0 6.60191885702e-05
249.0 6.52939715825e-05
250.0 6.4578298536e-05
251.0 6.38718943287e-05
252.0 6.31744836148e-05
253.0 6.24858022144e-05
254.0 6.1805605987e-05
255.0 6.11336760927e-05
256.0 6.04698204552e-05
257.0 5.98138720344e-05
258.0 5.91656850552e-05
259.0 5.85251305335e-05
260.0 5.78920923167e-05
261.0 5.72664644656e-05
262.0 5.66481502935e-05
263.0 5.60370628603e-05
264.0 5.54331263223e-05
265.0 5.48362773309e-05
266.0 5.42464656924e-05
267.0 5.36636537119e-05
268.0 5.30878139971e-05
269.0 5.25189258847e-05
270.0 5.19569709998e-05
271.0 5.14019286712e-05
272.0 5.08537719692e-05
273.0 5.03124650009e-05
274.0 4.97779618227e-05
275.0 4.92502069931e-05
276.0 4.87291374507e-05
277.0 4.82146851631e-05
278.0 4.77067798772e-05
279.0 4.72053513498e-05
280.0 4.67103306069e-05
281.0 4.62216500399e-05
282.0 4.57392424091e-05
283.0 4.52630390554e-05
284.0 4.47929677456e-05
285.0 4.43289506029e-05
286.0 4.3870902502e-05
287.0 4.34187301668e-05
288.0 4.29723320541e-05
289.0 4.2531598963e-05
290.0 4.20964152147e-05
291.0 4.16666602061e-05
292.0 4.12422101471e-05
293.0 4.08229398276e-05
294.0 4.04087243074e-05
295.0 3.99994404645e-05
296.0 3.95949683618e-05
297.0 3.91951924079e-05
298.0 3.88000022888e-05
299.0 3.84092936565e-05
