10.0 0.0191126527463
11.0 0.0161161537649
12.0 0.0137557642061
13.0 0.0118680235249
14.0 0.010338335826
15.0 0.00908479995029
16.0 0.00804724811649
17.0 0.00718057410787
18.0 0.0064505611944
19.0 0.00583088124585
20.0 0.00530094150261
21.0 0.00484446402756
22.0 0.00444852225739
23.0 0.00410280833142
24.0 0.00379905952851
25.0 0.00353062558846
26.0 0.00329213665573
27.0 0.00307922886443
28.0 0.00288831489206
29.0 0.00271640718911
30.0 0.00256099264745
31.0 0.00241994225112
32.0 0.00229144054618
33.0 0.0021739314366
34.0 0.00206608139383
35.0 0.00196675549484
36.0 0.00187499621903
37.0 0.00178999734595
38.0 0.00171107301592
39.0 0.00163762789969
40.0 0.00156913465933
41.0 0.00150512095604
42.0 0.00144516394898
43.0 0.00138888820162
44.0 0.00133596348781
45.0 0.00128610089866
46.0 0.00123904741235
47.0 0.00119457993159
48.0 0.00115249976788
49.0 0.00111262812173
50.0 0.00107480269339
51.0 0.00103887532378
52.0 0.00100471047124
53.0 0.000972184285226
54.0 0.000941184004272
55.0 0.000911607403728
56.0 0.000883362080562
57.0 0.000856364487201
58.0 0.000830538771174
59.0 0.000805815584138
60.0 0.00078213105193
61.0 0.000759426043444
62.0 0.00073764577261
63.0 0.000716739663153
64.0 0.000696661341667
65.0 0.00067736861874
66.0 0.000658823361858
67.0 0.000640991231082
68.0 0.000623841308884
69.0 0.000607345687841
70.0 0.000591479078384
71.0 0.000576218471935
72.0 0.000561542858691
73.0 0.000547432970048
74.0 0.000533871002976
75.0 0.000520840289281
76.0 0.000508324891505
77.0 0.000496309130687
78.0 0.000484777071411
79.0 0.000473712001329
80.0 0.000463095944733
81.0 0.000452909244635
82.0 0.000443130239157
83.0 0.00043373504915
84.0 0.000424697487346
85.0 0.000415989095377
86.0 0.000407579312782
87.0 0.000399435780076
88.0 0.000391524774488
89.0 0.000383811771299
90.0 0.000376262115988
91.0 0.000368841783519
92.0 0.000361518192599
93.0 0.000354261036004
94.0 0.000347043084392
95.0 0.000339840920801
96.0 0.000332635566353
97.0 0.000325412963938
98.0 0.000318164294967
99.0 0.000310886113856
100.0 0.000303580294854
101.0 0.000296253795524
102.0 0.000288918250115
103.0 0.000281589413887
104.0 0.000274286485772
105.0 0.000267031341466
106.0 0.000259847711838
107.0 0.00025276034239
108.0 0.000245794168336
109.0 0.000238973536888
110.0 0.000232321503774
111.0 0.000225859225365
112.0 0.000219605461407
113.0 0.000213576196891
114.0 0.000207784385304
115.0 0.000202239809928
116.0 0.000196949055087
117.0 0.000191915575595
118.0 0.000187139850102
119.0 0.000182619602525
120.0 0.000178350075274
121.0 0.000174324338296
122.0 0.000170533618929
123.0 0.000166967639035
124.0 0.000163614947709
125.0 0.000160463239842
126.0 0.000157499652937
127.0 0.000154711036612
128.0 0.000152084191126
129.0 0.000149606073028
130.0 0.000147263967443
131.0 0.000145045627792
132.0 0.000142939384644
133.0 0.000140934226159
134.0 0.000139019853021
135.0 0.000137186711046
136.0 0.000135426004713
137.0 0.000133729694806
138.0 0.000132090483145
139.0 0.000130501787147
140.0 0.000128957706652
141.0 0.000127452985162
142.0 0.000125982967352
143.0 0.000124543554452
144.0 0.000123131158825
145.0 0.000121742658853
146.0 0.000120375354968
147.0 0.000119026927486
148.0 0.000117695396676
149.0 0.000116379085347
150.0 0.000115076584083
151.0 0.000113786719199
152.0 0.000112508523383
153.0 0.000111241208998
154.0 0.000109984143954
155.0 0.000108736830056
156.0 0.000107498883728
157.0 0.000106270018946
158.0 0.00010505003224
159.0 0.000103838789573
160.0 0.000102636214912
161.0 0.0001014422803
162.0 0.000100256997264
163.0 9.90804094049e-05
164.0 9.79125860277e-05
165.0 9.6753616698e-05
166.0 9.56036066192e-05
167.0 9.44626727215e-05
168.0 9.33309403614e-05
169.0 9.22085405286e-05
170.0 9.10956074627e-05
171.0 8.99922765904e-05
172.0 8.88986827102e-05
173.0 8.78149583671e-05
174.0 8.67412323795e-05
175.0 8.56776284945e-05
176.0 8.46242641611e-05
177.0 8.3581249417e-05
178.0 8.25486858894e-05
179.0 8.15266659146e-05
180.0 8.05152717806e-05
181.0 7.95145751037e-05
182.0 7.85246363506e-05
183.0 7.75455045215e-05
184.0 7.65772170095e-05
185.0 7.56197996495e-05
186.0 7.46732669651e-05
187.0 7.37376226098e-05
188.0 7.28128599935e-05
189.0 7.18989630695e-05
190.0 7.09959072513e-05
191.0 7.01036604192e-05
192.0 6.92221839747e-05
193.0 6.83514338966e-05
194.0 6.74913617565e-05
195.0 6.66419156541e-05
196.0 6.58030410356e-05
197.0 6.49746813681e-05
198.0 6.41567786472e-05
199.0 6.3349273724e-05
200.0 6.25521064471e-05
201.0 6.17652156249e-05
202.0 6.09885388226e-05
203.0 6.02220120169e-05
204.0 5.94655691402e-05
205.0 5.87191415519e-05
206.0 5.79826574765e-05
207.0 5.72560414511e-05
208.0 5.65392138225e-05
209.0 5.58320903315e-05
210.0 5.51345818159e-05
211.0 5.44465940591e-05
212.0 5.37680278023e-05
213.0 5.30987789316e-05
214.0 5.24387388431e-05
215.0 5.17877949804e-05
216.0 5.11458315322e-05
217.0 5.05127302683e-05
218.0 4.98883714867e-05
219.0 4.92726350382e-05
220.0 4.8665401389e-05
221.0 4.80665526816e-05
222.0 4.74759737489e-05
223.0 4.68935530397e-05
224.0 4.63191834148e-05
225.0 4.57527627777e-05
226.0 4.51941945095e-05
227.0 4.46433876828e-05
228.0 4.41002570433e-05
229.0 4.35647227498e-05
230.0 4.30367098805e-05
231.0 4.2516147719e-05
232.0 4.20029688436e-05
233.0 4.14971080562e-05
234.0 4.09985011887e-05
235.0 4.05070838366e-05
236.0 4.00227900693e-05
237.0 3.95455511693e-05
238.0 3.9075294453e-05
239.0 3.86119422186e-05
240.0 3.8155410866e-05
241.0 3.77056102213e-05
242.0 3.72624430919e-05
243.0 3.68258050688e-05
244.0 3.63955845797e-05
245.0 3.59716631889e-05
246.0 3.55539161287e-05
247.0 3.51422130394e-05
248.0 3.47364188874e-05
249.0 3.4336395027e-05
250.0 3.3942000366e-05
251.0 3.35530925962e-05
252.0 3.31695294484e-05
253.0 3.27911699347e-05
254.0 3.24178755436e-05
255.0 3.20495113579e-05
256.0 3.16859470705e-05
257.0 3.13270578781e-05
258.0 3.09727252395e-05
259.0 3.06228374879e-05
260.0 3.02772902939e-05
261.0 2.99359869776e-05
262.0 2.95988386741e-05
263.0 2.92657643572e-05
264.0 2.89366907295e-05
265.0 2.861155199e-05
266.0 2.82902894884e-05
267.0 2.79728512815e-05
268.0 2.76591916024e-05
269.0 2.73492702588e-05
270.0 2.70430519747e-05
271.0 2.67405056912e-05
272.0 2.64416038425e-05
273.0 2.61463216241e-05
274.0 2.58546362682e-05
275.0 2.55665263443e-05
276.0 2.52819710981e-05
277.0 2.50009498454e-05
278.0 2.47234414318e-05
279.0 2.44494237695e-05
280.0 2.41788734601e-05
281.0 2.3911765507e-05
282.0 2.36480731229e-05
283.0 2.33877676282e-05
284.0 2.31308184393e-05
285.0 2.28771931384e-05
286.0 2.26268576169e-05
287.0 2.2379776279e-05
288.0 2.2135912294e-05
289.0 2.18952278818e-05
290.0 2.16576846176e-05
291.0 2.14232437405e-05
292.0 2.1191866453e-05
293.0 2.09635141977e-05
294.0 2.07381489018e-05
295.0 2.05157331803e-05
296.0 2.02962304916e-05
297.0 2.00796052415e-05
298.0 1.98658228362e-05
299.0 1.9654849683e-05
