10.0 0.0949685867517 0.0961083037865
11.0 0.0880299259181 0.0890969058038
12.0 0.0820851204311 0.0830899683777
13.0 0.0769256851614 0.0778768204246
14.0 0.0723985611426 0.073302795014
15.0 0.0683895301415 0.0692524983562
16.0 0.0648111144506 0.0656375751476
17.0 0.0615972363759 0.0623913494081
18.0 0.0586956924391 0.0594612512124
19.0 0.0560546915067 0.056794738431
20.0 0.0536348218391 0.0543517412792
21.0 0.0514051196448 0.0521008234318
22.0 0.0493398692651 0.0500158994236
23.0 0.047419814758 0.0480774321983
24.0 0.0456270310802 0.0462672812537
25.0 0.0439483223797 0.0445720808873
26.0 0.042372278448 0.0429803159663
27.0 0.0408885875395 0.0414815583856
28.0 0.0394886794395 0.0400671505383
29.0 0.0381650890956 0.0387295904351
30.0 0.036911605097 0.0374625925053
31.0 0.035721789735 0.036259687354
32.0 0.0345921808024 0.0351174158708
33.0 0.0335165563266 0.034029475804
34.0 0.032490773103 0.0329917278336
35.0 0.0315147505632 0.0320041238031
36.0 0.0305812080016 0.0310593034585
37.0 0.0296872052683 0.030154324513
38.0 0.0288333369983 0.0292897830998
39.0 0.0280159161359 0.0284620156253
40.0 0.0272310795696 0.0276671476629
41.0 0.0264785802953 0.0269048818533
42.0 0.0257553502629 0.0261721545636
43.0 0.0250595725057 0.0254671457111
44.0 0.0243919235284 0.0247905379815
45.0 0.0237484291952 0.0241383520747
46.0 0.0231292312247 0.0235107433168
47.0 0.02253377228 0.0229071603971
48.0 0.0219584182992 0.0223239124241
49.0 0.0214036962753 0.0217615343766
50.0 0.0208671648434 0.0212175696649
51.0 0.0203496500581 0.0206928480236
52.0 0.0198500157397 0.0201862299713
53.0 0.0193662352147 0.019695676995
54.0 0.0188984539352 0.0192213436711
55.0 0.018445333482 0.0187618685233
56.0 0.0180081508431 0.0183185454231
57.0 0.0175842323477 0.0178886775515
58.0 0.0171734699715 0.0174721663282
59.0 0.0167754509601 0.0170685877994
60.0 0.0163906318313 0.0166784106494
61.0 0.0160175091267 0.0163001080771
62.0 0.0156548686513 0.0159324453947
63.0 0.015302709415 0.0155754167111
64.0 0.0149607239092 0.0152287084779
65.0 0.0146283507783 0.0148917521483
66.0 0.0143057169074 0.0145646716171
67.0 0.0139924761955 0.0142471151213
68.0 0.013687750594 0.0139382032139
69.0 0.0133909223024 0.013637303673
70.0 0.0131023951765 0.0133448271266
71.0 0.0128218601763 0.013060452272
72.0 0.0125487826313 0.0127836410512
73.0 0.0122830645775 0.0125142903743
74.0 0.0120244275566 0.0122521218409
75.0 0.0117724180965 0.0119966725176
76.0 0.0115269500444 0.0117478532956
77.0 0.0112878196869 0.0115054589997
78.0 0.0110546788101 0.0112691345812
79.0 0.0108275977041 0.0110389441603
80.0 0.0106065247353 0.0108148395746
81.0 0.0103908375835 0.0105961902713
82.0 0.0101802335717 0.0103826877944
83.0 0.00997482891798 0.0101744506893
84.0 0.00977449492869 0.00997134351292
85.0 0.00957929194707 0.00977342478876
86.0 0.00938888284923 0.00958035443278
87.0 0.00920274963113 0.00939160855216
88.0 0.00902104999647 0.00920734589256
89.0 0.00884369762628 0.00902747875862
90.0 0.00867054248941 0.00885184950255
91.0 0.00850139320781 0.00868026671005
92.0 0.00833639896437 0.008512879321
93.0 0.00817506976744 0.00834919261569
94.0 0.00801745374583 0.00818925359937
95.0 0.00786340145513 0.00803291075211
96.0 0.0077128225728 0.00788007179956
97.0 0.00756576286915 0.00773078276524
98.0 0.00742198450204 0.00758479913964
99.0 0.0072813992873 0.00744203465751
100.0 0.00714403953101 0.00730252192274
101.0 0.00700966468202 0.00716601608762
102.0 0.00687817965911 0.00703242023579
103.0 0.00674961247706 0.00690176321261
104.0 0.00662395584627 0.00677403702831
105.0 0.00650123350272 0.00664926645081
106.0 0.00638123404385 0.00652723956114
107.0 0.00626384009101 0.00640783595759
108.0 0.00614869212022 0.00629068542466
109.0 0.00603592714496 0.00617592863276
110.0 0.00592553482464 0.00606355302992
111.0 0.00581744567765 0.00595348841173
112.0 0.00571147523353 0.00584554669941
113.0 0.00560753275327 0.00573963825961
114.0 0.0055057812096 0.00563592670522
115.0 0.00540606657117 0.00553425601922
116.0 0.00530834684805 0.00543458107595
117.0 0.00521272496083 0.00533700776666
118.0 0.00511918829393 0.00524152211356
119.0 0.00502741867976 0.00514780342657
120.0 0.00493738238138 0.00505581687927
121.0 0.00484912524673 0.00496561095362
122.0 0.00476253842317 0.00487707419608
123.0 0.00467765329957 0.00479023708766
124.0 0.00459442807488 0.00470505636663
125.0 0.00451285751926 0.00462152930214
126.0 0.004432858782 0.00453957046731
127.0 0.0043544220262 0.00445916921055
128.0 0.0042774882475 0.00438026432008
129.0 0.00420211399617 0.00430291228297
130.0 0.00412828443298 0.00422710242633
131.0 0.00405588942621 0.00415272075561
132.0 0.0039848123063 0.0040796487297
133.0 0.00391500246843 0.00400783293396
134.0 0.00384652845592 0.0039373474108
135.0 0.00377935691327 0.00386815675237
136.0 0.00371347054239 0.00380024055603
137.0 0.00364882938264 0.00373356024295
138.0 0.00358542717777 0.00366810537637
139.0 0.00352323062091 0.00360384766788
140.0 0.00346226291702 0.00354080753697
141.0 0.00340251162306 0.0034789729408
142.0 0.00334384804284 0.00341821246855
143.0 0.00328622551622 0.00335847990318
144.0 0.00322972461753 0.00329985517889
145.0 0.0031742651771 0.00324226224817
146.0 0.00311984365779 0.00318569318395
147.0 0.00306639728918 0.00313008630356
148.0 0.00301393259219 0.00307544558574
149.0 0.0029624335528 0.00302175720166
150.0 0.00291192773261 0.0029690500315
151.0 0.00286241577157 0.0029173263368
152.0 0.00281387732335 0.00286656104977
153.0 0.00276624871103 0.00281669531563
154.0 0.00271945844421 0.00276765433656
155.0 0.00267348919913 0.00271942121832
156.0 0.00262837901463 0.00267204013193
157.0 0.00258413363515 0.00262551553465
158.0 0.0025407022137 0.0025797960234
159.0 0.0024980380686 0.0025348366779
160.0 0.00245614843831 0.00249064481882
161.0 0.00241500792441 0.00244719674807
162.0 0.00237464755625 0.00240452615609
163.0 0.00233504840134 0.00236261680195
164.0 0.00229621222613 0.00232147094633
165.0 0.00225809350543 0.00228104485392
166.0 0.00222064647316 0.00224129459895
167.0 0.00218386182932 0.00220221311694
168.0 0.00214770310746 0.00216376450221
169.0 0.00211216613689 0.00212594798883
170.0 0.00207726753112 0.00208878561784
171.0 0.00204298460877 0.00205225449943
172.0 0.00200931090387 0.00201635218062
173.0 0.00197621263233 0.00198104461725
174.0 0.00194368432695 0.00194633163388
175.0 0.00191172386824 0.0019122136239
176.0 0.00188033352256 0.00187869280231
177.0 0.00184947241161 0.00184573395116
178.0 0.0018191607261 0.00181336062637
179.0 0.00178933409624 0.00178151089377
180.0 0.00175998753373 0.00175018078955
181.0 0.00173111521081 0.00171936743996
182.0 0.00170270244924 0.00168906008471
183.0 0.00167473925294 0.00165924977367
184.0 0.00164722229865 0.00162993719373
185.0 0.00162016686101 0.00160113874666
186.0 0.0015935369975 0.00157282158846
187.0 0.00156731352481 0.00154496822732
188.0 0.00154152939325 0.00151761410266
189.0 0.0015161439437 0.00149072063487
190.0 0.00149115276667 0.00146428393383
191.0 0.00146651094261 0.00143826202219
192.0 0.00144223727596 0.0014126727316
193.0 0.00141832141222 0.00138751046381
194.0 0.00139476143567 0.00136277213467
195.0 0.00137153213208 0.00133843280771
196.0 0.00134863087012 0.00131449246288
197.0 0.00132605774467 0.00129094988894
198.0 0.00130380249733 0.00126779582673
199.0 0.00128187000704 0.00124503596767
200.0 0.00126027131032 0.00122267938575
201.0 0.00123899225241 0.00120071491772
202.0 0.00121799403366 0.00117910024197
203.0 0.00119727998423 0.00115783878041
204.0 0.00117684528618 0.00113692633029
205.0 0.00115667506459 0.00111634356195
206.0 0.00113679756034 0.00109612425658
207.0 0.00111718924319 0.00107623659822
208.0 0.00109783239461 0.00105666531489
209.0 0.00107874817475 0.00103742903894
210.0 0.00105991753746 0.00101850874188
211.0 0.00104134056512 0.000999899392702
212.0 0.00102302656784 0.000981610762017
213.0 0.00100497385719 0.000963641683274
214.0 0.000987169905343 0.000945969645641
215.0 0.00096961345542 0.000928602378463
216.0 0.000952291252398 0.000911515534548
217.0 0.000935201959534 0.000894712320411
218.0 0.00091833680086 0.000878172628321
219.0 0.000901705618163 0.000861916213367
220.0 0.00088531081756 0.00084593325625
221.0 0.00086913201425 0.000830206839555
222.0 0.000853189882245 0.000814752557874
223.0 0.00083747065888 0.000799554288562
224.0 0.000821981657785 0.000784620595674
225.0 0.00080670225868 0.000769922573376
226.0 0.000791657858144 0.000755490248766
227.0 0.00077682612686 0.000741293954692
228.0 0.000762224509097 0.000727352975621
229.0 0.000747831151071 0.000713640702885
230.0 0.000733634466599 0.000700143959726
231.0 0.000719654315863 0.000686881169574
232.0 0.000705877290578 0.000673837182491
233.0 0.000692304044034 0.000661010505299
234.0 0.000678934729713 0.00064839851749
235.0 0.000665763676168 0.000635993812684
236.0 0.000652804022102 0.000623811599508
237.0 0.000640047029026 0.000611837642867
238.0 0.000627486783765 0.000600063980999
239.0 0.000615127925328 0.00058849743664
240.0 0.000602973348807 0.000577136726467
241.0 0.000591004094301 0.000565962383426
242.0 0.00057922001403 0.000554972375856
243.0 0.000567618983392 0.000544162098556
244.0 0.000556212914255 0.000533547359466
245.0 0.000544997453323 0.000523119215274
246.0 0.000533957959906 0.000512861349635
247.0 0.00052308418216 0.000502760885641
248.0 0.000512391637211 0.000492834287548
249.0 0.00050189176375 0.000483098208953
250.0 0.000491571018754 0.00047353171224
251.0 0.000481420290061 0.000464124243907
252.0 0.000471447977055 0.000454888311206
253.0 0.000461651379879 0.000445815139525
254.0 0.000452015312553 0.000436892686596
255.0 0.000442540569276 0.00042811986127
256.0 0.000433229189404 0.00041949869578
257.0 0.00042407612568 0.000411024356645
258.0 0.000415089213043 0.000402703126086
259.0 0.000406255008891 0.000394521489413
260.0 0.000397579225803 0.000386486345179
261.0 0.000389056868601 0.000378590507933
262.0 0.000380681719598 0.000370828282334
263.0 0.000372457481503 0.000363203153663
264.0 0.000364392408113 0.000355725501533
265.0 0.00035646131596 0.000348365064077
266.0 0.000348677711551 0.00034113840116
267.0 0.000341050201085 0.000334056399127
268.0 0.000333555807011 0.000327091964998
269.0 0.000326193240548 0.000320244917409
270.0 0.000318972569379 0.000313526695371
271.0 0.000311875758563 0.000306917134977
272.0 0.000304917878989 0.000300433986898
273.0 0.000298077735612 0.000294052476422
274.0 0.000291375759473 0.000287797365754
275.0 0.000284792492692 0.00028164679338
276.0 0.000278339825011 0.000275613159405
277.0 0.000272013070645 0.000269692471602
278.0 0.000265804374925 0.000263878436808
279.0 0.000259710312369 0.000258162658972
280.0 0.000253738879784 0.00025255779109
281.0 0.000247875665554 0.000247049049318
282.0 0.000242130117316 0.000241644779955
283.0 0.000236491185332 0.000236334493161
284.0 0.000230969278442 0.000231130698996
285.0 0.000225541129516 0.000226006439537
286.0 0.000220228476474 0.000220988172814
287.0 0.000215015933153 0.000216058021799
288.0 0.000209905017834 0.000211217974274
289.0 0.00020489914706 0.000206472390744
290.0 0.000199987737082 0.000201810767993
291.0 0.000195171194488 0.000197231800784
292.0 0.000190451431803 0.000192739161812
293.0 0.000185833810811 0.000188340850171
294.0 0.00018130678173 0.000184022158904
295.0 0.00017686635993 0.000179779675645
296.0 0.000172521946111 0.000175624840242
297.0 0.000168263151646 0.000171546984933
298.0 0.000164078848137 0.000167532360414
299.0 0.000159982934953 0.000163597822316
