10.0 0.0262330355456 0.0259716837378
11.0 0.0220386363311 0.0217077688353
12.0 0.0200382532712 0.019739687009
13.0 0.018284356097 0.0180052524085
14.0 0.0167373602979 0.0164794004923
15.0 0.0153656011846 0.0151202536994
16.0 0.0141435289205 0.0139097530112
17.0 0.0130500998919 0.0128262101219
18.0 0.0120678957182 0.0118520163641
19.0 0.0111823355297 0.0109741134787
20.0 0.0103812404663 0.0101795855074
21.0 0.00965428015849 0.00946028070518
22.0 0.00899272077247 0.00880633953425
23.0 0.00838907622974 0.00820841755333
24.0 0.00783691612076 0.0076627887025
25.0 0.00733065696237 0.00716430288852
26.0 0.00686551029527 0.0067056228194
27.0 0.00643728492882 0.00628409735261
28.0 0.00604233601 0.00589676508049
29.0 0.00567745947286 0.00553762390207
30.0 0.00533981516572 0.00520781859412
31.0 0.00502690162031 0.00490388221634
32.0 0.00473650213536 0.00461882731549
33.0 0.00446663954837 0.00435664082164
34.0 0.00421554164782 0.00411211712017
35.0 0.00398161294967 0.00388527309328
36.0 0.00376343092381 0.00367269231731
37.0 0.00355972844785 0.00347611956566
38.0 0.0033693379136 0.00329196032682
39.0 0.00319122141629 0.00311912919825
40.0 0.00302442467978 0.00295902719534
41.0 0.00286809135119 0.00280749120094
42.0 0.00272144327291 0.00266602254793
43.0 0.00258376244666 0.00253312030225
44.0 0.00245441578584 0.00240829675506
45.0 0.00233279010152 0.00229123769842
46.0 0.00221836193138 0.00218082314592
47.0 0.00211062338392 0.00207670891736
48.0 0.00200912275159 0.00197805901049
49.0 0.00191344546727 0.00188606406047
50.0 0.00182320478218 0.00179881639612
51.0 0.00173805415691 0.00171612560158
52.0 0.00165765459008 0.00163788018448
53.0 0.00158171689415 0.00156375498442
54.0 0.00150996141029 0.00149391716894
55.0 0.00144212073329 0.00142762796931
56.0 0.00137796252501 0.00136476978876
57.0 0.00131727424571 0.00130481089874
58.0 0.0012598012184 0.00124826461912
59.0 0.00120544426875 0.00119413895769
60.0 0.00115395609391 0.00114285988921
61.0 0.00110520272359 0.0010939043289
62.0 0.00105904519387 0.00104756478139
63.0 0.00101534545874 0.00100335162002
64.0 0.000973982218906 0.000961342778862
65.0 0.000934850004496 0.00092103192751
66.0 0.000897858435043 0.000882690355006
67.0 0.000862904495843 0.00084606721343
68.0 0.000829898543834 0.000811134917975
69.0 0.000798789610452 0.000777895927455
70.0 0.000769526570299 0.000745834095128
71.0 0.000742054749557 0.000715303811891
72.0 0.000716315279782 0.000686210523116
73.0 0.000692294281166 0.000658260715466
74.0 0.000669958286205 0.000631410809051
75.0 0.000649260700974 0.000605817185453
76.0 0.00063019892571 0.000581187547221
77.0 0.000612726898924 0.000557682046476
78.0 0.000596814434038 0.000535119940302
79.0 0.000582423037329 0.000513398185878
80.0 0.000569497176281 0.000492577582887
81.0 0.000557982813518 0.00047261877943
82.0 0.000547789952572 0.000453443414525
83.0 0.000538820803887 0.000434936984309
84.0 0.000530970772262 0.000417196339287
85.0 0.000524082928799 0.000400150110579
86.0 0.00051801534247 0.000383792197805
87.0 0.000512576866095 0.000367996865578
88.0 0.0005075802599 0.000352816610034
89.0 0.000502819568306 0.000338182356661
90.0 0.000498050020068 0.000324119949266
91.0 0.00049307785428 0.000310559660778
92.0 0.000487676058916 0.000297529092365
93.0 0.00048163763587 0.000284945918541
94.0 0.000474769911958 0.00027282061838
95.0 0.000466918585252 0.000261132059966
96.0 0.000457920579899 0.000249868075636
97.0 0.00044769140035 0.000239020938854
98.0 0.000436147373446 0.000228584860795
99.0 0.000423263671991 0.000218541355233
100.0 0.00040903123308 0.000208850422365
101.0 0.000393483818043 0.000199513470034
102.0 0.000376727886434 0.000190529757057
103.0 0.000358857131087 0.000181863947615
104.0 0.000339996972055 0.000173492101026
105.0 0.000320318802868 0.00016541811302
106.0 0.000299981456988 0.000157618191456
107.0 0.000279184392566 0.000150114876587
108.0 0.000258118931817 0.000142868655445
109.0 0.00023696212327 0.000135874464715
110.0 0.000215896353747 0.000129103432239
111.0 0.000195104858025 0.000122577967984
112.0 0.000174743898776 0.000116298917206
113.0 0.00015494691453 0.000110222808717
114.0 0.00013582505803 0.000104344421788
115.0 0.00011751589073 9.87248287524e-05
116.0 0.000100067884114 9.32720402727e-05
117.0 8.35562122077e-05 8.8031583905e-05
118.0 6.80030285341e-05 8.29532231118e-05
119.0 5.34680105959e-05 7.8086186619e-05
120.0 3.99480095908e-05 7.33714818752e-05
121.0 2.74237834752e-05 6.88462247685e-05
122.0 1.5888673568e-05 6.44618453471e-05
123.0 5.31117477422e-06 6.02638183523e-05
124.0 -4.34218702624e-06 5.62115173028e-05
125.0 -1.30977351148e-05 5.23326115771e-05
126.0 -2.10198852055e-05 4.85291407612e-05
127.0 -2.8139251437e-05 4.49152528284e-05
128.0 -3.45177177622e-05 4.14001646413e-05
129.0 -4.02072175906e-05 3.80520087266e-05
130.0 -4.5199966429e-05 3.48405511248e-05
131.0 -4.96334076602e-05 3.16922565102e-05
132.0 -5.34914177473e-05 2.87270150415e-05
133.0 -5.68393341507e-05 2.58651730775e-05
134.0 -5.97489174033e-05 2.30848102308e-05
135.0 -6.22040915038e-05 2.04388681509e-05
136.0 -6.42851433437e-05 1.79071842733e-05
137.0 -6.60141672778e-05 1.54426344748e-05
138.0 -6.7437065343e-05 1.30834832665e-05
139.0 -6.85673778147e-05 1.08246487974e-05
140.0 -6.94394858229e-05 8.66191113972e-06
141.0 -7.0086421667e-05 6.57585015468e-06
142.0 -7.05255563976e-05 4.57576496005e-06
143.0 -7.07666004336e-05 2.67362081835e-06
144.0 -7.08512089278e-05 8.29693933952e-07
145.0 -7.07804446809e-05 -9.09826996623e-07
146.0 -7.0574972509e-05 -2.57647315135e-06
147.0 -7.025312704e-05 -4.17488702815e-06
148.0 -6.98148642814e-05 -5.69672441984e-06
149.0 -6.92797488548e-05 -7.1252035431e-06
150.0 -6.86696068021e-05 -8.50476082672e-06
151.0 -6.79913261712e-05 -9.81494205089e-06
152.0 -6.72552589878e-05 -1.10773975479e-05
153.0 -6.64555614975e-05 -1.22627569193e-05
154.0 -6.56126464919e-05 -1.3378245358e-05
155.0 -6.47374104433e-05 -1.44492247654e-05
156.0 -6.3827606064e-05 -1.54837029309e-05
157.0 -6.28971054574e-05 -1.64451331718e-05
158.0 -6.19413007067e-05 -1.73352062179e-05
159.0 -6.09725157446e-05 -1.82246565845e-05
160.0 -5.99966515452e-05 -1.90635933413e-05
161.0 -5.89997696923e-05 -1.98301400449e-05
162.0 -5.80061521493e-05 -2.05561020346e-05
163.0 -5.70107661566e-05 -2.12524005115e-05
164.0 -5.59993706882e-05 -2.19006910155e-05
165.0 -5.49926001275e-05 -2.25057032767e-05
166.0 -5.39832177893e-05 -2.30494175113e-05
167.0 -5.29763187705e-05 -2.35801601991e-05
168.0 -5.19799851928e-05 -2.40510356239e-05
169.0 -5.09681616429e-05 -2.44805470231e-05
170.0 -4.99652880993e-05 -2.48707631236e-05
171.0 -4.89665572961e-05 -2.52063046246e-05
172.0 -4.79623747304e-05 -2.55328743931e-05
173.0 -4.69677263858e-05 -2.57825279849e-05
174.0 -4.59959545803e-05 -2.60417608461e-05
175.0 -4.50198328309e-05 -2.62397251524e-05
176.0 -4.4049477103e-05 -2.64130546025e-05
177.0 -4.30959261537e-05 -2.65689973145e-05
178.0 -4.21736889572e-05 -2.67090758791e-05
179.0 -4.12250863061e-05 -2.67749776827e-05
180.0 -4.03114668341e-05 -2.68484935923e-05
181.0 -3.94166194928e-05 -2.68866711627e-05
182.0 -3.85167717795e-05 -2.69145579925e-05
183.0 -3.76682368384e-05 -2.69320711199e-05
184.0 -3.68017206339e-05 -2.6912905956e-05
185.0 -3.59582624069e-05 -2.68770244208e-05
186.0 -3.51309276808e-05 -2.68293908016e-05
187.0 -3.43157211966e-05 -2.67549702062e-05
188.0 -3.35251812932e-05 -2.66830303225e-05
189.0 -3.27353060981e-05 -2.65634329333e-05
190.0 -3.1964566479e-05 -2.64650938158e-05
191.0 -3.12050422415e-05 -2.63193180583e-05
192.0 -3.0439120113e-05 -2.61530122779e-05
193.0 -2.96989473364e-05 -2.59790076913e-05
194.0 -2.89644585962e-05 -2.57829872099e-05
195.0 -2.82548420037e-05 -2.55971206586e-05
196.0 -2.75432317826e-05 -2.53657082044e-05
197.0 -2.68257003693e-05 -2.511340982e-05
198.0 -2.61387918168e-05 -2.48689606343e-05
199.0 -2.54395726351e-05 -2.45926255388e-05
200.0 -2.47592877758e-05 -2.43131760334e-05
201.0 -2.40750577317e-05 -2.40048911992e-05
202.0 -2.34153376065e-05 -2.36992790863e-05
203.0 -2.275494863e-05 -2.33803807232e-05
204.0 -2.20979244008e-05 -2.30455000446e-05
205.0 -2.146566398e-05 -2.27109561717e-05
206.0 -2.08512998746e-05 -2.23705961741e-05
207.0 -2.02285596896e-05 -2.20316673117e-05
208.0 -1.96120198564e-05 -2.16599294159e-05
209.0 -1.90127951862e-05 -2.1290725678e-05
210.0 -1.84339974361e-05 -2.09337514088e-05
211.0 -1.78619246936e-05 -2.05767105704e-05
212.0 -1.73196775348e-05 -2.02200766935e-05
213.0 -1.67719539692e-05 -1.98656601289e-05
214.0 -1.62306112014e-05 -1.94789406012e-05
215.0 -1.56963488264e-05 -1.91019711046e-05
216.0 -1.51843014398e-05 -1.87454018774e-05
217.0 -1.46779650842e-05 -1.83734005593e-05
218.0 -1.41722260579e-05 -1.79975373296e-05
219.0 -1.36824792169e-05 -1.76194104064e-05
220.0 -1.31937571828e-05 -1.72358184212e-05
221.0 -1.27195899739e-05 -1.68462200548e-05
222.0 -1.22491494717e-05 -1.64702718372e-05
223.0 -1.17767742058e-05 -1.60741916596e-05
224.0 -1.13130609098e-05 -1.56836353119e-05
225.0 -1.08494320226e-05 -1.5281552368e-05
226.0 -1.03856796639e-05 -1.48753834354e-05
227.0 -9.93487152246e-06 -1.44669445823e-05
228.0 -9.49490403567e-06 -1.40786962564e-05
229.0 -9.04515073519e-06 -1.3663178374e-05
230.0 -8.61827459988e-06 -1.32618222802e-05
231.0 -8.17335291717e-06 -1.2851052387e-05
232.0 -7.7339363717e-06 -1.24364685072e-05
233.0 -7.29285372036e-06 -1.20024342586e-05
234.0 -6.85398356578e-06 -1.15877026397e-05
235.0 -6.41775410207e-06 -1.11683350942e-05
236.0 -5.96731848624e-06 -1.07364087676e-05
237.0 -5.51957500779e-06 -1.02962439143e-05
238.0 -5.07987908492e-06 -9.87204391607e-06
239.0 -4.63104027951e-06 -9.43715656472e-06
240.0 -4.17577024853e-06 -8.99760855315e-06
241.0 -3.72342907201e-06 -8.55113151334e-06
242.0 -3.27952784413e-06 -8.12026520104e-06
243.0 -2.82747471706e-06 -7.68326617509e-06
244.0 -2.37983711895e-06 -7.24116362044e-06
245.0 -1.94743790191e-06 -6.8191023916e-06
246.0 -1.497153372e-06 -6.3806498986e-06
247.0 -1.07331468331e-06 -5.96882151443e-06
248.0 -6.47542874526e-07 -5.55380009001e-06
249.0 -2.2760723296e-07 -5.12993755168e-06
250.0 1.92599469057e-07 -4.71112549581e-06
251.0 5.95718208038e-07 -4.30860266036e-06
252.0 9.84269892659e-07 -3.92534229092e-06
253.0 1.37333136015e-06 -3.52257050498e-06
254.0 1.74586758713e-06 -3.1429126862e-06
255.0 2.10923199532e-06 -2.759363845e-06
256.0 2.47299411003e-06 -2.37395931326e-06
257.0 2.80626343271e-06 -2.0163336413e-06
258.0 3.14341190236e-06 -1.64693161601e-06
259.0 3.46735666893e-06 -1.28740266209e-06
260.0 3.7665116569e-06 -9.42418249247e-07
261.0 4.05920958735e-06 -5.98466608041e-07
262.0 4.34013624204e-06 -2.5811285831e-07
263.0 4.59943759326e-06 6.03904063639e-08
264.0 4.8453556072e-06 3.69744045603e-07
265.0 5.07830835426e-06 6.74863369786e-07
266.0 5.28661634384e-06 9.60104141936e-07
267.0 5.48321545996e-06 1.23836564633e-06
268.0 5.66710414824e-06 1.51017262716e-06
269.0 5.82557465277e-06 1.7613970187e-06
270.0 5.96640131863e-06 1.9953487448e-06
271.0 6.10211932865e-06 2.23207364518e-06
272.0 6.21824286693e-06 2.45278228925e-06
273.0 6.32560822528e-06 2.66338686343e-06
274.0 6.41574009555e-06 2.86356734939e-06
275.0 6.49234795207e-06 3.05351652683e-06
276.0 6.56153436246e-06 3.23682450806e-06
277.0 6.61989908651e-06 3.40657480396e-06
278.0 6.67317214026e-06 3.57914533802e-06
279.0 6.71494063278e-06 3.73980638843e-06
280.0 6.74790464531e-06 3.88876858496e-06
281.0 6.77372631678e-06 4.03093417021e-06
282.0 6.79201419762e-06 4.16615050918e-06
283.0 6.80325121654e-06 4.29789554034e-06
284.0 6.80364447978e-06 4.41637292644e-06
285.0 6.79464630794e-06 4.52635014516e-06
286.0 6.77340348627e-06 4.62089750901e-06
287.0 6.73966289327e-06 4.70629776784e-06
288.0 6.69125654054e-06 4.77335417819e-06
289.0 6.62569970965e-06 4.8250840352e-06
290.0 6.53975506125e-06 4.85623238034e-06
291.0 6.42803339046e-06 4.86163073401e-06
292.0 6.28991192162e-06 4.8388992857e-06
293.0 6.11534698846e-06 4.78366196855e-06
294.0 5.90330499749e-06 4.68729381519e-06
295.0 5.63909730538e-06 4.54295173286e-06
296.0 5.3099753792e-06 4.33517384313e-06
297.0 4.89719748128e-06 4.05143936242e-06
298.0 4.35829998731e-06 3.6501198217e-06
299.0 3.54431343273e-06 3.01361028219e-06
