10.0 0.0366514023673 0.0372127290747
11.0 0.0266932239624 0.0271465201013
12.0 0.0246357884045 0.0250667040631
13.0 0.0228120156101 0.0232199718653
14.0 0.021184358622 0.0215691456275
15.0 0.019723343352 0.0200851059106
16.0 0.0184054699826 0.0187446738248
17.0 0.017211633069 0.0175290230909
18.0 0.0161260590884 0.0164226108831
19.0 0.0151355512474 0.0154124175282
20.0 0.0142289307454 0.0144873893053
21.0 0.0133967864646 0.0136381953069
22.0 0.0126309956123 0.0128567453247
23.0 0.0119245950542 0.0121360759698
24.0 0.0112715230002 0.0114700943641
25.0 0.010666532163 0.0108534990216
26.0 0.0101049930862 0.0102815897855
27.0 0.00958286316473 0.00975024180026
28.0 0.00909656116434 0.00925578533723
29.0 0.00864290297761 0.00879494300206
30.0 0.0082190865195 0.00836482067945
31.0 0.00782260237845 0.00796281897646
32.0 0.00745120530846 0.00758660641864
33.0 0.00710287785238 0.00723408362879
34.0 0.00677580952595 0.00690336403638
35.0 0.00646837511869 0.0065927523579
36.0 0.00617908284522 0.00630069098427
37.0 0.00590659503372 0.00602578282823
38.0 0.00564970394108 0.00576676872994
39.0 0.00540730004584 0.00552248958079
40.0 0.00517831311626 0.00529182716915
41.0 0.00496187341499 0.00507387735809
42.0 0.00475709827575 0.00486771930783
43.0 0.00456322336111 0.00467255765234
44.0 0.00437952048674 0.00448763502148
45.0 0.00420533909992 0.00431227521421
46.0 0.00404008556319 0.00414586323872
47.0 0.00388318445999 0.00398780458819
48.0 0.00373413364067 0.00383757951504
49.0 0.00359244561677 0.00369468346794
50.0 0.00345768350348 0.00355866652197
51.0 0.00332943980278 0.00342911119348
52.0 0.00320733155972 0.0033056230122
53.0 0.00309100545701 0.00318783967244
54.0 0.00298014251953 0.0030754364912
55.0 0.00287442660674 0.00296808976623
56.0 0.00277358463414 0.00286552198524
57.0 0.00267733647001 0.00276744805839
58.0 0.00258545325461 0.00267363700878
59.0 0.00249767668046 0.00258382559314
60.0 0.00241380957329 0.00249781692519
61.0 0.00233363339596 0.00241538859993
62.0 0.00225696455478 0.00233635605452
63.0 0.00218362416618 0.00226053918281
64.0 0.00211345059489 0.00218777638818
65.0 0.0020462748676 0.00211789407677
66.0 0.00198196485721 0.00205076051673
67.0 0.00192039021327 0.00198624327918
68.0 0.00186141057309 0.00192419791102
69.0 0.00180492504846 0.00186452225218
70.0 0.0017508051483 0.00180708111286
71.0 0.00169896089568 0.00175177936958
72.0 0.00164929082949 0.0016985078498
73.0 0.00160171504171 0.00164717834242
74.0 0.0015561440758 0.00159768928828
75.0 0.00151251710146 0.00154996760459
76.0 0.001470753132 0.00150391524139
77.0 0.00143083254833 0.00145949782054
78.0 0.00139266290822 0.00141659778636
79.0 0.00135619859177 0.00137514627974
80.0 0.00132144626981 0.00133512774447
81.0 0.00128833823572 0.00129644279862
82.0 0.00125686078485 0.00125904815141
83.0 0.00122697862782 0.0012228758545
84.0 0.00119868048445 0.00118788289288
85.0 0.00117194526776 0.00115401516314
86.0 0.00114676683892 0.00112123697207
87.0 0.00112312069254 0.00108949554582
88.0 0.00110098910676 0.00105875052737
89.0 0.00108034959389 0.0010289629954
90.0 0.00106117430573 0.00100009820772
91.0 0.00104342036903 0.000972115233782
92.0 0.00102705008419 0.000944992562894
93.0 0.00101198927181 0.000918683638258
94.0 0.00099815528985 0.000893150654965
95.0 0.000985481376854 0.000868390938522
96.0 0.000973841146415 0.000844354346058
97.0 0.000963117393219 0.000821020833428
98.0 0.000953184705364 0.000798380185268
99.0 0.000943868189544 0.000776385011944
100.0 0.000935017306062 0.000755028515663
101.0 0.000926452675557 0.000734285132774
102.0 0.000917996008175 0.000714139959245
103.0 0.000909458502919 0.00069457109795
104.0 0.000900667577507 0.000675574428732
105.0 0.000891422562202 0.000657110217603
106.0 0.000881547652353 0.000639157874508
107.0 0.000870893959929 0.000621711975202
108.0 0.000859324661306 0.000604760869076
109.0 0.000846710725719 0.000588279117792
110.0 0.000832968348468 0.000572266390057
111.0 0.000817992860824 0.00055667058653
112.0 0.000801766821872 0.000541505420045
113.0 0.000784272894037 0.00052675482712
114.0 0.000765511306267 0.000512390577466
115.0 0.000745544157092 0.00049842213554
116.0 0.000724420610678 0.000484818233517
117.0 0.000702242746496 0.000471583945916
118.0 0.000679110977753 0.000458699473876
119.0 0.000655152888397 0.000446153963259
120.0 0.000630517663688 0.000433948015448
121.0 0.000605341618333 0.000422059690682
122.0 0.000579780776889 0.000410485751272
123.0 0.000554014476382 0.000399242628287
124.0 0.000528155977677 0.000388277282055
125.0 0.000502374201513 0.000377604913959
126.0 0.000476807371943 0.000367214998602
127.0 0.000451576608301 0.00035708933545
128.0 0.000426833458127 0.000347253972694
129.0 0.000402654402008 0.000337668076951
130.0 0.000379126948425 0.000328318038841
131.0 0.000356366493193 0.000319235984639
132.0 0.000334406450781 0.000310379928362
133.0 0.00031330120332 0.000301745316638
134.0 0.00029312282489 0.000293361541167
135.0 0.000273861327217 0.000285182097952
136.0 0.000255549975549 0.000277220204181
137.0 0.000238193724024 0.000269469175323
138.0 0.000221783366921 0.000261917020927
139.0 0.000206322224582 0.000254574758425
140.0 0.00019176582063 0.000247408524694
141.0 0.000178119188046 0.000240444893642
142.0 0.000165341454905 0.000233665167566
143.0 0.00015338602452 0.000227048651098
144.0 0.000142265968674 0.000220642706187
145.0 0.000131864560433 0.000214355613676
146.0 0.000122226141695 0.000208273143746
147.0 0.000113277052918 0.000202351838535
148.0 0.000104951925771 0.000196558484287
149.0 9.7261570022e-05 0.000190942427126
150.0 9.0139481069e-05 0.000185467495824
151.0 8.35490873492e-05 0.00018013032869
152.0 7.7483292623e-05 0.000174957310089
153.0 7.18776872383e-05 0.000169911449423
154.0 6.67003120246e-05 0.000164989210765
155.0 6.19578135498e-05 0.000160227742784
156.0 5.75829332792e-05 0.000155581993848
157.0 5.35647988743e-05 0.000151066854983
158.0 4.98612716901e-05 0.000146661048513
159.0 4.64859245986e-05 0.000142402855043
160.0 4.33857420892e-05 0.000138255883387
161.0 4.05322572999e-05 0.000134208814228
162.0 3.79345554327e-05 0.000130290637396
163.0 3.55415252932e-05 0.000126462511702
164.0 3.33603161917e-05 0.00012274825469
165.0 3.13773443207e-05 0.000119147680789
166.0 2.95666609138e-05 0.000115645760311
167.0 2.79059863589e-05 0.000112230339587
168.0 2.63951505505e-05 0.000108912540359
169.0 2.50269470653e-05 0.000105694892167
170.0 2.37852001096e-05 0.000102569061821
171.0 2.26483242248e-05 9.952002667e-05
172.0 2.1620436222e-05 9.65600312173e-05
173.0 2.0696224032e-05 9.36902799525e-05
174.0 1.98725034504e-05 9.09137093205e-05
175.0 1.91243982242e-05 8.82089089735e-05
176.0 1.84555951904e-05 8.55851033059e-05
177.0 1.78673064087e-05 8.3048489416e-05
178.0 1.73374788634e-05 8.0579101487e-05
179.0 1.68803289931e-05 7.81963805473e-05
180.0 1.64706292917e-05 7.58760834543e-05
181.0 1.61255475565e-05 7.36402021102e-05
182.0 1.5827594414e-05 7.147234017e-05
183.0 1.55747683145e-05 6.93728369346e-05
184.0 1.53621186228e-05 6.73385122347e-05
185.0 1.51883745033e-05 6.53699412986e-05
186.0 1.50584772204e-05 6.34742966457e-05
187.0 1.49671133411e-05 6.1647358151e-05
188.0 1.49037463742e-05 5.98789103044e-05
189.0 1.48605739827e-05 5.81616152102e-05
190.0 1.48388686939e-05 5.64979469612e-05
191.0 1.48467382428e-05 5.4897767802e-05
192.0 1.4878925266e-05 5.33559972561e-05
193.0 1.49257812717e-05 5.18627132484e-05
194.0 1.4985485047e-05 5.0416435715e-05
195.0 1.50586331805e-05 4.90183216015e-05
196.0 1.51512939504e-05 4.76752604475e-05
197.0 1.52443274635e-05 4.63665989734e-05
198.0 1.53679495331e-05 4.51256314329e-05
199.0 1.5499059851e-05 4.39269891815e-05
200.0 1.56218659185e-05 4.27533390884e-05
201.0 1.57499133939e-05 4.16194847094e-05
202.0 1.58940607299e-05 4.05373308997e-05
203.0 1.60522025524e-05 3.95042749291e-05
204.0 1.62070947361e-05 3.85010752343e-05
205.0 1.63666097728e-05 3.75361616697e-05
206.0 1.65328929955e-05 3.66116054606e-05
207.0 1.66992717119e-05 3.57195596201e-05
208.0 1.68738021293e-05 3.48686889859e-05
209.0 1.70452568618e-05 3.40460306889e-05
210.0 1.72399100279e-05 3.32803091261e-05
211.0 1.74102212108e-05 3.25183713317e-05
212.0 1.76109256225e-05 3.18204908465e-05
213.0 1.7788671849e-05 3.11270169458e-05
214.0 1.79830416985e-05 3.04812476188e-05
215.0 1.81691450617e-05 2.98551464843e-05
216.0 1.83600852384e-05 2.92628164462e-05
217.0 1.85506950766e-05 2.86976932855e-05
218.0 1.87307613056e-05 2.81484442973e-05
219.0 1.89307262305e-05 2.7647894733e-05
220.0 1.91068681425e-05 2.71471128982e-05
221.0 1.93122043251e-05 2.67044841143e-05
222.0 1.9480687886e-05 2.62458112976e-05
223.0 1.96747496585e-05 2.58400547553e-05
224.0 1.98650012247e-05 2.5454049392e-05
225.0 2.00256592922e-05 2.50584293073e-05
226.0 2.02058606245e-05 2.47070410298e-05
227.0 2.03589069836e-05 2.43475668298e-05
228.0 2.05393111334e-05 2.40398671173e-05
229.0 2.07180287618e-05 2.37510256372e-05
230.0 2.08527474441e-05 2.34329403644e-05
231.0 2.10183093868e-05 2.31685845483e-05
232.0 2.1188332776e-05 2.29279913764e-05
233.0 2.13311591483e-05 2.26747751937e-05
234.0 2.14662719709e-05 2.24301957701e-05
235.0 2.16225415484e-05 2.22259073553e-05
236.0 2.17661503296e-05 2.20235439073e-05
237.0 2.1917537809e-05 2.18448884643e-05
238.0 2.20550875188e-05 2.16653792075e-05
239.0 2.21876300413e-05 2.1494337244e-05
240.0 2.23203023531e-05 2.13364536476e-05
241.0 2.24569582553e-05 2.11963720166e-05
242.0 2.2589872711e-05 2.106407148e-05
243.0 2.27297114279e-05 2.09515726964e-05
244.0 2.28609114126e-05 2.08404142419e-05
245.0 2.29900390706e-05 2.07378889605e-05
246.0 2.312368377e-05 2.06509106532e-05
247.0 2.32612172448e-05 2.05782339099e-05
248.0 2.33980806466e-05 2.05149002322e-05
249.0 2.35223951037e-05 2.04461410836e-05
250.0 2.36541702639e-05 2.03952271099e-05
251.0 2.37827020241e-05 2.03495090893e-05
252.0 2.39040082509e-05 2.03037854589e-05
253.0 2.40464414684e-05 2.02912858442e-05
254.0 2.41650031331e-05 2.02591887137e-05
255.0 2.42772213893e-05 2.02282266839e-05
256.0 2.44190911899e-05 2.0239254931e-05
257.0 2.45349467741e-05 2.02281078468e-05
258.0 2.46554039401e-05 2.02307490442e-05
259.0 2.47674791892e-05 2.02306537102e-05
260.0 2.48870921639e-05 2.02479549653e-05
261.0 2.49901369386e-05 2.02529093277e-05
262.0 2.50942308201e-05 2.02671213479e-05
263.0 2.51945390303e-05 2.0284277057e-05
264.0 2.52873006921e-05 2.03004891387e-05
265.0 2.53692683846e-05 2.031055052e-05
266.0 2.54613338274e-05 2.03402776548e-05
267.0 2.55403528922e-05 2.03625101837e-05
268.0 2.56072484099e-05 2.03765843584e-05
269.0 2.56848640167e-05 2.04112254637e-05
270.0 2.5734684648e-05 2.04200406387e-05
271.0 2.57888159803e-05 2.04404188406e-05
272.0 2.58286854767e-05 2.04503823389e-05
273.0 2.58701274835e-05 2.04690395519e-05
274.0 2.58992728438e-05 2.04799323804e-05
275.0 2.59184828865e-05 2.04849663019e-05
276.0 2.59296403554e-05 2.04860804934e-05
277.0 2.59320689809e-05 2.0482801396e-05
278.0 2.59290443911e-05 2.04805290077e-05
279.0 2.592124147e-05 2.04768519381e-05
280.0 2.58928265215e-05 2.04553091501e-05
281.0 2.58606129598e-05 2.04334551284e-05
282.0 2.58167537179e-05 2.04050075613e-05
283.0 2.57658958342e-05 2.0371868999e-05
284.0 2.57058479184e-05 2.03340095792e-05
285.0 2.56255351589e-05 2.02772964298e-05
286.0 2.55440228983e-05 2.0224399422e-05
287.0 2.54487852927e-05 2.01604753785e-05
288.0 2.53418064156e-05 2.00883938639e-05
289.0 2.52213175132e-05 2.00038576103e-05
290.0 2.50905101238e-05 1.99121724825e-05
291.0 2.49511621293e-05 1.98163039109e-05
292.0 2.47969224361e-05 1.97063205473e-05
293.0 2.46322786535e-05 1.95898913445e-05
294.0 2.44611201681e-05 1.94687312657e-05
295.0 2.42705207892e-05 1.93312691539e-05
296.0 2.40729451141e-05 1.91902638675e-05
297.0 2.3856032968e-05 1.90316976466e-05
298.0 2.36317272488e-05 1.88686569588e-05
299.0 2.33971394508e-05 1.86987025895e-05
