10.0 0.0422872315552 0.0425653623355
11.0 0.037849679743 0.0380321548927
12.0 0.0310303997406 0.0310726202294
13.0 0.0278702631411 0.0278843652946
14.0 0.0259507076002 0.0259767363312
15.0 0.024217746518 0.0242550092827
16.0 0.0226470243334 0.0226897832514
17.0 0.021218787652 0.0212631230832
18.0 0.0199156635521 0.0199576133979
19.0 0.0187228752649 0.0187677723161
20.0 0.0176278679563 0.0176702050631
21.0 0.0166199833044 0.0166618185206
22.0 0.0156903223897 0.0157282654742
23.0 0.0148308330376 0.0148643350308
24.0 0.014034462916 0.0140642249127
25.0 0.0132950605159 0.0133251289554
26.0 0.0126072494734 0.0126346715159
27.0 0.0119664349032 0.0119924833828
28.0 0.0113684286856 0.0113934042776
29.0 0.0108094711183 0.0108348955134
30.0 0.010286246439 0.0103120899047
31.0 0.009795796173 0.00982120356937
32.0 0.0093355632955 0.0093601499896
33.0 0.0089031769936 0.0089290411157
34.0 0.00849645670924 0.00852247501945
35.0 0.00811345578797 0.0081407494196
36.0 0.00775242160482 0.00778042470297
37.0 0.00741181925585 0.00744153991119
38.0 0.00709016210031 0.00712132552148
39.0 0.00678611639846 0.00681908977297
40.0 0.00649847301244 0.00653384178601
41.0 0.00622613329167 0.00626282178867
42.0 0.00596809375768 0.00600673367681
43.0 0.00572343144203 0.00576386255647
44.0 0.00549126904363 0.00553366080892
45.0 0.0052708339554 0.00531499054326
46.0 0.00506136556578 0.00510739062287
47.0 0.00486224328066 0.0049098170015
48.0 0.00467280693895 0.0047209740436
49.0 0.00449250975411 0.00454295614848
50.0 0.00432077717191 0.00437289738556
51.0 0.00415713743831 0.00421051761653
52.0 0.00400112681703 0.00405506647769
53.0 0.00385232101374 0.00390777646398
54.0 0.00371031702985 0.00376611872587
55.0 0.00357473864704 0.00363192535838
56.0 0.00344523475557 0.00350287312629
57.0 0.00332150168869 0.00337963049511
58.0 0.00320321423243 0.00326180192743
59.0 0.00309010907804 0.00314819132972
60.0 0.00298191302163 0.00304030279209
61.0 0.00287835871643 0.00293663984363
62.0 0.00277923335712 0.00283679882468
63.0 0.00268430932544 0.00274179580798
64.0 0.00259337011436 0.00265000755903
65.0 0.00250624338609 0.00256217355748
66.0 0.0024227160972 0.00247786989169
67.0 0.00234263871868 0.00239643908814
68.0 0.00226584909222 0.00231836025469
69.0 0.00219218619812 0.00224323890253
70.0 0.00212151214031 0.00217122225386
71.0 0.00205369663649 0.00210146476698
72.0 0.00198860359689 0.00203415504556
73.0 0.00192612762364 0.00196987968201
74.0 0.00186616519783 0.00190786241201
75.0 0.0018085866054 0.00184759070407
76.0 0.00175331278019 0.00178991745513
77.0 0.00170023400669 0.00173426348297
78.0 0.00164930459278 0.00168001994049
79.0 0.00160042159787 0.00162824830892
80.0 0.00155350367582 0.00157828277614
81.0 0.00150849802312 0.00152952092946
82.0 0.00146534207218 0.00148267962543
83.0 0.00142397829196 0.00143743202687
84.0 0.0013843762916 0.00139365437995
85.0 0.00134645835379 0.00135109998908
86.0 0.00131019424084 0.0013103171503
87.0 0.00127554978503 0.00127065739345
88.0 0.00124249474477 0.00123220324432
89.0 0.00121099284117 0.00119507759187
90.0 0.00118101576567 0.0011592442576
91.0 0.00115254020986 0.00112441649017
92.0 0.00112554229206 0.0010904738272
93.0 0.00109999074573 0.00105771034743
94.0 0.00107585494393 0.00102610624768
95.0 0.00105312082298 0.000995453505559
96.0 0.0010317465693 0.000965446645115
97.0 0.00101168399812 0.000936476903286
98.0 0.000992898122263 0.000908411294396
99.0 0.000975344479893 0.00088127917783
100.0 0.00095895275742 0.000854806683343
101.0 0.000943651115528 0.000829050216353
102.0 0.000929375409695 0.000804106429303
103.0 0.00091603547896 0.000779947980722
104.0 0.000903528903942 0.000756453130085
105.0 0.000891758077943 0.000733696248189
106.0 0.000880603822557 0.00071137789282
107.0 0.000869940965581 0.000689884917116
108.0 0.000859651542474 0.000668877186163
109.0 0.000849597553466 0.000648572695827
110.0 0.000839635964729 0.000628835188487
111.0 0.000829649794105 0.00060961116907
112.0 0.000819487010037 0.000590906676808
113.0 0.000809022839736 0.000572709713641
114.0 0.000798142827651 0.000555118440913
115.0 0.000786732652661 0.000537933103168
116.0 0.000774685108547 0.000521292198946
117.0 0.00076191263677 0.00050500431853
118.0 0.000748342237545 0.000489167264095
119.0 0.000733915411995 0.000473851198482
120.0 0.000718588574319 0.000458929741913
121.0 0.000702341765513 0.000444414876602
122.0 0.00068517839205 0.000430260760167
123.0 0.000667108283628 0.000416430055042
124.0 0.000648152184492 0.000403085321395
125.0 0.000628358360642 0.000390063107172
126.0 0.000607799974188 0.000377425515965
127.0 0.00058653383439 0.000365087262237
128.0 0.000564649798567 0.000353028909756
129.0 0.000542218277183 0.000341328380216
130.0 0.000519387223012 0.000330016763345
131.0 0.000496210206515 0.000318959697391
132.0 0.000472812043773 0.000308179325047
133.0 0.000449318064792 0.000297683651418
134.0 0.000425787490574 0.000287474789107
135.0 0.000402341471687 0.000277545472845
136.0 0.000379127626093 0.000267952068065
137.0 0.000356156286592 0.000258559100831
138.0 0.000333583154487 0.000249348656683
139.0 0.000311436827869 0.000240447238726
140.0 0.000289821924783 0.000231822061153
141.0 0.00026878098044 0.000223402678281
142.0 0.000248397217025 0.000215241983034
143.0 0.000228670353807 0.000207221798594
144.0 0.000209686683668 0.000199436006535
145.0 0.000191438063067 0.000191892457045
146.0 0.000173980036494 0.000184588622913
147.0 0.000157280218572 0.000177452306171
148.0 0.000141422066167 0.000170539783831
149.0 0.000126332735505 0.000163730295333
150.0 0.000112028738367 0.000157152007032
151.0 9.85375785506e-05 0.000150789533493
152.0 8.57992468188e-05 0.000144598718058
153.0 7.38100942901e-05 0.000138568799989
154.0 6.25698380809e-05 0.00013270538899
155.0 5.20345645916e-05 0.000126978160024
156.0 4.21826942599e-05 0.000121418053665
157.0 3.30017116172e-05 0.000116049763577
158.0 2.44595184894e-05 0.000110838331903
159.0 1.64860835552e-05 0.000105725091924
160.0 9.13088550077e-06 0.000100803877497
161.0 2.31735942032e-06 9.6014721092e-05
162.0 -3.98478279471e-06 9.13501537869e-05
163.0 -9.80473562607e-06 8.68184775885e-05
164.0 -1.51418409365e-05 8.24435362815e-05
165.0 -2.0045945775e-05 7.81893552322e-05
166.0 -2.45394197411e-05 7.40632187665e-05
167.0 -2.86583335527e-05 7.00497630936e-05
168.0 -3.24270919597e-05 6.61522061744e-05
169.0 -3.58254220413e-05 6.23949288388e-05
170.0 -3.89322679657e-05 5.87347696312e-05
171.0 -4.17309182056e-05 5.51959885379e-05
172.0 -4.42639774592e-05 5.17624539389e-05
173.0 -4.65553236603e-05 4.84184876845e-05
174.0 -4.86053449053e-05 4.51805246436e-05
175.0 -5.0414953685e-05 4.20750224336e-05
176.0 -5.20401380897e-05 3.90538526812e-05
177.0 -5.34545514297e-05 3.61444180171e-05
178.0 -5.4706424969e-05 3.33071168172e-05
179.0 -5.58014588816e-05 3.05575525161e-05
180.0 -5.6734268271e-05 2.79123833355e-05
181.0 -5.75401519563e-05 2.53364118163e-05
182.0 -5.82243997447e-05 2.2841295451e-05
183.0 -5.87808752411e-05 2.0447506183e-05
184.0 -5.92112556595e-05 1.81619400255e-05
185.0 -5.95503023385e-05 1.59365598413e-05
186.0 -5.97885258341e-05 1.37854201354e-05
187.0 -5.99419314976e-05 1.17129570021e-05
188.0 -6.00217181217e-05 9.70460418323e-06
189.0 -6.00256882429e-05 7.76949952545e-06
190.0 -5.99553736525e-05 5.92335713769e-06
191.0 -5.98229373733e-05 4.14671105565e-06
192.0 -5.96352683745e-05 2.44618602219e-06
193.0 -5.93925394074e-05 8.1913700709e-07
194.0 -5.90911091169e-05 -7.49571596882e-07
195.0 -5.87589190062e-05 -2.27488473193e-06
196.0 -5.83804870518e-05 -3.7362820381e-06
197.0 -5.79640322994e-05 -5.13091518178e-06
198.0 -5.7515196186e-05 -6.47067026058e-06
199.0 -5.70414585546e-05 -7.75581376224e-06
200.0 -5.65064438404e-05 -8.94796191793e-06
201.0 -5.59599465294e-05 -1.00847682727e-05
202.0 -5.54042324228e-05 -1.11777459719e-05
203.0 -5.48218382424e-05 -1.2233585957e-05
204.0 -5.42278011534e-05 -1.32382661826e-05
205.0 -5.36107866772e-05 -1.41992837103e-05
206.0 -5.29898109795e-05 -1.51249555821e-05
207.0 -5.2339053868e-05 -1.59880125899e-05
208.0 -5.16739781123e-05 -1.68008114264e-05
209.0 -5.09922006888e-05 -1.75617890492e-05
210.0 -5.03216858063e-05 -1.82990842431e-05
211.0 -4.96403564011e-05 -1.89686263909e-05
212.0 -4.89603704558e-05 -1.9615572468e-05
213.0 -4.82428203165e-05 -2.01954716792e-05
214.0 -4.75341936225e-05 -2.07569339305e-05
215.0 -4.68320572735e-05 -2.12802537302e-05
216.0 -4.61278460877e-05 -2.17817687648e-05
217.0 -4.54039439158e-05 -2.2237170082e-05
218.0 -4.46762345948e-05 -2.26376396558e-05
219.0 -4.39701045967e-05 -2.30500919163e-05
220.0 -4.32630900165e-05 -2.34050101902e-05
221.0 -4.25270219886e-05 -2.36993484263e-05
222.0 -4.18083540815e-05 -2.39802554469e-05
223.0 -4.11011495949e-05 -2.42437961757e-05
224.0 -4.03659735216e-05 -2.44478811999e-05
225.0 -3.96649810867e-05 -2.46549807724e-05
226.0 -3.89326109363e-05 -2.48068837114e-05
227.0 -3.82325650809e-05 -2.49651340809e-05
228.0 -3.75063063039e-05 -2.50660908719e-05
229.0 -3.68081490956e-05 -2.5164861048e-05
230.0 -3.61130815754e-05 -2.52384324424e-05
231.0 -3.53952959164e-05 -2.52658493809e-05
232.0 -3.47207501041e-05 -2.53095065164e-05
233.0 -3.4012172479e-05 -2.52800692951e-05
234.0 -3.33207711514e-05 -2.52491725062e-05
235.0 -3.26507896702e-05 -2.52171502602e-05
236.0 -3.1949851316e-05 -2.5127236696e-05
237.0 -3.13004101989e-05 -2.50712106416e-05
238.0 -3.06108951291e-05 -2.4959383338e-05
239.0 -2.99517540911e-05 -2.48433773335e-05
240.0 -2.92985714411e-05 -2.47160509978e-05
241.0 -2.86451659976e-05 -2.45789240954e-05
242.0 -2.79844962732e-05 -2.43906169624e-05
243.0 -2.7352463418e-05 -2.42229348077e-05
244.0 -2.67075704617e-05 -2.40321603142e-05
245.0 -2.60714113756e-05 -2.38110066285e-05
246.0 -2.54345966665e-05 -2.35761859039e-05
247.0 -2.4797965962e-05 -2.33337385144e-05
248.0 -2.41677685403e-05 -2.30830215529e-05
249.0 -2.35597973957e-05 -2.28317709361e-05
250.0 -2.29441059966e-05 -2.25596554371e-05
251.0 -2.23302476314e-05 -2.22808536266e-05
252.0 -2.17190778027e-05 -2.19875645719e-05
253.0 -2.11048787482e-05 -2.16765122181e-05
254.0 -2.05046208241e-05 -2.1363324045e-05
255.0 -1.9909586518e-05 -2.10482091106e-05
256.0 -1.93045648441e-05 -2.06928696706e-05
257.0 -1.87196232959e-05 -2.0359695229e-05
258.0 -1.81412251116e-05 -2.00256007182e-05
259.0 -1.75375831132e-05 -1.96477717253e-05
260.0 -1.69579270042e-05 -1.92750307765e-05
261.0 -1.63772907155e-05 -1.89040335291e-05
262.0 -1.57928722319e-05 -1.8516647466e-05
263.0 -1.52394828235e-05 -1.81601391996e-05
264.0 -1.46651324859e-05 -1.77568661867e-05
265.0 -1.4093995973e-05 -1.73477234773e-05
266.0 -1.35213529929e-05 -1.69389195316e-05
267.0 -1.29610970993e-05 -1.6522083746e-05
268.0 -1.24078374238e-05 -1.61136383249e-05
269.0 -1.18464315825e-05 -1.56830935617e-05
270.0 -1.12915839459e-05 -1.52536522761e-05
271.0 -1.07548464441e-05 -1.48225389558e-05
272.0 -1.02201217576e-05 -1.43948873013e-05
273.0 -9.67403603239e-06 -1.39597606002e-05
274.0 -9.15864156957e-06 -1.35455172971e-05
275.0 -8.62386716741e-06 -1.30934199401e-05
276.0 -8.11463001387e-06 -1.26500082362e-05
277.0 -7.59791084632e-06 -1.22120543915e-05
278.0 -7.09213886407e-06 -1.17739743916e-05
279.0 -6.59202165222e-06 -1.13370820392e-05
280.0 -6.10238651943e-06 -1.09058185183e-05
281.0 -5.62158203274e-06 -1.04591666844e-05
282.0 -5.14245658771e-06 -1.00244889856e-05
283.0 -4.6623605733e-06 -9.58088098111e-06
284.0 -4.19486848885e-06 -9.14594077759e-06
285.0 -3.73996262572e-06 -8.72433991013e-06
286.0 -3.29874426828e-06 -8.30184755487e-06
287.0 -2.84236431225e-06 -7.85465437256e-06
288.0 -2.42258322809e-06 -7.44576514594e-06
289.0 -1.99070932572e-06 -7.02190708502e-06
290.0 -1.57765951851e-06 -6.62207725956e-06
291.0 -1.17585908058e-06 -6.22451698131e-06
292.0 -7.65873522335e-07 -5.78956888806e-06
293.0 -3.79563734331e-07 -5.38727326662e-06
294.0 -7.98717779462e-09 -5.01099162987e-06
295.0 3.57419465089e-07 -4.63707891815e-06
296.0 7.19446822197e-07 -4.25650190412e-06
297.0 1.07086204069e-06 -3.87650726003e-06
298.0 1.40733995809e-06 -3.49881320289e-06
299.0 1.72304454967e-06 -3.15463549279e-06
