10.0 0.0396483023688 0.0402417963315
11.0 0.0340219833971 0.0345546885486
12.0 0.030683588974 0.0311795726688
13.0 0.0280603123827 0.0285257001155
14.0 0.0258913150876 0.0263294661037
15.0 0.0240451086567 0.0244582210338
16.0 0.022406475163 0.0227958104019
17.0 0.0209622194902 0.0213292174708
18.0 0.0196701069771 0.0200160389727
19.0 0.0185005272104 0.0188265892781
20.0 0.0174448988374 0.0177524013498
21.0 0.0164719807126 0.0167620545037
22.0 0.0155830417053 0.0158569538291
23.0 0.0147667386714 0.0150257187257
24.0 0.0140070660104 0.0142522234854
25.0 0.0133097189977 0.0135422578181
26.0 0.0126623397807 0.0128833384705
27.0 0.0120520735523 0.012262462252
28.0 0.0114939485279 0.011694806081
29.0 0.0109593127788 0.0111513762124
30.0 0.0104754608108 0.0106597355643
31.0 0.010004601006 0.0101816393004
32.0 0.00957130622159 0.00974189561912
33.0 0.00916927765398 0.00933409627786
34.0 0.00877912529635 0.00893860007577
35.0 0.00841292785251 0.0085675829004
36.0 0.008075682027 0.00822606068871
37.0 0.00775653160626 0.00790302442923
38.0 0.0074488495327 0.00759174216596
39.0 0.00714691615228 0.00728640265348
40.0 0.00687671842862 0.0070132556681
41.0 0.00662021314478 0.00675403031555
42.0 0.00637524190095 0.0065065232247
43.0 0.00614205522125 0.00627096693673
44.0 0.00591828807736 0.00604495093314
45.0 0.00570454700719 0.00582907318745
46.0 0.00549259619703 0.00561499184578
47.0 0.00529965953533 0.0054201079188
48.0 0.0051182920467 0.00523688112357
49.0 0.00494501139959 0.00506177904054
50.0 0.00477893050168 0.0048938964615
51.0 0.00462014975096 0.00473332548352
52.0 0.00446848229925 0.00457987087511
53.0 0.00432355219472 0.00443314570314
54.0 0.00418406580304 0.00429183771307
55.0 0.00405083362047 0.00415676007721
56.0 0.00392151923234 0.00402554835888
57.0 0.00379842723865 0.00390052828581
58.0 0.00367899101162 0.0037791032693
59.0 0.00356260983685 0.00366066315826
60.0 0.0034463425753 0.00354223280336
61.0 0.00334279683069 0.00343655674089
62.0 0.00324391303467 0.0033354860267
63.0 0.00314837094535 0.00323768339829
64.0 0.00305710931267 0.00314409708783
65.0 0.00296881844174 0.00305340075475
66.0 0.00288447158611 0.00296657705699
67.0 0.00280223650681 0.00288177165363
68.0 0.00272419944559 0.00280109068585
69.0 0.00264908405625 0.00272324095599
70.0 0.00257625233387 0.00264757256084
71.0 0.00250666858158 0.00257505533045
72.0 0.00243914445186 0.00250448099105
73.0 0.00237408108209 0.00243624782411
74.0 0.00231197359966 0.00237084571618
75.0 0.0022516460207 0.002307076554
76.0 0.00219405079998 0.00224588888217
77.0 0.00213860472738 0.00218667991779
78.0 0.00208475024292 0.00212886870144
79.0 0.00203337996304 0.0020733394386
80.0 0.00198398375016 0.00201955946341
81.0 0.00193606978344 0.0019670101362
82.0 0.00189040947953 0.00191645143453
83.0 0.00184618511873 0.00186703711122
84.0 0.00180377401417 0.00181912968637
85.0 0.00176345401994 0.00177299305162
86.0 0.00172483117467 0.00172821678959
87.0 0.00168780250361 0.00168468631763
88.0 0.00165212964626 0.00164215782811
89.0 0.00161825875984 0.00160108526984
90.0 0.00158586089991 0.00156114895223
91.0 0.0015548663285 0.00152229655432
92.0 0.00152511840789 0.00148440117173
93.0 0.00149676719115 0.0014476545386
94.0 0.00146958683893 0.00141187818134
95.0 0.00144345358123 0.00137701046396
96.0 0.00141828448745 0.00134303609329
97.0 0.0013940034002 0.00130995909434
98.0 0.00137045749143 0.00127771043921
99.0 0.00134755678184 0.00124629287738
100.0 0.00132488774382 0.00121538296323
101.0 0.00130286699725 0.00118549916208
102.0 0.00128112835923 0.00115636643695
103.0 0.00125870577549 0.00112709975242
104.0 0.00123665866635 0.00109885618192
105.0 0.00121400749183 0.0010707204684
106.0 0.00118934126818 0.00104133209553
107.0 0.00116811157198 0.00101625800306
108.0 0.00114663511351 0.000991813044155
109.0 0.00112487898535 0.000967990254376
110.0 0.00110282092862 0.000944779598554
111.0 0.00108042837882 0.000922142855469
112.0 0.0010577084325 0.000900071690691
113.0 0.00103467147811 0.000878547956171
114.0 0.00101134718229 0.00085755812059
115.0 0.000987770286334 0.000837086185266
116.0 0.000963978116098 0.000817110203237
117.0 0.000940042776316 0.000797638023901
118.0 0.000916010408659 0.000778642413822
119.0 0.000891932150189 0.000760102136108
120.0 0.000867873762233 0.000742008953737
121.0 0.000843907809504 0.000724358996187
122.0 0.00082007872354 0.000707124594771
123.0 0.000796463433854 0.000690314320421
124.0 0.00077309358399 0.000673890754489
125.0 0.000750048066834 0.00065787150665
126.0 0.000727354112926 0.000642227870694
127.0 0.000705055870882 0.000626952177553
128.0 0.000683191607826 0.000612036530425
129.0 0.000661790181163 0.000597469151395
130.0 0.000640889153437 0.000583253665351
131.0 0.000620505163081 0.0005693767419
132.0 0.000600639392632 0.000555815030498
133.0 0.000581305867151 0.000542562634134
134.0 0.000562531808639 0.000529631652537
135.0 0.000544303278615 0.00051699499448
136.0 0.000526629632702 0.000504657031785
137.0 0.000509501203729 0.000492601011473
138.0 0.00049291461627 0.000480819193732
139.0 0.000476870125997 0.000469313747695
140.0 0.000461354156058 0.000458075534755
141.0 0.000446360655998 0.000447099885822
142.0 0.000431876118645 0.000436376989102
143.0 0.000417875034015 0.00042588765906
144.0 0.000404367762258 0.000415652700505
145.0 0.000391319496045 0.000405642177942
146.0 0.000378736997909 0.000395871795673
147.0 0.000366594557481 0.000386324612689
148.0 0.000354870080742 0.000376987004949
149.0 0.000343560017848 0.000367865327759
150.0 0.000332653766895 0.000358957197872
151.0 0.000322131192138 0.000350252426687
152.0 0.000311990486398 0.000341758123131
153.0 0.000302204843317 0.000333455897719
154.0 0.000292755337557 0.000325334473227
155.0 0.000283637062068 0.000317398921193
156.0 0.000274843457384 0.000309650633978
157.0 0.000266362529029 0.000302085448616
158.0 0.000258165662584 0.000294680590287
159.0 0.000250264411396 0.00028745776246
160.0 0.000242632441672 0.000280396383182
161.0 0.000235256725507 0.000273489474274
162.0 0.000228139727217 0.000266746636453
163.0 0.000221269382511 0.00026016144389
164.0 0.000214621416905 0.000253715720092
165.0 0.000208217344563 0.000247438172426
166.0 0.000202022185855 0.000241296954495
167.0 0.000196037902772 0.000235299455715
168.0 0.00019025253765 0.000229438796816
169.0 0.000184656962746 0.000223710245818
170.0 0.000179253573147 0.00021812123925
171.0 0.00017402743432 0.000212659846018
172.0 0.000168978239995 0.000207330368525
173.0 0.000164097254727 0.000202126968213
174.0 0.000159376053745 0.000197046055668
175.0 0.000154806465464 0.000192080511517
176.0 0.000150386698609 0.000187233846262
177.0 0.000146114505836 0.000182505071345
178.0 0.000141987041745 0.000177895850758
179.0 0.000137992743341 0.000173396023014
180.0 0.000134121571483 0.000168997356514
181.0 0.00013037552266 0.000164705803615
182.0 0.000126747317503 0.000160514046458
183.0 0.000123235358511 0.000156424997514
184.0 0.000119833227135 0.000152432243893
185.0 0.000116537104027 0.000148534658613
186.0 0.000113350503217 0.000144737854357
187.0 0.000110258797412 0.000141027787238
188.0 0.000107262128062 0.000137406431862
189.0 0.00010435553681 0.000133870040377
190.0 0.00010154730588 0.000130429225776
191.0 9.88227185672e-05 0.000127069743477
192.0 9.61821777194e-05 0.000123793029348
193.0 9.36309318437e-05 0.000120606300753
194.0 9.11457212084e-05 0.000117485430859
195.0 8.87370822504e-05 0.000114442628234
196.0 8.64048972251e-05 0.000111479664671
197.0 8.4140011226e-05 0.000108586698444
198.0 8.19582304001e-05 0.000105782513449
199.0 7.98324566378e-05 0.000103038188609
200.0 7.7767538969e-05 0.00010035918197
201.0 7.57694009074e-05 9.77537312366e-05
202.0 7.38333474858e-05 9.52168915962e-05
203.0 7.19639157016e-05 9.27543200079e-05
204.0 7.01383347479e-05 9.03420928901e-05
205.0 6.83731668732e-05 8.79980872449e-05
206.0 6.66642006471e-05 8.57192012118e-05
207.0 6.49996055067e-05 8.34919486211e-05
208.0 6.33862295625e-05 8.13252560401e-05
209.0 6.18264433587e-05 7.92214576383e-05
210.0 6.03163823897e-05 7.71768398742e-05
211.0 5.88392131152e-05 7.51733653126e-05
212.0 5.74207016247e-05 7.32395039735e-05
213.0 5.60264747208e-05 7.13378095254e-05
214.0 5.46850622432e-05 6.94996968508e-05
215.0 5.33774920728e-05 6.77047515224e-05
216.0 5.21047016561e-05 6.59537750766e-05
217.0 5.08703108655e-05 6.42514483471e-05
218.0 4.96810084454e-05 6.26043350657e-05
219.0 4.85232488183e-05 6.09987184907e-05
220.0 4.73944215587e-05 5.94303833908e-05
221.0 4.63053551347e-05 5.79124822924e-05
222.0 4.5238352204e-05 5.64246186296e-05
223.0 4.42162659635e-05 5.49922944865e-05
224.0 4.32265161646e-05 5.3601747542e-05
225.0 4.22519281966e-05 5.22335939468e-05
226.0 4.13120780633e-05 5.09095478341e-05
227.0 4.03986664735e-05 4.96204409365e-05
228.0 3.9527746968e-05 4.83838188652e-05
229.0 3.86813216069e-05 4.71797313367e-05
230.0 3.78434862373e-05 4.59907040106e-05
231.0 3.70506549409e-05 4.48565491909e-05
232.0 3.62808792542e-05 4.37532836152e-05
233.0 3.55247724232e-05 4.26703399555e-05
234.0 3.47996160083e-05 4.16265555126e-05
235.0 3.4098015573e-05 4.06142628256e-05
236.0 3.34192136234e-05 3.96321199051e-05
237.0 3.27665163032e-05 3.86840168408e-05
238.0 3.21306840258e-05 3.77592098666e-05
239.0 3.1518173287e-05 3.6865519864e-05
240.0 3.09226026158e-05 3.59952480119e-05
241.0 3.03557664433e-05 3.51620119049e-05
242.0 2.97964728262e-05 3.4341909078e-05
243.0 2.92662560699e-05 3.3559157709e-05
244.0 2.87496668131e-05 3.27965452732e-05
245.0 2.82543043469e-05 3.20623192119e-05
246.0 2.77754712762e-05 3.13515477534e-05
247.0 2.7301802402e-05 3.06517842996e-05
248.0 2.68569419293e-05 2.99887886985e-05
249.0 2.6413975113e-05 2.93329987107e-05
250.0 2.59964970026e-05 2.87104902614e-05
251.0 2.55862888783e-05 2.8100848336e-05
252.0 2.51864708887e-05 2.75078074272e-05
253.0 2.48061298783e-05 2.69414848568e-05
254.0 2.44301843204e-05 2.63846551885e-05
255.0 2.40662506052e-05 2.58465075618e-05
256.0 2.37208151311e-05 2.53333946504e-05
257.0 2.33750880968e-05 2.48246583808e-05
258.0 2.30492913972e-05 2.43427238486e-05
259.0 2.27206083335e-05 2.38619638043e-05
260.0 2.24113125579e-05 2.34077116769e-05
261.0 2.20993705434e-05 2.29543516428e-05
262.0 2.17987937479e-05 2.25183690543e-05
263.0 2.15149023464e-05 2.210488656e-05
264.0 2.12347151683e-05 2.16999871509e-05
265.0 2.09500965757e-05 2.12940599714e-05
266.0 2.06736032949e-05 2.09014274398e-05
267.0 2.04171261254e-05 2.05349867713e-05
268.0 2.01524892553e-05 2.01633010601e-05
269.0 1.98903559953e-05 1.97985141215e-05
270.0 1.96419500982e-05 1.94532219003e-05
271.0 1.93864222236e-05 1.91039847949e-05
272.0 1.91467816037e-05 1.87752640598e-05
273.0 1.88940044588e-05 1.84367044568e-05
274.0 1.86555995822e-05 1.8118613473e-05
275.0 1.84141609821e-05 1.78000037101e-05
276.0 1.8166843231e-05 1.74792163379e-05
277.0 1.79325190472e-05 1.71770722819e-05
278.0 1.76985420856e-05 1.68792977568e-05
279.0 1.74583618446e-05 1.65782128041e-05
280.0 1.72209540606e-05 1.62840869657e-05
281.0 1.69781232264e-05 1.59882432924e-05
282.0 1.67383725612e-05 1.56996746287e-05
283.0 1.65017818659e-05 1.54188326675e-05
284.0 1.62562317779e-05 1.51327955223e-05
285.0 1.60067912673e-05 1.4845308859e-05
286.0 1.57646510059e-05 1.45711648086e-05
287.0 1.55139330762e-05 1.4291483267e-05
288.0 1.52618395317e-05 1.40147475944e-05
289.0 1.50017371126e-05 1.37332413663e-05
290.0 1.47391095647e-05 1.34531107958e-05
291.0 1.44710834819e-05 1.31719874703e-05
292.0 1.4200574376e-05 1.28920517344e-05
293.0 1.39200730205e-05 1.26060163553e-05
294.0 1.36341192622e-05 1.23186278258e-05
295.0 1.33325172637e-05 1.20191595409e-05
296.0 1.30280513022e-05 1.17212538506e-05
297.0 1.27058798802e-05 1.14097859173e-05
298.0 1.23706960642e-05 1.10891832112e-05
299.0 1.20184304277e-05 1.07568502736e-05
