    0.10000E-03    0.76971E+03
    0.10202E-03    0.78447E+03
    0.10408E-03    0.79950E+03
    0.10618E-03    0.81483E+03
    0.10833E-03    0.83044E+03
    0.11052E-03    0.84636E+03
    0.11275E-03    0.86258E+03
    0.11503E-03    0.87911E+03
    0.11735E-03    0.89595E+03
    0.11972E-03    0.91312E+03
    0.12214E-03    0.93062E+03
    0.12461E-03    0.94845E+03
    0.12712E-03    0.96662E+03
    0.12969E-03    0.98514E+03
    0.13231E-03    0.10040E+04
    0.13499E-03    0.10232E+04
    0.13771E-03    0.10428E+04
    0.14049E-03    0.10628E+04
    0.14333E-03    0.10832E+04
    0.14623E-03    0.11039E+04
    0.14918E-03    0.11251E+04
    0.15220E-03    0.11466E+04
    0.15527E-03    0.11686E+04
    0.15841E-03    0.11909E+04
    0.16161E-03    0.12137E+04
    0.16487E-03    0.12370E+04
    0.16820E-03    0.12607E+04
    0.17160E-03    0.12848E+04
    0.17507E-03    0.13094E+04
    0.17860E-03    0.13344E+04
    0.18221E-03    0.13600E+04
    0.18589E-03    0.13860E+04
    0.18965E-03    0.14125E+04
    0.19348E-03    0.14395E+04
    0.19739E-03    0.14671E+04
    0.20138E-03    0.14951E+04
    0.20544E-03    0.15237E+04
    0.20959E-03    0.15529E+04
    0.21383E-03    0.15826E+04
    0.21815E-03    0.16128E+04
    0.22255E-03    0.16436E+04
    0.22705E-03    0.16751E+04
    0.23164E-03    0.17071E+04
    0.23632E-03    0.17397E+04
    0.24109E-03    0.17729E+04
    0.24596E-03    0.18068E+04
    0.25093E-03    0.18413E+04
    0.25600E-03    0.18764E+04
    0.26117E-03    0.19123E+04
    0.26645E-03    0.19488E+04
    0.27183E-03    0.19860E+04
    0.27732E-03    0.20238E+04
    0.28292E-03    0.20625E+04
    0.28864E-03    0.21018E+04
    0.29447E-03    0.21419E+04
    0.30042E-03    0.21827E+04
    0.30649E-03    0.22243E+04
    0.31268E-03    0.22667E+04
    0.31899E-03    0.23099E+04
    0.32544E-03    0.23538E+04
    0.33201E-03    0.23987E+04
    0.33872E-03    0.24443E+04
    0.34556E-03    0.24908E+04
    0.35254E-03    0.25382E+04
    0.35966E-03    0.25865E+04
    0.36693E-03    0.26356E+04
    0.37434E-03    0.26857E+04
    0.38190E-03    0.27368E+04
    0.38962E-03    0.27887E+04
    0.39749E-03    0.28417E+04
    0.40552E-03    0.28956E+04
    0.41371E-03    0.29505E+04
    0.42207E-03    0.30064E+04
    0.43060E-03    0.30634E+04
    0.43929E-03    0.31215E+04
    0.44817E-03    0.31806E+04
    0.45722E-03    0.32408E+04
    0.46646E-03    0.33021E+04
    0.47588E-03    0.33645E+04
    0.48550E-03    0.34281E+04
    0.49530E-03    0.34928E+04
    0.50531E-03    0.35588E+04
    0.51552E-03    0.36259E+04
    0.52593E-03    0.36943E+04
    0.53656E-03    0.37639E+04
    0.54739E-03    0.38348E+04
    0.55845E-03    0.39070E+04
    0.56973E-03    0.39804E+04
    0.58124E-03    0.40553E+04
    0.59299E-03    0.41314E+04
    0.60496E-03    0.42090E+04
    0.61719E-03    0.42879E+04
    0.62965E-03    0.43683E+04
    0.64237E-03    0.44501E+04
    0.65535E-03    0.45334E+04
    0.66859E-03    0.46181E+04
    0.68210E-03    0.47044E+04
    0.69588E-03    0.47922E+04
    0.70993E-03    0.48816E+04
    0.72427E-03    0.49725E+04
    0.73891E-03    0.50651E+04
    0.75383E-03    0.51593E+04
    0.76906E-03    0.52551E+04
    0.78460E-03    0.53526E+04
    0.80045E-03    0.54519E+04
    0.81662E-03    0.55528E+04
    0.83311E-03    0.56555E+04
    0.84994E-03    0.57600E+04
    0.86711E-03    0.58664E+04
    0.88463E-03    0.59745E+04
    0.90250E-03    0.60845E+04
    0.92073E-03    0.61964E+04
    0.93933E-03    0.63102E+04
    0.95831E-03    0.64259E+04
    0.97767E-03    0.65436E+04
    0.99742E-03    0.66633E+04
    0.10176E-02    0.67850E+04
    0.10381E-02    0.69087E+04
    0.10591E-02    0.70345E+04
    0.10805E-02    0.71624E+04
    0.11023E-02    0.72925E+04
    0.11246E-02    0.74246E+04
    0.11473E-02    0.75590E+04
    0.11705E-02    0.76955E+04
    0.11941E-02    0.78342E+04
    0.12182E-02    0.79752E+04
    0.12429E-02    0.81185E+04
    0.12680E-02    0.82641E+04
    0.12936E-02    0.84119E+04
    0.13197E-02    0.85622E+04
    0.13464E-02    0.87148E+04
    0.13736E-02    0.88697E+04
    0.14013E-02    0.90272E+04
    0.14296E-02    0.91870E+04
    0.14585E-02    0.93493E+04
    0.14880E-02    0.95141E+04
    0.15180E-02    0.96814E+04
    0.15487E-02    0.98512E+04
    0.15800E-02    0.10024E+05
    0.16119E-02    0.10198E+05
    0.16445E-02    0.10376E+05
    0.16777E-02    0.10556E+05
    0.17116E-02    0.10739E+05
    0.17462E-02    0.10924E+05
    0.17814E-02    0.11112E+05
    0.18174E-02    0.11303E+05
    0.18541E-02    0.11496E+05
    0.18916E-02    0.11692E+05
    0.19298E-02    0.11891E+05
    0.19688E-02    0.12092E+05
    0.20086E-02    0.12296E+05
    0.20491E-02    0.12503E+05
    0.20905E-02    0.12712E+05
    0.21328E-02    0.12925E+05
    0.21758E-02    0.13140E+05
    0.22198E-02    0.13357E+05
    0.22646E-02    0.13578E+05
    0.23104E-02    0.13801E+05
    0.23571E-02    0.14027E+05
    0.24047E-02    0.14255E+05
    0.24533E-02    0.14487E+05
    0.25028E-02    0.14721E+05
    0.25534E-02    0.14957E+05
    0.26050E-02    0.15197E+05
    0.26576E-02    0.15439E+05
    0.27113E-02    0.15683E+05
    0.27660E-02    0.15931E+05
    0.28219E-02    0.16180E+05
    0.28789E-02    0.16433E+05
    0.29371E-02    0.16688E+05
    0.29964E-02    0.16945E+05
    0.30569E-02    0.17205E+05
    0.31187E-02    0.17467E+05
    0.31817E-02    0.17732E+05
    0.32460E-02    0.17999E+05
    0.33115E-02    0.18268E+05
    0.33784E-02    0.18540E+05
    0.34467E-02    0.18814E+05
    0.35163E-02    0.19090E+05
    0.35874E-02    0.19368E+05
    0.36598E-02    0.19648E+05
    0.37338E-02    0.19930E+05
    0.38092E-02    0.20214E+05
    0.38861E-02    0.20499E+05
    0.39646E-02    0.20787E+05
    0.40447E-02    0.21076E+05
    0.41264E-02    0.21366E+05
    0.42098E-02    0.21658E+05
    0.42948E-02    0.21951E+05
    0.43816E-02    0.22246E+05
    0.44701E-02    0.22542E+05
    0.45604E-02    0.22838E+05
    0.46525E-02    0.23136E+05
    0.47465E-02    0.23434E+05
    0.48424E-02    0.23733E+05
    0.49402E-02    0.24033E+05
    0.50400E-02    0.24333E+05
    0.51419E-02    0.24633E+05
    0.52457E-02    0.24934E+05
    0.53517E-02    0.25234E+05
    0.54598E-02    0.25534E+05
    0.55701E-02    0.25834E+05
    0.56826E-02    0.26133E+05
    0.57974E-02    0.26432E+05
    0.59145E-02    0.26730E+05
    0.60340E-02    0.27026E+05
    0.61559E-02    0.27322E+05
    0.62803E-02    0.27615E+05
    0.64072E-02    0.27908E+05
    0.65366E-02    0.28198E+05
    0.66686E-02    0.28486E+05
    0.68033E-02    0.28772E+05
    0.69408E-02    0.29055E+05
    0.70810E-02    0.29336E+05
    0.72240E-02    0.29613E+05
    0.73700E-02    0.29887E+05
    0.75189E-02    0.30158E+05
    0.76708E-02    0.30425E+05
    0.78257E-02    0.30687E+05
    0.79838E-02    0.30946E+05
    0.81451E-02    0.31200E+05
    0.83096E-02    0.31448E+05
    0.84775E-02    0.31692E+05
    0.86488E-02    0.31930E+05
    0.88235E-02    0.32162E+05
    0.90017E-02    0.32388E+05
    0.91836E-02    0.32608E+05
    0.93691E-02    0.32821E+05
    0.95583E-02    0.33026E+05
    0.97514E-02    0.33225E+05
    0.99484E-02    0.33415E+05
    0.10149E-01    0.33597E+05
    0.10354E-01    0.33771E+05
    0.10564E-01    0.33936E+05
    0.10777E-01    0.34092E+05
    0.10995E-01    0.34238E+05
    0.11217E-01    0.34374E+05
    0.11443E-01    0.34500E+05
    0.11675E-01    0.34615E+05
    0.11910E-01    0.34719E+05
    0.12151E-01    0.34812E+05
    0.12397E-01    0.34893E+05
    0.12647E-01    0.34961E+05
    0.12902E-01    0.35018E+05
    0.13163E-01    0.35061E+05
    0.13429E-01    0.35091E+05
    0.13700E-01    0.35108E+05
    0.13977E-01    0.35111E+05
    0.14259E-01    0.35099E+05
    0.14547E-01    0.35073E+05
    0.14841E-01    0.35032E+05
    0.15141E-01    0.34976E+05
    0.15447E-01    0.34904E+05
    0.15759E-01    0.34817E+05
    0.16077E-01    0.34714E+05
    0.16402E-01    0.34595E+05
    0.16734E-01    0.34459E+05
    0.17072E-01    0.34307E+05
    0.17416E-01    0.34138E+05
    0.17768E-01    0.33952E+05
    0.18127E-01    0.33749E+05
    0.18493E-01    0.33530E+05
    0.18867E-01    0.33294E+05
    0.19248E-01    0.33040E+05
    0.19637E-01    0.32771E+05
    0.20034E-01    0.32484E+05
    0.20438E-01    0.32181E+05
    0.20851E-01    0.31862E+05
    0.21272E-01    0.31527E+05
    0.21702E-01    0.31177E+05
    0.22141E-01    0.30811E+05
    0.22588E-01    0.30431E+05
    0.23044E-01    0.30036E+05
    0.23510E-01    0.29628E+05
    0.23985E-01    0.29208E+05
    0.24469E-01    0.28775E+05
    0.24964E-01    0.28330E+05
    0.25468E-01    0.27875E+05
    0.25982E-01    0.27411E+05
    0.26507E-01    0.26938E+05
    0.27043E-01    0.26457E+05
    0.27589E-01    0.25969E+05
    0.28146E-01    0.25476E+05
    0.28715E-01    0.24979E+05
    0.29295E-01    0.24479E+05
    0.29887E-01    0.23978E+05
    0.30490E-01    0.23475E+05
    0.31106E-01    0.22973E+05
    0.31735E-01    0.22474E+05
    0.32376E-01    0.21978E+05
    0.33030E-01    0.21486E+05
    0.33697E-01    0.21000E+05
    0.34378E-01    0.20522E+05
    0.35072E-01    0.20052E+05
    0.35781E-01    0.19592E+05
    0.36504E-01    0.19143E+05
    0.37241E-01    0.18707E+05
    0.37993E-01    0.18283E+05
    0.38761E-01    0.17872E+05
    0.39544E-01    0.17475E+05
    0.40343E-01    0.17092E+05
    0.41158E-01    0.16724E+05
    0.41989E-01    0.16372E+05
    0.42838E-01    0.16036E+05
    0.43703E-01    0.15719E+05
    0.44586E-01    0.15420E+05
    0.45486E-01    0.15140E+05
    0.46405E-01    0.14877E+05
    0.47343E-01    0.14630E+05
    0.48299E-01    0.14396E+05
    0.49275E-01    0.14176E+05
    0.50270E-01    0.13966E+05
    0.51286E-01    0.13765E+05
    0.52322E-01    0.13571E+05
    0.53379E-01    0.13384E+05
    0.54457E-01    0.13201E+05
    0.55557E-01    0.13021E+05
    0.56680E-01    0.12842E+05
    0.57825E-01    0.12662E+05
    0.58993E-01    0.12480E+05
    0.60184E-01    0.12293E+05
    0.61400E-01    0.12099E+05
    0.62641E-01    0.11896E+05
    0.63906E-01    0.11683E+05
    0.65197E-01    0.11456E+05
    0.66514E-01    0.11215E+05
    0.67858E-01    0.10958E+05
    0.69229E-01    0.10685E+05
    0.70627E-01    0.10395E+05
    0.72054E-01    0.10091E+05
    0.73510E-01    0.97733E+04
    0.74994E-01    0.94444E+04
    0.76509E-01    0.91075E+04
    0.78055E-01    0.87657E+04
    0.79632E-01    0.84230E+04
    0.81241E-01    0.80827E+04
    0.82882E-01    0.77486E+04
    0.84556E-01    0.74240E+04
    0.86264E-01    0.71122E+04
    0.88007E-01    0.68164E+04
    0.89785E-01    0.65394E+04
    0.91598E-01    0.62833E+04
    0.93449E-01    0.60502E+04
    0.95337E-01    0.58414E+04
    0.97263E-01    0.56574E+04
    0.99227E-01    0.54973E+04
    0.10123E+00    0.53601E+04
    0.10328E+00    0.52428E+04
    0.10536E+00    0.51420E+04
    0.10749E+00    0.50536E+04
    0.10966E+00    0.49727E+04
    0.11188E+00    0.48946E+04
    0.11414E+00    0.48144E+04
    0.11644E+00    0.47279E+04
    0.11880E+00    0.46316E+04
    0.12120E+00    0.45225E+04
    0.12365E+00    0.43991E+04
    0.12614E+00    0.42609E+04
    0.12869E+00    0.41086E+04
    0.13129E+00    0.39442E+04
    0.13394E+00    0.37708E+04
    0.13665E+00    0.35927E+04
    0.13941E+00    0.34150E+04
    0.14223E+00    0.32431E+04
    0.14510E+00    0.30823E+04
    0.14803E+00    0.29370E+04
    0.15102E+00    0.28099E+04
    0.15407E+00    0.27017E+04
    0.15718E+00    0.26118E+04
    0.16036E+00    0.25378E+04
    0.16360E+00    0.24767E+04
    0.16690E+00    0.24244E+04
    0.17028E+00    0.23763E+04
    0.17371E+00    0.23273E+04
    0.17722E+00    0.22727E+04
    0.18080E+00    0.22090E+04
    0.18446E+00    0.21349E+04
    0.18818E+00    0.20509E+04
    0.19198E+00    0.19598E+04
    0.19586E+00    0.18651E+04
    0.19982E+00    0.17713E+04
    0.20386E+00    0.16826E+04
    0.20797E+00    0.16026E+04
    0.21218E+00    0.15335E+04
    0.21646E+00    0.14756E+04
    0.22083E+00    0.14278E+04
    0.22530E+00    0.13875E+04
    0.22985E+00    0.13510E+04
    0.23449E+00    0.13142E+04
    0.23923E+00    0.12739E+04
    0.24406E+00    0.12287E+04
    0.24899E+00    0.11786E+04
    0.25402E+00    0.11255E+04
    0.25915E+00    0.10718E+04
    0.26439E+00    0.10206E+04
    0.26973E+00    0.97427E+03
    0.27518E+00    0.93401E+03
    0.28074E+00    0.89954E+03
    0.28641E+00    0.86924E+03
    0.29219E+00    0.84082E+03
    0.29810E+00    0.81216E+03
    0.30412E+00    0.78183E+03
    0.31026E+00    0.74949E+03
    0.31653E+00    0.71616E+03
    0.32292E+00    0.68357E+03
    0.32945E+00    0.65312E+03
    0.33610E+00    0.62558E+03
    0.34289E+00    0.60103E+03
    0.34982E+00    0.57854E+03
    0.35689E+00    0.55685E+03
    0.36409E+00    0.53504E+03
    0.37145E+00    0.51275E+03
    0.37895E+00    0.49041E+03
    0.38661E+00    0.46881E+03
    0.39442E+00    0.44854E+03
    0.40239E+00    0.42991E+03
    0.41052E+00    0.41255E+03
    0.41881E+00    0.39595E+03
    0.42727E+00    0.37962E+03
    0.43590E+00    0.36342E+03
    0.44471E+00    0.34763E+03
    0.45369E+00    0.33254E+03
    0.46286E+00    0.31835E+03
    0.47221E+00    0.30497E+03
    0.48174E+00    0.29217E+03
    0.49148E+00    0.27972E+03
    0.50141E+00    0.26762E+03
    0.51153E+00    0.25596E+03
    0.52187E+00    0.24486E+03
    0.53241E+00    0.23431E+03
    0.54317E+00    0.22423E+03
    0.55414E+00    0.21450E+03
    0.56533E+00    0.20513E+03
    0.57675E+00    0.19613E+03
    0.58840E+00    0.18754E+03
    0.60029E+00    0.17933E+03
    0.61242E+00    0.17147E+03
    0.62479E+00    0.16393E+03
    0.63741E+00    0.15670E+03
    0.65029E+00    0.14978E+03
    0.66342E+00    0.14314E+03
    0.67683E+00    0.13678E+03
    0.69050E+00    0.13068E+03
    0.70445E+00    0.12485E+03
    0.71868E+00    0.11926E+03
    0.73320E+00    0.11392E+03
    0.74801E+00    0.10880E+03
    0.76312E+00    0.10390E+03
    0.77854E+00    0.99222E+02
    0.79426E+00    0.94743E+02
    0.81031E+00    0.90460E+02
    0.82668E+00    0.86363E+02
    0.84338E+00    0.82445E+02
    0.86041E+00    0.78699E+02
    0.87780E+00    0.75117E+02
    0.89553E+00    0.71692E+02
    0.91362E+00    0.68417E+02
    0.93208E+00    0.65287E+02
    0.95091E+00    0.62295E+02
    0.97011E+00    0.59435E+02
    0.98971E+00    0.56702E+02
    0.10097E+01    0.54090E+02
    0.10301E+01    0.51594E+02
    0.10509E+01    0.49209E+02
    0.10721E+01    0.46931E+02
    0.10938E+01    0.44755E+02
    0.11159E+01    0.42677E+02
    0.11384E+01    0.40692E+02
    0.11614E+01    0.38796E+02
    0.11849E+01    0.36987E+02
    0.12088E+01    0.35259E+02
    0.12333E+01    0.33609E+02
    0.12582E+01    0.32034E+02
    0.12836E+01    0.30531E+02
    0.13095E+01    0.29097E+02
    0.13360E+01    0.27728E+02
    0.13630E+01    0.26421E+02
    0.13905E+01    0.25175E+02
    0.14186E+01    0.23985E+02
    0.14472E+01    0.22850E+02
    0.14765E+01    0.21768E+02
    0.15063E+01    0.20735E+02
    0.15367E+01    0.19750E+02
    0.15678E+01    0.18811E+02
    0.15994E+01    0.17915E+02
    0.16318E+01    0.17061E+02
    0.16647E+01    0.16246E+02
    0.16984E+01    0.15470E+02
    0.17327E+01    0.14729E+02
    0.17677E+01    0.14024E+02
    0.18034E+01    0.13351E+02
    0.18398E+01    0.12709E+02
    0.18770E+01    0.12098E+02
    0.19149E+01    0.11516E+02
    0.19536E+01    0.10961E+02
    0.19930E+01    0.10432E+02
    0.20333E+01    0.99277E+01
    0.20744E+01    0.94475E+01
    0.21163E+01    0.89901E+01
    0.21590E+01    0.85543E+01
    0.22026E+01    0.81391E+01
    0.22471E+01    0.77437E+01
    0.22925E+01    0.73671E+01
    0.23388E+01    0.70084E+01
    0.23861E+01    0.66669E+01
    0.24343E+01    0.63416E+01
    0.24835E+01    0.60319E+01
    0.25336E+01    0.57370E+01
    0.25848E+01    0.54562E+01
    0.26370E+01    0.51889E+01
    0.26903E+01    0.49345E+01
    0.27447E+01    0.46923E+01
    0.28001E+01    0.44617E+01
    0.28567E+01    0.42423E+01
    0.29144E+01    0.40334E+01
    0.29733E+01    0.38347E+01
    0.30333E+01    0.36455E+01
    0.30946E+01    0.34656E+01
    0.31571E+01    0.32943E+01
    0.32209E+01    0.31314E+01
    0.32860E+01    0.29764E+01
    0.33523E+01    0.28289E+01
    0.34201E+01    0.26886E+01
    0.34892E+01    0.25551E+01
    0.35596E+01    0.24282E+01
    0.36316E+01    0.23075E+01
    0.37049E+01    0.21926E+01
    0.37798E+01    0.20834E+01
    0.38561E+01    0.19796E+01
    0.39340E+01    0.18808E+01
    0.40135E+01    0.17869E+01
    0.40946E+01    0.16976E+01
    0.41773E+01    0.16127E+01
    0.42617E+01    0.15319E+01
    0.43478E+01    0.14552E+01
    0.44356E+01    0.13822E+01
    0.45252E+01    0.13129E+01
    0.46166E+01    0.12469E+01
    0.47099E+01    0.11843E+01
    0.48050E+01    0.11247E+01
    0.49021E+01    0.10681E+01
    0.50011E+01    0.10143E+01
    0.51021E+01    0.96315E+00
    0.52052E+01    0.91456E+00
    0.53104E+01    0.86839E+00
    0.54176E+01    0.82451E+00
    0.55271E+01    0.78282E+00
    0.56387E+01    0.74321E+00
    0.57526E+01    0.70558E+00
    0.58689E+01    0.66983E+00
    0.59874E+01    0.63586E+00
    0.61084E+01    0.60359E+00
    0.62318E+01    0.57295E+00
    0.63577E+01    0.54383E+00
    0.64861E+01    0.51618E+00
    0.66171E+01    0.48992E+00
    0.67508E+01    0.46497E+00
    0.68872E+01    0.44129E+00
    0.70263E+01    0.41879E+00
    0.71682E+01    0.39743E+00
    0.73130E+01    0.37714E+00
    0.74608E+01    0.35788E+00
    0.76115E+01    0.33959E+00
    0.77653E+01    0.32222E+00
    0.79221E+01    0.30573E+00
    0.80822E+01    0.29008E+00
    0.82454E+01    0.27521E+00
    0.84120E+01    0.26109E+00
    0.85819E+01    0.24769E+00
    0.87553E+01    0.23497E+00
    0.89322E+01    0.22289E+00
    0.91126E+01    0.21143E+00
    0.92967E+01    0.20055E+00
    0.94845E+01    0.19022E+00
    0.96761E+01    0.18042E+00
    0.98716E+01    0.17112E+00
    0.10071E+02    0.16230E+00
    0.10274E+02    0.15393E+00
    0.10482E+02    0.14599E+00
    0.10694E+02    0.13845E+00
