    0.10000E-03    0.76815E+03
    0.10202E-03    0.78287E+03
    0.10408E-03    0.79787E+03
    0.10618E-03    0.81317E+03
    0.10833E-03    0.82875E+03
    0.11052E-03    0.84463E+03
    0.11275E-03    0.86082E+03
    0.11503E-03    0.87732E+03
    0.11735E-03    0.89413E+03
    0.11972E-03    0.91126E+03
    0.12214E-03    0.92872E+03
    0.12461E-03    0.94652E+03
    0.12712E-03    0.96465E+03
    0.12969E-03    0.98313E+03
    0.13231E-03    0.10020E+04
    0.13499E-03    0.10212E+04
    0.13771E-03    0.10407E+04
    0.14049E-03    0.10607E+04
    0.14333E-03    0.10810E+04
    0.14623E-03    0.11017E+04
    0.14918E-03    0.11228E+04
    0.15220E-03    0.11443E+04
    0.15527E-03    0.11662E+04
    0.15841E-03    0.11885E+04
    0.16161E-03    0.12113E+04
    0.16487E-03    0.12345E+04
    0.16820E-03    0.12581E+04
    0.17160E-03    0.12822E+04
    0.17507E-03    0.13067E+04
    0.17860E-03    0.13317E+04
    0.18221E-03    0.13572E+04
    0.18589E-03    0.13832E+04
    0.18965E-03    0.14096E+04
    0.19348E-03    0.14366E+04
    0.19739E-03    0.14641E+04
    0.20138E-03    0.14921E+04
    0.20544E-03    0.15206E+04
    0.20959E-03    0.15497E+04
    0.21383E-03    0.15793E+04
    0.21815E-03    0.16095E+04
    0.22255E-03    0.16403E+04
    0.22705E-03    0.16716E+04
    0.23164E-03    0.17036E+04
    0.23632E-03    0.17361E+04
    0.24109E-03    0.17693E+04
    0.24596E-03    0.18031E+04
    0.25093E-03    0.18375E+04
    0.25600E-03    0.18726E+04
    0.26117E-03    0.19084E+04
    0.26645E-03    0.19448E+04
    0.27183E-03    0.19819E+04
    0.27732E-03    0.20197E+04
    0.28292E-03    0.20582E+04
    0.28864E-03    0.20975E+04
    0.29447E-03    0.21375E+04
    0.30042E-03    0.21782E+04
    0.30649E-03    0.22198E+04
    0.31268E-03    0.22620E+04
    0.31899E-03    0.23051E+04
    0.32544E-03    0.23490E+04
    0.33201E-03    0.23938E+04
    0.33872E-03    0.24393E+04
    0.34556E-03    0.24857E+04
    0.35254E-03    0.25330E+04
    0.35966E-03    0.25812E+04
    0.36693E-03    0.26302E+04
    0.37434E-03    0.26802E+04
    0.38190E-03    0.27311E+04
    0.38962E-03    0.27830E+04
    0.39749E-03    0.28358E+04
    0.40552E-03    0.28897E+04
    0.41371E-03    0.29445E+04
    0.42207E-03    0.30003E+04
    0.43060E-03    0.30572E+04
    0.43929E-03    0.31151E+04
    0.44817E-03    0.31740E+04
    0.45722E-03    0.32341E+04
    0.46646E-03    0.32953E+04
    0.47588E-03    0.33576E+04
    0.48550E-03    0.34211E+04
    0.49530E-03    0.34857E+04
    0.50531E-03    0.35515E+04
    0.51552E-03    0.36185E+04
    0.52593E-03    0.36867E+04
    0.53656E-03    0.37562E+04
    0.54739E-03    0.38269E+04
    0.55845E-03    0.38990E+04
    0.56973E-03    0.39723E+04
    0.58124E-03    0.40470E+04
    0.59299E-03    0.41230E+04
    0.60496E-03    0.42004E+04
    0.61719E-03    0.42791E+04
    0.62965E-03    0.43593E+04
    0.64237E-03    0.44410E+04
    0.65535E-03    0.45241E+04
    0.66859E-03    0.46087E+04
    0.68210E-03    0.46948E+04
    0.69588E-03    0.47824E+04
    0.70993E-03    0.48716E+04
    0.72427E-03    0.49624E+04
    0.73891E-03    0.50547E+04
    0.75383E-03    0.51487E+04
    0.76906E-03    0.52444E+04
    0.78460E-03    0.53417E+04
    0.80045E-03    0.54408E+04
    0.81662E-03    0.55415E+04
    0.83311E-03    0.56441E+04
    0.84994E-03    0.57484E+04
    0.86711E-03    0.58545E+04
    0.88463E-03    0.59624E+04
    0.90250E-03    0.60722E+04
    0.92073E-03    0.61839E+04
    0.93933E-03    0.62974E+04
    0.95831E-03    0.64130E+04
    0.97767E-03    0.65304E+04
    0.99742E-03    0.66499E+04
    0.10176E-02    0.67714E+04
    0.10381E-02    0.68949E+04
    0.10591E-02    0.70205E+04
    0.10805E-02    0.71481E+04
    0.11023E-02    0.72779E+04
    0.11246E-02    0.74098E+04
    0.11473E-02    0.75439E+04
    0.11705E-02    0.76802E+04
    0.11941E-02    0.78187E+04
    0.12182E-02    0.79595E+04
    0.12429E-02    0.81025E+04
    0.12680E-02    0.82478E+04
    0.12936E-02    0.83954E+04
    0.13197E-02    0.85454E+04
    0.13464E-02    0.86977E+04
    0.13736E-02    0.88524E+04
    0.14013E-02    0.90096E+04
    0.14296E-02    0.91691E+04
    0.14585E-02    0.93312E+04
    0.14880E-02    0.94957E+04
    0.15180E-02    0.96627E+04
    0.15487E-02    0.98322E+04
    0.15800E-02    0.10004E+05
    0.16119E-02    0.10179E+05
    0.16445E-02    0.10356E+05
    0.16777E-02    0.10536E+05
    0.17116E-02    0.10718E+05
    0.17462E-02    0.10903E+05
    0.17814E-02    0.11091E+05
    0.18174E-02    0.11281E+05
    0.18541E-02    0.11474E+05
    0.18916E-02    0.11670E+05
    0.19298E-02    0.11869E+05
    0.19688E-02    0.12070E+05
    0.20086E-02    0.12273E+05
    0.20491E-02    0.12480E+05
    0.20905E-02    0.12689E+05
    0.21328E-02    0.12901E+05
    0.21758E-02    0.13116E+05
    0.22198E-02    0.13333E+05
    0.22646E-02    0.13553E+05
    0.23104E-02    0.13776E+05
    0.23571E-02    0.14002E+05
    0.24047E-02    0.14230E+05
    0.24533E-02    0.14461E+05
    0.25028E-02    0.14695E+05
    0.25534E-02    0.14931E+05
    0.26050E-02    0.15170E+05
    0.26576E-02    0.15412E+05
    0.27113E-02    0.15656E+05
    0.27660E-02    0.15903E+05
    0.28219E-02    0.16153E+05
    0.28789E-02    0.16405E+05
    0.29371E-02    0.16660E+05
    0.29964E-02    0.16917E+05
    0.30569E-02    0.17177E+05
    0.31187E-02    0.17439E+05
    0.31817E-02    0.17703E+05
    0.32460E-02    0.17970E+05
    0.33115E-02    0.18239E+05
    0.33784E-02    0.18511E+05
    0.34467E-02    0.18784E+05
    0.35163E-02    0.19060E+05
    0.35874E-02    0.19338E+05
    0.36598E-02    0.19618E+05
    0.37338E-02    0.19899E+05
    0.38092E-02    0.20183E+05
    0.38861E-02    0.20468E+05
    0.39646E-02    0.20756E+05
    0.40447E-02    0.21044E+05
    0.41264E-02    0.21335E+05
    0.42098E-02    0.21626E+05
    0.42948E-02    0.21920E+05
    0.43816E-02    0.22214E+05
    0.44701E-02    0.22510E+05
    0.45604E-02    0.22806E+05
    0.46525E-02    0.23104E+05
    0.47465E-02    0.23402E+05
    0.48424E-02    0.23701E+05
    0.49402E-02    0.24000E+05
    0.50400E-02    0.24300E+05
    0.51419E-02    0.24600E+05
    0.52457E-02    0.24900E+05
    0.53517E-02    0.25200E+05
    0.54598E-02    0.25500E+05
    0.55701E-02    0.25800E+05
    0.56826E-02    0.26099E+05
    0.57974E-02    0.26397E+05
    0.59145E-02    0.26695E+05
    0.60340E-02    0.26991E+05
    0.61559E-02    0.27286E+05
    0.62803E-02    0.27580E+05
    0.64072E-02    0.27871E+05
    0.65366E-02    0.28161E+05
    0.66686E-02    0.28449E+05
    0.68033E-02    0.28735E+05
    0.69408E-02    0.29017E+05
    0.70810E-02    0.29297E+05
    0.72240E-02    0.29574E+05
    0.73700E-02    0.29848E+05
    0.75189E-02    0.30118E+05
    0.76708E-02    0.30384E+05
    0.78257E-02    0.30646E+05
    0.79838E-02    0.30903E+05
    0.81451E-02    0.31156E+05
    0.83096E-02    0.31403E+05
    0.84775E-02    0.31646E+05
    0.86488E-02    0.31883E+05
    0.88235E-02    0.32114E+05
    0.90017E-02    0.32338E+05
    0.91836E-02    0.32556E+05
    0.93691E-02    0.32767E+05
    0.95583E-02    0.32971E+05
    0.97514E-02    0.33167E+05
    0.99484E-02    0.33356E+05
    0.10149E-01    0.33536E+05
    0.10354E-01    0.33707E+05
    0.10564E-01    0.33870E+05
    0.10777E-01    0.34023E+05
    0.10995E-01    0.34166E+05
    0.11217E-01    0.34299E+05
    0.11443E-01    0.34422E+05
    0.11675E-01    0.34533E+05
    0.11910E-01    0.34634E+05
    0.12151E-01    0.34723E+05
    0.12397E-01    0.34800E+05
    0.12647E-01    0.34864E+05
    0.12902E-01    0.34916E+05
    0.13163E-01    0.34955E+05
    0.13429E-01    0.34980E+05
    0.13700E-01    0.34992E+05
    0.13977E-01    0.34990E+05
    0.14259E-01    0.34973E+05
    0.14547E-01    0.34941E+05
    0.14841E-01    0.34894E+05
    0.15141E-01    0.34832E+05
    0.15447E-01    0.34754E+05
    0.15759E-01    0.34660E+05
    0.16077E-01    0.34551E+05
    0.16402E-01    0.34424E+05
    0.16734E-01    0.34282E+05
    0.17072E-01    0.34123E+05
    0.17416E-01    0.33947E+05
    0.17768E-01    0.33754E+05
    0.18127E-01    0.33544E+05
    0.18493E-01    0.33318E+05
    0.18867E-01    0.33074E+05
    0.19248E-01    0.32814E+05
    0.19637E-01    0.32537E+05
    0.20034E-01    0.32244E+05
    0.20438E-01    0.31935E+05
    0.20851E-01    0.31609E+05
    0.21272E-01    0.31268E+05
    0.21702E-01    0.30912E+05
    0.22141E-01    0.30541E+05
    0.22588E-01    0.30155E+05
    0.23044E-01    0.29756E+05
    0.23510E-01    0.29345E+05
    0.23985E-01    0.28920E+05
    0.24469E-01    0.28485E+05
    0.24964E-01    0.28038E+05
    0.25468E-01    0.27582E+05
    0.25982E-01    0.27117E+05
    0.26507E-01    0.26645E+05
    0.27043E-01    0.26165E+05
    0.27589E-01    0.25680E+05
    0.28146E-01    0.25191E+05
    0.28715E-01    0.24698E+05
    0.29295E-01    0.24204E+05
    0.29887E-01    0.23708E+05
    0.30490E-01    0.23214E+05
    0.31106E-01    0.22721E+05
    0.31735E-01    0.22231E+05
    0.32376E-01    0.21746E+05
    0.33030E-01    0.21267E+05
    0.33697E-01    0.20794E+05
    0.34378E-01    0.20331E+05
    0.35072E-01    0.19877E+05
    0.35781E-01    0.19434E+05
    0.36504E-01    0.19002E+05
    0.37241E-01    0.18583E+05
    0.37993E-01    0.18177E+05
    0.38761E-01    0.17784E+05
    0.39544E-01    0.17405E+05
    0.40343E-01    0.17040E+05
    0.41158E-01    0.16692E+05
    0.41989E-01    0.16361E+05
    0.42838E-01    0.16047E+05
    0.43703E-01    0.15752E+05
    0.44586E-01    0.15474E+05
    0.45486E-01    0.15212E+05
    0.46405E-01    0.14965E+05
    0.47343E-01    0.14732E+05
    0.48299E-01    0.14511E+05
    0.49275E-01    0.14301E+05
    0.50270E-01    0.14100E+05
    0.51286E-01    0.13906E+05
    0.52322E-01    0.13717E+05
    0.53379E-01    0.13532E+05
    0.54457E-01    0.13350E+05
    0.55557E-01    0.13167E+05
    0.56680E-01    0.12983E+05
    0.57825E-01    0.12795E+05
    0.58993E-01    0.12601E+05
    0.60184E-01    0.12399E+05
    0.61400E-01    0.12187E+05
    0.62641E-01    0.11964E+05
    0.63906E-01    0.11727E+05
    0.65197E-01    0.11475E+05
    0.66514E-01    0.11208E+05
    0.67858E-01    0.10925E+05
    0.69229E-01    0.10626E+05
    0.70627E-01    0.10313E+05
    0.72054E-01    0.99863E+04
    0.73510E-01    0.96498E+04
    0.74994E-01    0.93059E+04
    0.76509E-01    0.89580E+04
    0.78055E-01    0.86098E+04
    0.79632E-01    0.82648E+04
    0.81241E-01    0.79269E+04
    0.82882E-01    0.75996E+04
    0.84556E-01    0.72864E+04
    0.86264E-01    0.69904E+04
    0.88007E-01    0.67144E+04
    0.89785E-01    0.64603E+04
    0.91598E-01    0.62301E+04
    0.93449E-01    0.60246E+04
    0.95337E-01    0.58434E+04
    0.97263E-01    0.56861E+04
    0.99227E-01    0.55506E+04
    0.10123E+00    0.54340E+04
    0.10328E+00    0.53330E+04
    0.10536E+00    0.52430E+04
    0.10749E+00    0.51594E+04
    0.10966E+00    0.50773E+04
    0.11188E+00    0.49917E+04
    0.11414E+00    0.48983E+04
    0.11644E+00    0.47936E+04
    0.11880E+00    0.46750E+04
    0.12120E+00    0.45415E+04
    0.12365E+00    0.43931E+04
    0.12614E+00    0.42312E+04
    0.12869E+00    0.40583E+04
    0.13129E+00    0.38778E+04
    0.13394E+00    0.36941E+04
    0.13665E+00    0.35123E+04
    0.13941E+00    0.33382E+04
    0.14223E+00    0.31770E+04
    0.14510E+00    0.30328E+04
    0.14803E+00    0.29079E+04
    0.15102E+00    0.28025E+04
    0.15407E+00    0.27149E+04
    0.15718E+00    0.26425E+04
    0.16036E+00    0.25817E+04
    0.16360E+00    0.25285E+04
    0.16690E+00    0.24780E+04
    0.17028E+00    0.24250E+04
    0.17371E+00    0.23648E+04
    0.17722E+00    0.22943E+04
    0.18080E+00    0.22129E+04
    0.18446E+00    0.21223E+04
    0.18818E+00    0.20258E+04
    0.19198E+00    0.19272E+04
    0.19586E+00    0.18308E+04
    0.19982E+00    0.17410E+04
    0.20386E+00    0.16613E+04
    0.20797E+00    0.15934E+04
    0.21218E+00    0.15369E+04
    0.21646E+00    0.14898E+04
    0.22083E+00    0.14492E+04
    0.22530E+00    0.14112E+04
    0.22985E+00    0.13717E+04
    0.23449E+00    0.13276E+04
    0.23923E+00    0.12781E+04
    0.24406E+00    0.12242E+04
    0.24899E+00    0.11680E+04
    0.25402E+00    0.11123E+04
    0.25915E+00    0.10600E+04
    0.26439E+00    0.10136E+04
    0.26973E+00    0.97365E+03
    0.27518E+00    0.93919E+03
    0.28074E+00    0.90829E+03
    0.28641E+00    0.87863E+03
    0.29219E+00    0.84798E+03
    0.29810E+00    0.81519E+03
    0.30412E+00    0.78061E+03
    0.31026E+00    0.74558E+03
    0.31653E+00    0.71182E+03
    0.32292E+00    0.68077E+03
    0.32945E+00    0.65297E+03
    0.33610E+00    0.62799E+03
    0.34289E+00    0.60479E+03
    0.34982E+00    0.58200E+03
    0.35689E+00    0.55878E+03
    0.36409E+00    0.53516E+03
    0.37145E+00    0.51173E+03
    0.37895E+00    0.48932E+03
    0.38661E+00    0.46855E+03
    0.39442E+00    0.44941E+03
    0.40239E+00    0.43146E+03
    0.41052E+00    0.41408E+03
    0.41881E+00    0.39686E+03
    0.42727E+00    0.37984E+03
    0.43590E+00    0.36333E+03
    0.44471E+00    0.34771E+03
    0.45369E+00    0.33302E+03
    0.46286E+00    0.31913E+03
    0.47221E+00    0.30574E+03
    0.48174E+00    0.29269E+03
    0.49148E+00    0.28001E+03
    0.50141E+00    0.26786E+03
    0.51153E+00    0.25631E+03
    0.52187E+00    0.24533E+03
    0.53241E+00    0.23479E+03
    0.54317E+00    0.22461E+03
    0.55414E+00    0.21481E+03
    0.56533E+00    0.20542E+03
    0.57675E+00    0.19645E+03
    0.58840E+00    0.18788E+03
    0.60029E+00    0.17967E+03
    0.61242E+00    0.17179E+03
    0.62479E+00    0.16423E+03
    0.63741E+00    0.15699E+03
    0.65029E+00    0.15004E+03
    0.66342E+00    0.14339E+03
    0.67683E+00    0.13702E+03
    0.69050E+00    0.13091E+03
    0.70445E+00    0.12507E+03
    0.71868E+00    0.11948E+03
    0.73320E+00    0.11412E+03
    0.74801E+00    0.10900E+03
    0.76312E+00    0.10410E+03
    0.77854E+00    0.99410E+02
    0.79426E+00    0.94926E+02
    0.81031E+00    0.90636E+02
    0.82668E+00    0.86534E+02
    0.84338E+00    0.82610E+02
    0.86041E+00    0.78858E+02
    0.87780E+00    0.75270E+02
    0.89553E+00    0.71839E+02
    0.91362E+00    0.68559E+02
    0.93208E+00    0.65423E+02
    0.95091E+00    0.62425E+02
    0.97011E+00    0.59559E+02
    0.98971E+00    0.56821E+02
    0.10097E+01    0.54204E+02
    0.10301E+01    0.51703E+02
    0.10509E+01    0.49314E+02
    0.10721E+01    0.47032E+02
    0.10938E+01    0.44852E+02
    0.11159E+01    0.42769E+02
    0.11384E+01    0.40781E+02
    0.11614E+01    0.38882E+02
    0.11849E+01    0.37068E+02
    0.12088E+01    0.35337E+02
    0.12333E+01    0.33684E+02
    0.12582E+01    0.32106E+02
    0.12836E+01    0.30600E+02
    0.13095E+01    0.29163E+02
    0.13360E+01    0.27791E+02
    0.13630E+01    0.26482E+02
    0.13905E+01    0.25232E+02
    0.14186E+01    0.24041E+02
    0.14472E+01    0.22903E+02
    0.14765E+01    0.21819E+02
    0.15063E+01    0.20784E+02
    0.15367E+01    0.19797E+02
    0.15678E+01    0.18855E+02
    0.15994E+01    0.17958E+02
    0.16318E+01    0.17102E+02
    0.16647E+01    0.16285E+02
    0.16984E+01    0.15507E+02
    0.17327E+01    0.14765E+02
    0.17677E+01    0.14058E+02
    0.18034E+01    0.13383E+02
    0.18398E+01    0.12741E+02
    0.18770E+01    0.12128E+02
    0.19149E+01    0.11544E+02
    0.19536E+01    0.10988E+02
    0.19930E+01    0.10458E+02
    0.20333E+01    0.99525E+01
    0.20744E+01    0.94712E+01
    0.21163E+01    0.90126E+01
    0.21590E+01    0.85758E+01
    0.22026E+01    0.81597E+01
    0.22471E+01    0.77633E+01
    0.22925E+01    0.73858E+01
    0.23388E+01    0.70263E+01
    0.23861E+01    0.66839E+01
    0.24343E+01    0.63579E+01
    0.24835E+01    0.60474E+01
    0.25336E+01    0.57518E+01
    0.25848E+01    0.54704E+01
    0.26370E+01    0.52024E+01
    0.26903E+01    0.49474E+01
    0.27447E+01    0.47046E+01
    0.28001E+01    0.44734E+01
    0.28567E+01    0.42535E+01
    0.29144E+01    0.40441E+01
    0.29733E+01    0.38449E+01
    0.30333E+01    0.36553E+01
    0.30946E+01    0.34748E+01
    0.31571E+01    0.33032E+01
    0.32209E+01    0.31398E+01
    0.32860E+01    0.29844E+01
    0.33523E+01    0.28365E+01
    0.34201E+01    0.26959E+01
    0.34892E+01    0.25621E+01
    0.35596E+01    0.24348E+01
    0.36316E+01    0.23138E+01
    0.37049E+01    0.21986E+01
    0.37798E+01    0.20891E+01
    0.38561E+01    0.19850E+01
    0.39340E+01    0.18860E+01
    0.40135E+01    0.17918E+01
    0.40946E+01    0.17023E+01
    0.41773E+01    0.16171E+01
    0.42617E+01    0.15362E+01
    0.43478E+01    0.14592E+01
    0.44356E+01    0.13861E+01
    0.45252E+01    0.13165E+01
    0.46166E+01    0.12504E+01
    0.47099E+01    0.11876E+01
    0.48050E+01    0.11279E+01
    0.49021E+01    0.10711E+01
    0.50011E+01    0.10172E+01
    0.51021E+01    0.96588E+00
    0.52052E+01    0.91716E+00
    0.53104E+01    0.87086E+00
    0.54176E+01    0.82687E+00
    0.55271E+01    0.78506E+00
    0.56387E+01    0.74534E+00
    0.57526E+01    0.70760E+00
    0.58689E+01    0.67175E+00
    0.59874E+01    0.63769E+00
    0.61084E+01    0.60534E+00
    0.62318E+01    0.57460E+00
    0.63577E+01    0.54541E+00
    0.64861E+01    0.51768E+00
    0.66171E+01    0.49135E+00
    0.67508E+01    0.46633E+00
    0.68872E+01    0.44258E+00
    0.70263E+01    0.42002E+00
    0.71682E+01    0.39860E+00
    0.73130E+01    0.37826E+00
    0.74608E+01    0.35894E+00
    0.76115E+01    0.34060E+00
    0.77653E+01    0.32318E+00
    0.79221E+01    0.30664E+00
    0.80822E+01    0.29093E+00
    0.82454E+01    0.27602E+00
    0.84120E+01    0.26186E+00
    0.85819E+01    0.24842E+00
    0.87553E+01    0.23566E+00
    0.89322E+01    0.22355E+00
    0.91126E+01    0.21205E+00
    0.92967E+01    0.20114E+00
    0.94845E+01    0.19078E+00
    0.96761E+01    0.18096E+00
    0.98716E+01    0.17163E+00
    0.10071E+02    0.16279E+00
    0.10274E+02    0.15440E+00
    0.10482E+02    0.14644E+00
